datetime,NEE,NEE_filled
2018-10-03 14:00:15,0.33643,0.33643
2018-10-03 14:00:45,0.077188,0.077188
2018-10-03 15:00:15,-0.10547,-0.10547
2018-10-03 15:00:45,-0.25201,-0.25201
2018-10-03 16:00:15,-0.20214,-0.20214
2018-10-03 16:00:45,0.15573,0.15573
2018-10-03 17:00:15,0.31278,0.31278
2018-10-03 17:00:45,0.55153,0.55153
2018-10-03 18:00:15,0.56749,0.56749
2018-10-03 18:00:45,0.6111,0.6111
2018-10-03 19:00:15,0.36006,0.36006
2018-10-03 19:00:45,0.64639,0.64639
2018-10-03 20:00:15,0.6126,0.6126
2018-10-03 20:00:45,0.41996,0.41996
2018-10-03 21:00:15,0.45589,0.45589
2018-10-03 21:00:45,0.47128,0.47128
2018-10-03 22:00:15,0.32352,0.32352
2018-10-03 22:00:45,-0.16011,-0.16011
2018-10-03 23:00:15,0.25031,0.25031
2018-10-03 23:00:45,0.15912,0.15912
2018-10-04 00:00:15,0.11604,0.11604
2018-10-04 00:00:45,0.46132,0.46132
2018-10-04 01:00:15,0.061734,0.061734
2018-10-04 01:00:45,0.005484,0.005484
2018-10-04 02:00:15,0.024112,0.024112
2018-10-04 02:00:45,0.088282,0.088282
2018-10-04 03:00:15,,0.13114115000000004
2018-10-04 03:00:45,-0.061405,-0.061405
2018-10-04 04:00:15,,0.09577197749999998
2018-10-04 04:00:45,0.086566,0.086566
2018-10-04 05:00:15,0.23135,0.23135
2018-10-04 05:00:45,0.32387,0.32387
2018-10-04 06:00:15,-0.14527,-0.14527
2018-10-04 06:00:45,-0.60188,-0.60188
2018-10-04 07:00:15,-1.522,-1.522
2018-10-04 07:00:45,-1.4668,-1.4668
2018-10-04 08:00:15,-1.7438,-1.7438
2018-10-04 08:00:45,-1.3903,-1.3903
2018-10-04 09:00:15,-1.4106,-1.4106
2018-10-04 09:00:45,-1.773,-1.773
2018-10-04 10:00:15,-0.67743,-0.67743
2018-10-04 10:00:45,-0.92332,-0.92332
2018-10-04 11:00:15,-0.9702,-0.9702
2018-10-04 11:00:45,-0.30796,-0.30796
2018-10-04 12:00:15,-0.62207,-0.62207
2018-10-04 12:00:45,0.11838,0.11838
2018-10-04 13:00:15,-0.28134,-0.28134
2018-10-04 13:00:45,-0.68692,-0.68692
2018-10-04 14:00:15,0.15878,0.15878
2018-10-04 14:00:45,-0.43685,-0.43685
2018-10-04 15:00:15,-0.31197,-0.31197
2018-10-04 15:00:45,-0.31563,-0.31563
2018-10-04 16:00:15,0.067797,0.067797
2018-10-04 16:00:45,-0.18469,-0.18469
2018-10-04 17:00:15,0.19706,0.19706
2018-10-04 17:00:45,0.2449,0.2449
2018-10-04 18:00:15,0.2804,0.2804
2018-10-04 18:00:45,0.30815,0.30815
2018-10-04 19:00:15,0.38559,0.38559
2018-10-04 19:00:45,0.34425,0.34425
2018-10-04 20:00:15,0.41061,0.41061
2018-10-04 20:00:45,0.33917,0.33917
2018-10-04 21:00:15,0.20486,0.20486
2018-10-04 21:00:45,0.25037,0.25037
2018-10-04 22:00:15,0.021555,0.021555
2018-10-04 22:00:45,0.33278,0.33278
2018-10-04 23:00:15,0.076854,0.076854
2018-10-04 23:00:45,0.26758,0.26758
2018-10-05 00:00:15,0.18212,0.18212
2018-10-05 00:00:45,-0.113,-0.113
2018-10-05 01:00:15,-0.075797,-0.075797
2018-10-05 01:00:45,-0.048942,-0.048942
2018-10-05 02:00:15,0.014353,0.014353
2018-10-05 02:00:45,,0.023173997499999988
2018-10-05 03:00:15,-0.034113,-0.034113
2018-10-05 03:00:45,,0.031645572500000003
2018-10-05 04:00:15,,0.025960465000000002
2018-10-05 04:00:45,,0.0234192125
2018-10-05 05:00:15,-0.041611,-0.041611
2018-10-05 05:00:45,-0.13544,-0.13544
2018-10-05 06:00:15,-0.19488,-0.19488
2018-10-05 06:00:45,-2.5621,-2.5621
2018-10-05 07:00:15,-1.5458,-1.5458
2018-10-05 07:00:45,-1.526,-1.526
2018-10-05 08:00:15,-1.4703,-1.4703
2018-10-05 08:00:45,,-1.2344651449999993
2018-10-05 09:00:15,,-1.0187197699999997
2018-10-05 09:00:45,,-1.01327856
2018-10-05 10:00:15,,-0.7400710274999998
2018-10-05 10:00:45,,-0.6767607749999998
2018-10-05 11:00:15,,-0.5768008349999998
2018-10-05 11:00:45,,-0.5438628149999999
2018-10-05 12:00:15,,-0.6245763474999999
2018-10-05 12:00:45,,-0.6658979200000003
2018-10-05 13:00:15,,-0.5624064825000001
2018-10-05 13:00:45,,-0.5509829625
2018-10-05 14:00:15,,-0.6134235674999998
2018-10-05 14:00:45,,-0.58657392
2018-10-05 15:00:15,,-0.6147238474999999
2018-10-05 15:00:45,,-0.48287697499999993
2018-10-05 16:00:15,,-0.398732475
2018-10-05 16:00:45,,-0.4794273625
2018-10-05 17:00:15,,-0.1494639075
2018-10-05 17:00:45,,0.07925592999999999
2018-10-05 18:00:15,,0.23747555250000002
2018-10-05 18:00:45,,0.14732888
2018-10-05 19:00:15,,0.12276137750000002
2018-10-05 19:00:45,,0.11803185499999999
2018-10-05 20:00:15,,0.11080992499999999
2018-10-05 20:00:45,,0.08238340000000001
2018-10-05 21:00:15,,0.11204350500000003
2018-10-05 21:00:45,,0.07155524500000002
2018-10-05 22:00:15,,0.10780591500000003
2018-10-05 22:00:45,,0.1285128975
2018-10-05 23:00:15,,0.07615069499999999
2018-10-05 23:00:45,,0.10917039749999997
2018-10-06 00:00:15,0.012514,0.012514
2018-10-06 00:00:45,0.14823,0.14823
2018-10-06 01:00:15,,0.08760306000000002
2018-10-06 01:00:45,0.37097,0.37097
2018-10-06 02:00:15,,0.1020212925
2018-10-06 02:00:45,,0.09064638500000002
2018-10-06 03:00:15,,0.04656413499999999
2018-10-06 03:00:45,-0.19727,-0.19727
2018-10-06 04:00:15,0.19846,0.19846
2018-10-06 04:00:45,,0.060790315
2018-10-06 05:00:15,,0.0433855375
2018-10-06 05:00:45,-0.092519,-0.092519
2018-10-06 06:00:15,-0.37882,-0.37882
2018-10-06 06:00:45,-0.5896,-0.5896
2018-10-06 07:00:15,-1.2681,-1.2681
2018-10-06 07:00:45,-1.6148,-1.6148
2018-10-06 08:00:15,-1.4899,-1.4899
2018-10-06 08:00:45,-1.1886,-1.1886
2018-10-06 09:00:15,-1.3274,-1.3274
2018-10-06 09:00:45,-1.296,-1.296
2018-10-06 10:00:15,-1.3705,-1.3705
2018-10-06 10:00:45,-0.93987,-0.93987
2018-10-06 11:00:15,-0.71993,-0.71993
2018-10-06 11:00:45,-0.51486,-0.51486
2018-10-06 12:00:15,-0.11488,-0.11488
2018-10-06 12:00:45,-0.50543,-0.50543
2018-10-06 13:00:15,-0.57971,-0.57971
2018-10-06 13:00:45,-0.51511,-0.51511
2018-10-06 14:00:15,-0.11983,-0.11983
2018-10-06 14:00:45,-0.1986,-0.1986
2018-10-06 15:00:15,0.007438,0.007438
2018-10-06 15:00:45,-0.016767,-0.016767
2018-10-06 16:00:15,-0.022185,-0.022185
2018-10-06 16:00:45,0.72243,0.72243
2018-10-06 17:00:15,0.85395,0.85395
2018-10-06 17:00:45,1.1924,1.1924
2018-10-06 18:00:15,0.68835,0.68835
2018-10-06 18:00:45,0.9333,0.9333
2018-10-06 19:00:15,0.66681,0.66681
2018-10-06 19:00:45,0.56183,0.56183
2018-10-06 20:00:15,0.55208,0.55208
2018-10-06 20:00:45,0.55036,0.55036
2018-10-06 21:00:15,0.34126,0.34126
2018-10-06 21:00:45,0.51403,0.51403
2018-10-06 22:00:15,0.37743,0.37743
2018-10-06 22:00:45,0.36466,0.36466
2018-10-06 23:00:15,0.22753,0.22753
2018-10-06 23:00:45,0.20621,0.20621
2018-10-07 00:00:15,0.17017,0.17017
2018-10-07 00:00:45,0.10484,0.10484
2018-10-07 01:00:15,0.21808,0.21808
2018-10-07 01:00:45,0.14624,0.14624
2018-10-07 02:00:15,0.38211,0.38211
2018-10-07 02:00:45,0.56292,0.56292
2018-10-07 03:00:15,0.33027,0.33027
2018-10-07 03:00:45,0.23331,0.23331
2018-10-07 04:00:15,0.35329,0.35329
2018-10-07 04:00:45,0.17779,0.17779
2018-10-07 05:00:15,0.4314,0.4314
2018-10-07 05:00:45,0.70124,0.70124
2018-10-07 06:00:15,0.49253,0.49253
2018-10-07 06:00:45,-0.50103,-0.50103
2018-10-07 07:00:15,-0.86784,-0.86784
2018-10-07 07:00:45,-0.7836,-0.7836
2018-10-07 08:00:15,-0.71746,-0.71746
2018-10-07 08:00:45,-0.33642,-0.33642
2018-10-07 09:00:15,-0.2932,-0.2932
2018-10-07 09:00:45,-0.1837,-0.1837
2018-10-07 10:00:15,-0.33887,-0.33887
2018-10-07 10:00:45,-0.38114,-0.38114
2018-10-07 11:00:15,-0.40186,-0.40186
2018-10-07 11:00:45,-0.14417,-0.14417
2018-10-07 12:00:15,-0.33302,-0.33302
2018-10-07 12:00:45,0.074429,0.074429
2018-10-07 13:00:15,-0.59462,-0.59462
2018-10-07 13:00:45,-0.25373,-0.25373
2018-10-07 14:00:15,0.57172,0.57172
2018-10-07 14:00:45,-0.39255,-0.39255
2018-10-07 15:00:15,-0.43849,-0.43849
2018-10-07 15:00:45,-2.1295,-2.1295
2018-10-07 16:00:15,-0.25012,-0.25012
2018-10-07 16:00:45,-0.40048,-0.40048
2018-10-07 17:00:15,0.18457,0.18457
2018-10-07 17:00:45,0.30304,0.30304
2018-10-07 18:00:15,0.48312,0.48312
2018-10-07 18:00:45,,0.4125267925000002
2018-10-07 19:00:15,0.18636,0.18636
2018-10-07 19:00:45,0.081256,0.081256
2018-10-07 20:00:15,,0.3319568875
2018-10-07 20:00:45,,0.5854336900000001
2018-10-07 21:00:15,,0.7353054375000001
2018-10-07 21:00:45,,0.5687893725000003
2018-10-07 22:00:15,,0.4989014275000001
2018-10-07 22:00:45,,0.7110509199999999
2018-10-07 23:00:15,,1.0179031275
2018-10-07 23:00:45,,0.9023327349999999
2018-10-08 00:00:15,,0.9499266049999999
2018-10-08 00:00:45,,0.5708815
2018-10-08 01:00:15,,0.7243368025000001
2018-10-08 01:00:45,,0.42787354750000006
2018-10-08 02:00:15,,0.4951077650000001
2018-10-08 02:00:45,,0.44565848
2018-10-08 03:00:15,,0.7759002200000001
2018-10-08 03:00:45,,0.9272972675000002
2018-10-08 04:00:15,,0.8424311025000002
2018-10-08 04:00:45,,0.8965621049999999
2018-10-08 05:00:15,,0.8331806675
2018-10-08 05:00:45,1.4418,1.4418
2018-10-08 06:00:15,,0.3598671525
2018-10-08 06:00:45,-0.061904,-0.061904
2018-10-08 07:00:15,-0.21491,-0.21491
2018-10-08 07:00:45,-0.66026,-0.66026
2018-10-08 08:00:15,-0.73378,-0.73378
2018-10-08 08:00:45,-1.0084,-1.0084
2018-10-08 09:00:15,-0.89233,-0.89233
2018-10-08 09:00:45,-1.0915,-1.0915
2018-10-08 10:00:15,-0.91765,-0.91765
2018-10-08 10:00:45,-0.80049,-0.80049
2018-10-08 11:00:15,-0.68361,-0.68361
2018-10-08 11:00:45,-1.1943,-1.1943
2018-10-08 12:00:15,-0.7922,-0.7922
2018-10-08 12:00:45,-0.45622,-0.45622
2018-10-08 13:00:15,-0.92721,-0.92721
2018-10-08 13:00:45,-1.0867,-1.0867
2018-10-08 14:00:15,-1.1091,-1.1091
2018-10-08 14:00:45,-0.93865,-0.93865
2018-10-08 15:00:15,-1.3026,-1.3026
2018-10-08 15:00:45,-1.2782,-1.2782
2018-10-08 16:00:15,-0.43433,-0.43433
2018-10-08 16:00:45,-0.20979,-0.20979
2018-10-08 17:00:15,-0.11946,-0.11946
2018-10-08 17:00:45,-0.002649,-0.002649
2018-10-08 18:00:15,0.25549,0.25549
2018-10-08 18:00:45,0.10946,0.10946
2018-10-08 19:00:15,0.15217,0.15217
2018-10-08 19:00:45,0.082662,0.082662
2018-10-08 20:00:15,-0.014608,-0.014608
2018-10-08 20:00:45,0.049541,0.049541
2018-10-08 21:00:15,0.016804,0.016804
2018-10-08 21:00:45,-0.08487,-0.08487
2018-10-08 22:00:15,,0.028189457500000008
2018-10-08 22:00:45,0.056076,0.056076
2018-10-08 23:00:15,0.17468,0.17468
2018-10-08 23:00:45,-0.021976,-0.021976
2018-10-09 00:00:15,0.046037,0.046037
2018-10-09 00:00:45,0.31286,0.31286
2018-10-09 01:00:15,-0.04023,-0.04023
2018-10-09 01:00:45,0.015606,0.015606
2018-10-09 02:00:15,,0.014871262500000005
2018-10-09 02:00:45,-0.086492,-0.086492
2018-10-09 03:00:15,-0.03151,-0.03151
2018-10-09 03:00:45,-0.073896,-0.073896
2018-10-09 04:00:15,-0.15883,-0.15883
2018-10-09 04:00:45,0.002885,0.002885
2018-10-09 05:00:15,-0.036771,-0.036771
2018-10-09 05:00:45,-0.027997,-0.027997
2018-10-09 06:00:15,-0.099827,-0.099827
2018-10-09 06:00:45,-0.52183,-0.52183
2018-10-09 07:00:15,-0.95163,-0.95163
2018-10-09 07:00:45,-1.2146,-1.2146
2018-10-09 08:00:15,-1.934,-1.934
2018-10-09 08:00:45,-1.3586,-1.3586
2018-10-09 09:00:15,-1.6823,-1.6823
2018-10-09 09:00:45,-1.2802,-1.2802
2018-10-09 10:00:15,-0.52821,-0.52821
2018-10-09 10:00:45,-2.0825,-2.0825
2018-10-09 11:00:15,,-1.1301489624999999
2018-10-09 11:00:45,,-0.9898242449999995
2018-10-09 12:00:15,-1.9467,-1.9467
2018-10-09 12:00:45,-0.90493,-0.90493
2018-10-09 13:00:15,-0.59335,-0.59335
2018-10-09 13:00:45,-0.90612,-0.90612
2018-10-09 14:00:15,-0.3854,-0.3854
2018-10-09 14:00:45,-0.60552,-0.60552
2018-10-09 15:00:15,-0.62878,-0.62878
2018-10-09 15:00:45,-0.15343,-0.15343
2018-10-09 16:00:15,-0.85465,-0.85465
2018-10-09 16:00:45,-0.85569,-0.85569
2018-10-09 17:00:15,-0.47531,-0.47531
2018-10-09 17:00:45,-0.086244,-0.086244
2018-10-09 18:00:15,0.010371,0.010371
2018-10-09 18:00:45,-0.032445,-0.032445
2018-10-09 19:00:15,-0.032634,-0.032634
2018-10-09 19:00:45,-0.034975,-0.034975
2018-10-09 20:00:15,,0.0789566975
2018-10-09 20:00:45,-0.19093,-0.19093
2018-10-09 21:00:15,-0.10073,-0.10073
2018-10-09 21:00:45,-0.081715,-0.081715
2018-10-09 22:00:15,-0.045935,-0.045935
2018-10-09 22:00:45,-0.059466,-0.059466
2018-10-09 23:00:15,,-0.0406199425
2018-10-09 23:00:45,-0.096908,-0.096908
2018-10-10 00:00:15,-0.056508,-0.056508
2018-10-10 00:00:45,-0.078564,-0.078564
2018-10-10 01:00:15,-0.00131,-0.00131
2018-10-10 01:00:45,-0.12105,-0.12105
2018-10-10 02:00:15,-0.048465,-0.048465
2018-10-10 02:00:45,-0.12515,-0.12515
2018-10-10 03:00:15,-0.075857,-0.075857
2018-10-10 03:00:45,-0.062673,-0.062673
2018-10-10 04:00:15,-0.022706,-0.022706
2018-10-10 04:00:45,-0.1155,-0.1155
2018-10-10 05:00:15,-0.081598,-0.081598
2018-10-10 05:00:45,0.017676,0.017676
2018-10-10 06:00:15,-0.10061,-0.10061
2018-10-10 06:00:45,-0.36219,-0.36219
2018-10-10 07:00:15,-1.1677,-1.1677
2018-10-10 07:00:45,-1.0337,-1.0337
2018-10-10 08:00:15,-0.95907,-0.95907
2018-10-10 08:00:45,-1.1839,-1.1839
2018-10-10 09:00:15,-1.469,-1.469
2018-10-10 09:00:45,-0.79795,-0.79795
2018-10-10 10:00:15,-0.65458,-0.65458
2018-10-10 10:00:45,-0.88713,-0.88713
2018-10-10 11:00:15,-0.70055,-0.70055
2018-10-10 11:00:45,-1.1297,-1.1297
2018-10-10 12:00:15,-0.74382,-0.74382
2018-10-10 12:00:45,-0.77052,-0.77052
2018-10-10 13:00:15,-0.87282,-0.87282
2018-10-10 13:00:45,-0.71218,-0.71218
2018-10-10 14:00:15,-0.88125,-0.88125
2018-10-10 14:00:45,-1.0441,-1.0441
2018-10-10 15:00:15,-0.96765,-0.96765
2018-10-10 15:00:45,-0.8639,-0.8639
2018-10-10 16:00:15,-1.2387,-1.2387
2018-10-10 16:00:45,-0.93284,-0.93284
2018-10-10 17:00:15,-0.36322,-0.36322
2018-10-10 17:00:45,,0.13129567000000006
2018-10-10 18:00:15,0.000795,0.000795
2018-10-10 18:00:45,,0.03931542000000002
2018-10-10 19:00:15,-0.063777,-0.063777
2018-10-10 19:00:45,0.02077,0.02077
2018-10-10 20:00:15,-0.044943,-0.044943
2018-10-10 20:00:45,-0.089575,-0.089575
2018-10-10 21:00:15,-0.048472,-0.048472
2018-10-10 21:00:45,-0.086351,-0.086351
2018-10-10 22:00:15,0.21869,0.21869
2018-10-10 22:00:45,1.1814,1.1814
2018-10-10 23:00:15,0.17135,0.17135
2018-10-10 23:00:45,0.052384,0.052384
2018-10-11 00:00:15,0.53812,0.53812
2018-10-11 00:00:45,-0.076002,-0.076002
2018-10-11 01:00:15,-0.050891,-0.050891
2018-10-11 01:00:45,-0.059397,-0.059397
2018-10-11 02:00:15,-0.11647,-0.11647
2018-10-11 02:00:45,-0.09774,-0.09774
2018-10-11 03:00:15,-0.00195,-0.00195
2018-10-11 03:00:45,0.005169,0.005169
2018-10-11 04:00:15,0.034894,0.034894
2018-10-11 04:00:45,0.080421,0.080421
2018-10-11 05:00:15,-0.016666,-0.016666
2018-10-11 05:00:45,0.052411,0.052411
2018-10-11 06:00:15,-0.16485,-0.16485
2018-10-11 06:00:45,-0.57209,-0.57209
2018-10-11 07:00:15,-0.85318,-0.85318
2018-10-11 07:00:45,-1.1894,-1.1894
2018-10-11 08:00:15,-1.5781,-1.5781
2018-10-11 08:00:45,-1.4274,-1.4274
2018-10-11 09:00:15,-0.93739,-0.93739
2018-10-11 09:00:45,-0.929,-0.929
2018-10-11 10:00:15,-0.77241,-0.77241
2018-10-11 10:00:45,-0.94078,-0.94078
2018-10-11 11:00:15,-0.63913,-0.63913
2018-10-11 11:00:45,-0.8052,-0.8052
2018-10-11 12:00:15,-0.45943,-0.45943
2018-10-11 12:00:45,0.38223,0.38223
2018-10-11 13:00:15,-0.33494,-0.33494
2018-10-11 13:00:45,0.048802,0.048802
2018-10-11 14:00:15,-0.47933,-0.47933
2018-10-11 14:00:45,-0.33729,-0.33729
2018-10-11 15:00:15,-0.29589,-0.29589
2018-10-11 15:00:45,0.042878,0.042878
2018-10-11 16:00:15,0.15716,0.15716
2018-10-11 16:00:45,0.42812,0.42812
2018-10-11 17:00:15,0.68782,0.68782
2018-10-11 17:00:45,0.55718,0.55718
2018-10-11 18:00:15,0.68519,0.68519
2018-10-11 18:00:45,0.20739,0.20739
2018-10-11 19:00:15,0.33746,0.33746
2018-10-11 19:00:45,0.40915,0.40915
2018-10-11 20:00:15,0.31477,0.31477
2018-10-11 20:00:45,0.28396,0.28396
2018-10-11 21:00:15,0.013697,0.013697
2018-10-11 21:00:45,0.13596,0.13596
2018-10-11 22:00:15,0.003613,0.003613
2018-10-11 22:00:45,0.013088,0.013088
2018-10-11 23:00:15,0.065476,0.065476
2018-10-11 23:00:45,0.08657,0.08657
2018-10-12 00:00:15,0.077715,0.077715
2018-10-12 00:00:45,0.057047,0.057047
2018-10-12 01:00:15,,0.21152243000000007
2018-10-12 01:00:45,,0.08787441
2018-10-12 02:00:15,-0.15202,-0.15202
2018-10-12 02:00:45,-0.059636,-0.059636
2018-10-12 03:00:15,-0.008446,-0.008446
2018-10-12 03:00:45,0.075395,0.075395
2018-10-12 04:00:15,-0.080432,-0.080432
2018-10-12 04:00:45,0.043232,0.043232
2018-10-12 05:00:15,0.075203,0.075203
2018-10-12 05:00:45,,0.17794585999999998
2018-10-12 06:00:15,-0.031682,-0.031682
2018-10-12 06:00:45,1.0029,1.0029
2018-10-12 07:00:15,-0.63608,-0.63608
2018-10-12 07:00:45,-0.89433,-0.89433
2018-10-12 08:00:15,-1.4916,-1.4916
2018-10-12 08:00:45,-2.8283,-2.8283
2018-10-12 09:00:15,-1.704,-1.704
2018-10-12 09:00:45,-0.95053,-0.95053
2018-10-12 10:00:15,-1.356,-1.356
2018-10-12 10:00:45,-1.8538,-1.8538
2018-10-12 11:00:15,-1.8749,-1.8749
2018-10-12 11:00:45,-1.2196,-1.2196
2018-10-12 12:00:15,-2.0774,-2.0774
2018-10-12 12:00:45,-1.519,-1.519
2018-10-12 13:00:15,-1.7069,-1.7069
2018-10-12 13:00:45,-1.0848,-1.0848
2018-10-12 14:00:15,-1.1344,-1.1344
2018-10-12 14:00:45,-1.2678,-1.2678
2018-10-12 15:00:15,-0.67413,-0.67413
2018-10-12 15:00:45,-0.60601,-0.60601
2018-10-12 16:00:15,-0.25674,-0.25674
2018-10-12 16:00:45,-0.13076,-0.13076
2018-10-12 17:00:15,0.16291,0.16291
2018-10-12 17:00:45,0.24783,0.24783
2018-10-12 18:00:15,0.31602,0.31602
2018-10-12 18:00:45,0.23924,0.23924
2018-10-12 19:00:15,0.060688,0.060688
2018-10-12 19:00:45,0.36882,0.36882
2018-10-12 20:00:15,0.39836,0.39836
2018-10-12 20:00:45,0.45583,0.45583
2018-10-12 21:00:15,0.34453,0.34453
2018-10-12 21:00:45,0.2626,0.2626
2018-10-12 22:00:15,0.25372,0.25372
2018-10-12 22:00:45,0.18733,0.18733
2018-10-12 23:00:15,0.1107,0.1107
2018-10-12 23:00:45,0.068758,0.068758
2018-10-13 00:00:15,0.023085,0.023085
2018-10-13 00:00:45,-0.017331,-0.017331
2018-10-13 01:00:15,0.01911,0.01911
2018-10-13 01:00:45,0.017888,0.017888
2018-10-13 02:00:15,0.062296,0.062296
2018-10-13 02:00:45,0.043322,0.043322
2018-10-13 03:00:15,0.024248,0.024248
2018-10-13 03:00:45,0.064706,0.064706
2018-10-13 04:00:15,0.046659,0.046659
2018-10-13 04:00:45,0.17549,0.17549
2018-10-13 05:00:15,0.17746,0.17746
2018-10-13 05:00:45,0.16381,0.16381
2018-10-13 06:00:15,0.35189,0.35189
2018-10-13 06:00:45,-0.48169,-0.48169
2018-10-13 07:00:15,-1.1212,-1.1212
2018-10-13 07:00:45,-1.501,-1.501
2018-10-13 08:00:15,-1.1779,-1.1779
2018-10-13 08:00:45,-1.1144,-1.1144
2018-10-13 09:00:15,-1.4677,-1.4677
2018-10-13 09:00:45,-1.3106,-1.3106
2018-10-13 10:00:15,-1.5865,-1.5865
2018-10-13 10:00:45,-1.2541,-1.2541
2018-10-13 11:00:15,-1.2292,-1.2292
2018-10-13 11:00:45,-0.81578,-0.81578
2018-10-13 12:00:15,-0.62349,-0.62349
2018-10-13 12:00:45,-1.1561,-1.1561
2018-10-13 13:00:15,-0.97177,-0.97177
2018-10-13 13:00:45,-0.98608,-0.98608
2018-10-13 14:00:15,-0.72448,-0.72448
2018-10-13 14:00:45,-0.61976,-0.61976
2018-10-13 15:00:15,-0.61814,-0.61814
2018-10-13 15:00:45,-0.31499,-0.31499
2018-10-13 16:00:15,0.032524,0.032524
2018-10-13 16:00:45,0.46532,0.46532
2018-10-13 17:00:15,0.001879,0.001879
2018-10-13 17:00:45,0.30827,0.30827
2018-10-13 18:00:15,0.12677,0.12677
2018-10-13 18:00:45,0.096401,0.096401
2018-10-13 19:00:15,-0.012098,-0.012098
2018-10-13 19:00:45,-0.14603,-0.14603
2018-10-13 20:00:15,1.2315,1.2315
2018-10-13 20:00:45,0.16941,0.16941
2018-10-13 21:00:15,0.60173,0.60173
2018-10-13 21:00:45,0.23003,0.23003
2018-10-13 22:00:15,0.12808,0.12808
2018-10-13 22:00:45,0.28084,0.28084
2018-10-13 23:00:15,0.099175,0.099175
2018-10-13 23:00:45,,0.5475468524999999
2018-10-14 00:00:15,1.9949,1.9949
2018-10-14 00:00:45,0.76396,0.76396
2018-10-14 01:00:15,0.008954,0.008954
2018-10-14 01:00:45,0.02153,0.02153
2018-10-14 02:00:15,-0.026621,-0.026621
2018-10-14 02:00:45,0.025747,0.025747
2018-10-14 03:00:15,0.052633,0.052633
2018-10-14 03:00:45,0.052204,0.052204
2018-10-14 04:00:15,,0.3628954474999999
2018-10-14 04:00:45,,0.54451318
2018-10-14 05:00:15,,0.9103919224999997
2018-10-14 05:00:45,,0.8687232149999999
2018-10-14 06:00:15,,0.6890810124999999
2018-10-14 06:00:45,,0.6496797875
2018-10-14 07:00:15,,0.33387391750000006
2018-10-14 07:00:45,,0.20768074999999997
2018-10-14 08:00:15,1.1222,1.1222
2018-10-14 08:00:45,0.22492,0.22492
2018-10-14 09:00:15,-0.76975,-0.76975
2018-10-14 09:00:45,-0.85775,-0.85775
2018-10-14 10:00:15,-1.1319,-1.1319
2018-10-14 10:00:45,-1.3628,-1.3628
2018-10-14 11:00:15,-1.2482,-1.2482
2018-10-14 11:00:45,-1.1883,-1.1883
2018-10-14 12:00:15,-0.93624,-0.93624
2018-10-14 12:00:45,-1.1659,-1.1659
2018-10-14 13:00:15,-0.42133,-0.42133
2018-10-14 13:00:45,0.15663,0.15663
2018-10-14 14:00:15,,-1.0696783499999998
2018-10-14 14:00:45,,-1.0355665699999994
2018-10-14 15:00:15,-0.47634,-0.47634
2018-10-14 15:00:45,-1.4673,-1.4673
2018-10-14 16:00:15,-0.11725,-0.11725
2018-10-14 16:00:45,-0.17802,-0.17802
2018-10-14 17:00:15,,0.3377601224999999
2018-10-14 17:00:45,,0.5799819775000001
2018-10-14 18:00:15,,0.7954880325
2018-10-14 18:00:45,0.57173,0.57173
2018-10-14 19:00:15,0.58799,0.58799
2018-10-14 19:00:45,,0.5876517824999999
2018-10-14 20:00:15,0.876,0.876
2018-10-14 20:00:45,,0.5145717625
2018-10-14 21:00:15,,0.8504347750000001
2018-10-14 21:00:45,,0.95891705
2018-10-14 22:00:15,,0.9580546650000002
2018-10-14 22:00:45,2.0583,2.0583
2018-10-14 23:00:15,,0.9525922125000004
2018-10-14 23:00:45,,0.6729263300000002
2018-10-15 00:00:15,,1.1047395625
2018-10-15 00:00:45,1.7637,1.7637
2018-10-15 01:00:15,1.1961,1.1961
2018-10-15 01:00:45,,1.1543867124999998
2018-10-15 02:00:15,,0.44117118499999997
2018-10-15 02:00:45,,0.99780372
2018-10-15 03:00:15,,0.99343109
2018-10-15 03:00:45,2.1742,2.1742
2018-10-15 04:00:15,,1.061621915
2018-10-15 04:00:45,,0.42367892000000007
2018-10-15 05:00:15,0.063656,0.063656
2018-10-15 05:00:45,-0.030768,-0.030768
2018-10-15 06:00:15,-0.17783,-0.17783
2018-10-15 06:00:45,-0.03991,-0.03991
2018-10-15 07:00:15,-0.056929,-0.056929
2018-10-15 07:00:45,-0.13575,-0.13575
2018-10-15 08:00:15,-0.095118,-0.095118
2018-10-15 08:00:45,-0.34019,-0.34019
2018-10-15 09:00:15,-0.49818,-0.49818
2018-10-15 09:00:45,-0.29148,-0.29148
2018-10-15 10:00:15,-1.0527,-1.0527
2018-10-15 10:00:45,-1.4764,-1.4764
2018-10-15 11:00:15,-0.48562,-0.48562
2018-10-15 11:00:45,-0.53892,-0.53892
2018-10-15 12:00:15,-0.55088,-0.55088
2018-10-15 12:00:45,-0.52457,-0.52457
2018-10-15 13:00:15,-0.61781,-0.61781
2018-10-15 13:00:45,-0.39948,-0.39948
2018-10-15 14:00:15,-0.52066,-0.52066
2018-10-15 14:00:45,-0.23927,-0.23927
2018-10-15 15:00:15,-0.43756,-0.43756
2018-10-15 15:00:45,-0.50318,-0.50318
2018-10-15 16:00:15,-0.47253,-0.47253
2018-10-15 16:00:45,-0.16138,-0.16138
2018-10-15 17:00:15,-0.016251,-0.016251
2018-10-15 17:00:45,0.054844,0.054844
2018-10-15 18:00:15,-0.032469,-0.032469
2018-10-15 18:00:45,0.007095,0.007095
2018-10-15 19:00:15,0.15513,0.15513
2018-10-15 19:00:45,0.27426,0.27426
2018-10-15 20:00:15,0.39352,0.39352
2018-10-15 20:00:45,0.15379,0.15379
2018-10-15 21:00:15,0.20697,0.20697
2018-10-15 21:00:45,0.18621,0.18621
2018-10-15 22:00:15,0.15886,0.15886
2018-10-15 22:00:45,0.072008,0.072008
2018-10-15 23:00:15,0.017733,0.017733
2018-10-15 23:00:45,0.036681,0.036681
2018-10-16 00:00:15,-0.048689,-0.048689
2018-10-16 00:00:45,-0.13501,-0.13501
2018-10-16 01:00:15,0.048757,0.048757
2018-10-16 01:00:45,0.12027,0.12027
2018-10-16 02:00:15,0.43742,0.43742
2018-10-16 02:00:45,0.36635,0.36635
2018-10-16 03:00:15,0.29681,0.29681
2018-10-16 03:00:45,0.094768,0.094768
2018-10-16 04:00:15,0.038201,0.038201
2018-10-16 04:00:45,0.29111,0.29111
2018-10-16 05:00:15,0.28249,0.28249
2018-10-16 05:00:45,0.13296,0.13296
2018-10-16 06:00:15,0.017049,0.017049
2018-10-16 06:00:45,0.11244,0.11244
2018-10-16 07:00:15,0.43039,0.43039
2018-10-16 07:00:45,0.39636,0.39636
2018-10-16 08:00:15,0.12813,0.12813
2018-10-16 08:00:45,0.032166,0.032166
2018-10-16 09:00:15,-0.10306,-0.10306
2018-10-16 09:00:45,-0.4033,-0.4033
2018-10-16 10:00:15,-0.64,-0.64
2018-10-16 10:00:45,-0.75996,-0.75996
2018-10-16 11:00:15,-0.30494,-0.30494
2018-10-16 11:00:45,0.4843,0.4843
2018-10-16 12:00:15,0.71244,0.71244
2018-10-16 12:00:45,0.17356,0.17356
2018-10-16 13:00:15,-0.52274,-0.52274
2018-10-16 13:00:45,-0.41586,-0.41586
2018-10-16 14:00:15,,-0.17981130500000003
2018-10-16 14:00:45,,-0.3016920725
2018-10-16 15:00:15,,-0.16604633000000002
2018-10-16 15:00:45,-0.592,-0.592
2018-10-16 16:00:15,0.008984,0.008984
2018-10-16 16:00:45,0.096016,0.096016
2018-10-16 17:00:15,0.042951,0.042951
2018-10-16 17:00:45,0.12783,0.12783
2018-10-16 18:00:15,,0.07419924500000002
2018-10-16 18:00:45,0.13963,0.13963
2018-10-16 19:00:15,0.10385,0.10385
2018-10-16 19:00:45,-0.066729,-0.066729
2018-10-16 20:00:15,0.20002,0.20002
2018-10-16 20:00:45,0.28743,0.28743
2018-10-16 21:00:15,0.39263,0.39263
2018-10-16 21:00:45,0.23071,0.23071
2018-10-16 22:00:15,0.33717,0.33717
2018-10-16 22:00:45,-0.097443,-0.097443
2018-10-16 23:00:15,,0.016962794999999992
2018-10-16 23:00:45,-0.018739,-0.018739
2018-10-17 00:00:15,0.30378,0.30378
2018-10-17 00:00:45,-0.091238,-0.091238
2018-10-17 01:00:15,-0.009341,-0.009341
2018-10-17 01:00:45,-0.046681,-0.046681
2018-10-17 02:00:15,-0.096067,-0.096067
2018-10-17 02:00:45,,0.04904817499999999
2018-10-17 03:00:15,-0.098782,-0.098782
2018-10-17 03:00:45,0.40233,0.40233
2018-10-17 04:00:15,-0.06854,-0.06854
2018-10-17 04:00:45,,-0.005460884999999999
2018-10-17 05:00:15,0.10876,0.10876
2018-10-17 05:00:45,-0.05567,-0.05567
2018-10-17 06:00:15,0.63083,0.63083
2018-10-17 06:00:45,0.21943,0.21943
2018-10-17 07:00:15,-0.096059,-0.096059
2018-10-17 07:00:45,0.6032,0.6032
2018-10-17 08:00:15,0.22454,0.22454
2018-10-17 08:00:45,-0.32591,-0.32591
2018-10-17 09:00:15,-0.79173,-0.79173
2018-10-17 09:00:45,-0.41941,-0.41941
2018-10-17 10:00:15,-0.53771,-0.53771
2018-10-17 10:00:45,-0.70015,-0.70015
2018-10-17 11:00:15,-1.378,-1.378
2018-10-17 11:00:45,-1.0315,-1.0315
2018-10-17 12:00:15,-0.89565,-0.89565
2018-10-17 12:00:45,-0.30021,-0.30021
2018-10-17 13:00:15,-0.65379,-0.65379
2018-10-17 13:00:45,-1.127,-1.127
2018-10-17 14:00:15,-0.94734,-0.94734
2018-10-17 14:00:45,-0.62872,-0.62872
2018-10-17 15:00:15,-0.17898,-0.17898
2018-10-17 15:00:45,0.0827,0.0827
2018-10-17 16:00:15,0.27848,0.27848
2018-10-17 16:00:45,0.60506,0.60506
2018-10-17 17:00:15,0.67827,0.67827
2018-10-17 17:00:45,0.55497,0.55497
2018-10-17 18:00:15,0.345,0.345
2018-10-17 18:00:45,0.51454,0.51454
2018-10-17 19:00:15,0.80968,0.80968
2018-10-17 19:00:45,0.51816,0.51816
2018-10-17 20:00:15,0.42572,0.42572
2018-10-17 20:00:45,0.50997,0.50997
2018-10-17 21:00:15,0.52414,0.52414
2018-10-17 21:00:45,0.60461,0.60461
2018-10-17 22:00:15,0.36021,0.36021
2018-10-17 22:00:45,0.44689,0.44689
2018-10-17 23:00:15,0.56801,0.56801
2018-10-17 23:00:45,0.40838,0.40838
2018-10-18 00:00:15,0.47433,0.47433
2018-10-18 00:00:45,0.56704,0.56704
2018-10-18 01:00:15,0.28544,0.28544
2018-10-18 01:00:45,0.048553,0.048553
2018-10-18 02:00:15,0.099493,0.099493
2018-10-18 02:00:45,-0.07883,-0.07883
2018-10-18 03:00:15,0.027353,0.027353
2018-10-18 03:00:45,0.047938,0.047938
2018-10-18 04:00:15,0.13476,0.13476
2018-10-18 04:00:45,-0.014762,-0.014762
2018-10-18 05:00:15,-0.042871,-0.042871
2018-10-18 05:00:45,0.056427,0.056427
2018-10-18 06:00:15,0.019876,0.019876
2018-10-18 06:00:45,-0.11372,-0.11372
2018-10-18 07:00:15,-0.13251,-0.13251
2018-10-18 07:00:45,-0.15431,-0.15431
2018-10-18 08:00:15,-0.26055,-0.26055
2018-10-18 08:00:45,-0.42405,-0.42405
2018-10-18 09:00:15,-0.82932,-0.82932
2018-10-18 09:00:45,-0.64889,-0.64889
2018-10-18 10:00:15,-1.0455,-1.0455
2018-10-18 10:00:45,-0.72237,-0.72237
2018-10-18 11:00:15,-0.88246,-0.88246
2018-10-18 11:00:45,-1.0062,-1.0062
2018-10-18 12:00:15,-0.75279,-0.75279
2018-10-18 12:00:45,-1.2128,-1.2128
2018-10-18 13:00:15,-1.2558,-1.2558
2018-10-18 13:00:45,-0.86272,-0.86272
2018-10-18 14:00:15,-0.65676,-0.65676
2018-10-18 14:00:45,-0.50363,-0.50363
2018-10-18 15:00:15,-0.93919,-0.93919
2018-10-18 15:00:45,-0.48622,-0.48622
2018-10-18 16:00:15,-0.45908,-0.45908
2018-10-18 16:00:45,-0.18909,-0.18909
2018-10-18 17:00:15,0.15845,0.15845
2018-10-18 17:00:45,0.17004,0.17004
2018-10-18 18:00:15,0.16298,0.16298
2018-10-18 18:00:45,-0.011805,-0.011805
2018-10-18 19:00:15,0.060051,0.060051
2018-10-18 19:00:45,0.080822,0.080822
2018-10-18 20:00:15,0.1389,0.1389
2018-10-18 20:00:45,0.10967,0.10967
2018-10-18 21:00:15,0.049529,0.049529
2018-10-18 21:00:45,0.11654,0.11654
2018-10-18 22:00:15,0.15905,0.15905
2018-10-18 22:00:45,0.22642,0.22642
2018-10-18 23:00:15,0.14026,0.14026
2018-10-18 23:00:45,0.17004,0.17004
2018-10-19 00:00:15,0.040453,0.040453
2018-10-19 00:00:45,0.19053,0.19053
2018-10-19 01:00:15,0.12016,0.12016
2018-10-19 01:00:45,0.22158,0.22158
2018-10-19 02:00:15,0.19421,0.19421
2018-10-19 02:00:45,0.095484,0.095484
2018-10-19 03:00:15,0.2273,0.2273
2018-10-19 03:00:45,-0.14883,-0.14883
2018-10-19 04:00:15,-0.11997,-0.11997
2018-10-19 04:00:45,0.015791,0.015791
2018-10-19 05:00:15,0.12504,0.12504
2018-10-19 05:00:45,0.006201,0.006201
2018-10-19 06:00:15,-0.024275,-0.024275
2018-10-19 06:00:45,-0.44047,-0.44047
2018-10-19 07:00:15,-0.29217,-0.29217
2018-10-19 07:00:45,-0.36616,-0.36616
2018-10-19 08:00:15,-1.3756,-1.3756
2018-10-19 08:00:45,-1.2022,-1.2022
2018-10-19 09:00:15,-0.93079,-0.93079
2018-10-19 09:00:45,-0.56452,-0.56452
2018-10-19 10:00:15,-0.47145,-0.47145
2018-10-19 10:00:45,-0.54242,-0.54242
2018-10-19 11:00:15,-0.78309,-0.78309
2018-10-19 11:00:45,-0.74513,-0.74513
2018-10-19 12:00:15,-0.93863,-0.93863
2018-10-19 12:00:45,-1.0478,-1.0478
2018-10-19 13:00:15,-1.0892,-1.0892
2018-10-19 13:00:45,-0.8092,-0.8092
2018-10-19 14:00:15,-0.62504,-0.62504
2018-10-19 14:00:45,-0.56844,-0.56844
2018-10-19 15:00:15,-0.28675,-0.28675
2018-10-19 15:00:45,-0.5186,-0.5186
2018-10-19 16:00:15,-0.38911,-0.38911
2018-10-19 16:00:45,-0.083084,-0.083084
2018-10-19 17:00:15,0.22659,0.22659
2018-10-19 17:00:45,0.4801,0.4801
2018-10-19 18:00:15,0.16097,0.16097
2018-10-19 18:00:45,0.13148,0.13148
2018-10-19 19:00:15,0.036282,0.036282
2018-10-19 19:00:45,0.74753,0.74753
2018-10-19 20:00:15,0.27813,0.27813
2018-10-19 20:00:45,0.23375,0.23375
2018-10-19 21:00:15,0.1801,0.1801
2018-10-19 21:00:45,0.17382,0.17382
2018-10-19 22:00:15,0.16961,0.16961
2018-10-19 22:00:45,0.14696,0.14696
2018-10-19 23:00:15,0.18712,0.18712
2018-10-19 23:00:45,0.29069,0.29069
2018-10-20 00:00:15,0.14533,0.14533
2018-10-20 00:00:45,0.23241,0.23241
2018-10-20 01:00:15,0.18727,0.18727
2018-10-20 01:00:45,0.13507,0.13507
2018-10-20 02:00:15,0.13459,0.13459
2018-10-20 02:00:45,,0.20445084250000004
2018-10-20 03:00:15,0.30764,0.30764
2018-10-20 03:00:45,0.098842,0.098842
2018-10-20 04:00:15,0.18121,0.18121
2018-10-20 04:00:45,0.21907,0.21907
2018-10-20 05:00:15,0.16635,0.16635
2018-10-20 05:00:45,0.39533,0.39533
2018-10-20 06:00:15,0.042297,0.042297
2018-10-20 06:00:45,-0.12144,-0.12144
2018-10-20 07:00:15,-0.41867,-0.41867
2018-10-20 07:00:45,-0.81479,-0.81479
2018-10-20 08:00:15,-1.1791,-1.1791
2018-10-20 08:00:45,-1.3579,-1.3579
2018-10-20 09:00:15,-2.1119,-2.1119
2018-10-20 09:00:45,-1.9297,-1.9297
2018-10-20 10:00:15,-0.86683,-0.86683
2018-10-20 10:00:45,-1.3371,-1.3371
2018-10-20 11:00:15,-1.0353,-1.0353
2018-10-20 11:00:45,-1.0947,-1.0947
2018-10-20 12:00:15,-1.1343,-1.1343
2018-10-20 12:00:45,-0.91401,-0.91401
2018-10-20 13:00:15,-1.0375,-1.0375
2018-10-20 13:00:45,-0.82955,-0.82955
2018-10-20 14:00:15,-1.0318,-1.0318
2018-10-20 14:00:45,-0.93244,-0.93244
2018-10-20 15:00:15,-0.68263,-0.68263
2018-10-20 15:00:45,-0.60158,-0.60158
2018-10-20 16:00:15,-0.43696,-0.43696
2018-10-20 16:00:45,-0.17093,-0.17093
2018-10-20 17:00:15,0.51907,0.51907
2018-10-20 17:00:45,0.70187,0.70187
2018-10-20 18:00:15,0.75565,0.75565
2018-10-20 18:00:45,0.89826,0.89826
2018-10-20 19:00:15,0.96111,0.96111
2018-10-20 19:00:45,1.2467,1.2467
2018-10-20 20:00:15,0.95833,0.95833
2018-10-20 20:00:45,0.90346,0.90346
2018-10-20 21:00:15,0.39509,0.39509
2018-10-20 21:00:45,0.44781,0.44781
2018-10-20 22:00:15,0.46842,0.46842
2018-10-20 22:00:45,0.1383,0.1383
2018-10-20 23:00:15,0.24539,0.24539
2018-10-20 23:00:45,0.20321,0.20321
2018-10-21 00:00:15,0.19262,0.19262
2018-10-21 00:00:45,0.17538,0.17538
2018-10-21 01:00:15,0.18133,0.18133
2018-10-21 01:00:45,0.093777,0.093777
2018-10-21 02:00:15,0.14727,0.14727
2018-10-21 02:00:45,0.13409,0.13409
2018-10-21 03:00:15,0.14674,0.14674
2018-10-21 03:00:45,0.12479,0.12479
2018-10-21 04:00:15,0.11226,0.11226
2018-10-21 04:00:45,0.14624,0.14624
2018-10-21 05:00:15,0.16509,0.16509
2018-10-21 05:00:45,,0.20977994750000004
2018-10-21 06:00:15,0.22473,0.22473
2018-10-21 06:00:45,-0.000833,-0.000833
2018-10-21 07:00:15,-0.47358,-0.47358
2018-10-21 07:00:45,-0.8684,-0.8684
2018-10-21 08:00:15,,-1.2251242875
2018-10-21 08:00:45,-1.6322,-1.6322
2018-10-21 09:00:15,-1.2223,-1.2223
2018-10-21 09:00:45,,-1.4815627525
2018-10-21 10:00:15,-1.9321,-1.9321
2018-10-21 10:00:45,-1.1738,-1.1738
2018-10-21 11:00:15,-1.4448,-1.4448
2018-10-21 11:00:45,-1.8217,-1.8217
2018-10-21 12:00:15,-1.2938,-1.2938
2018-10-21 12:00:45,-1.4292,-1.4292
2018-10-21 13:00:15,-1.3632,-1.3632
2018-10-21 13:00:45,-1.0921,-1.0921
2018-10-21 14:00:15,-1.5537,-1.5537
2018-10-21 14:00:45,-1.2477,-1.2477
2018-10-21 15:00:15,-0.66169,-0.66169
2018-10-21 15:00:45,-0.94092,-0.94092
2018-10-21 16:00:15,-0.62442,-0.62442
2018-10-21 16:00:45,-0.28848,-0.28848
2018-10-21 17:00:15,0.22226,0.22226
2018-10-21 17:00:45,0.20918,0.20918
2018-10-21 18:00:15,0.199,0.199
2018-10-21 18:00:45,0.4415,0.4415
2018-10-21 19:00:15,0.53509,0.53509
2018-10-21 19:00:45,0.33336,0.33336
2018-10-21 20:00:15,0.20124,0.20124
2018-10-21 20:00:45,0.085285,0.085285
2018-10-21 21:00:15,0.18646,0.18646
2018-10-21 21:00:45,0.4461,0.4461
2018-10-21 22:00:15,0.20621,0.20621
2018-10-21 22:00:45,0.069199,0.069199
2018-10-21 23:00:15,-0.011392,-0.011392
2018-10-21 23:00:45,0.047007,0.047007
2018-10-22 00:00:15,0.063904,0.063904
2018-10-22 00:00:45,0.13159,0.13159
2018-10-22 01:00:15,-0.097258,-0.097258
2018-10-22 01:00:45,0.089961,0.089961
2018-10-22 02:00:15,0.093016,0.093016
2018-10-22 02:00:45,0.13964,0.13964
2018-10-22 03:00:15,0.24041,0.24041
2018-10-22 03:00:45,0.11017,0.11017
2018-10-22 04:00:15,1.3312,1.3312
2018-10-22 04:00:45,-0.043056,-0.043056
2018-10-22 05:00:15,0.11235,0.11235
2018-10-22 05:00:45,-0.040867,-0.040867
2018-10-22 06:00:15,-0.15602,-0.15602
2018-10-22 06:00:45,-0.50969,-0.50969
2018-10-22 07:00:15,-0.61384,-0.61384
2018-10-22 07:00:45,-0.93592,-0.93592
2018-10-22 08:00:15,-1.8964,-1.8964
2018-10-22 08:00:45,-1.5933,-1.5933
2018-10-22 09:00:15,-2.4139,-2.4139
2018-10-22 09:00:45,-1.5738,-1.5738
2018-10-22 10:00:15,-1.8336,-1.8336
2018-10-22 10:00:45,-1.8465,-1.8465
2018-10-22 11:00:15,-2.2763,-2.2763
2018-10-22 11:00:45,-1.9387,-1.9387
2018-10-22 12:00:15,-1.8203,-1.8203
2018-10-22 12:00:45,-1.8022,-1.8022
2018-10-22 13:00:15,-2.1592,-2.1592
2018-10-22 13:00:45,-1.5818,-1.5818
2018-10-22 14:00:15,-1.5622,-1.5622
2018-10-22 14:00:45,-1.199,-1.199
2018-10-22 15:00:15,-0.87215,-0.87215
2018-10-22 15:00:45,-0.19081,-0.19081
2018-10-22 16:00:15,0.040839,0.040839
2018-10-22 16:00:45,0.23431,0.23431
2018-10-22 17:00:15,0.24387,0.24387
2018-10-22 17:00:45,0.23198,0.23198
2018-10-22 18:00:15,0.22898,0.22898
2018-10-22 18:00:45,-0.090379,-0.090379
2018-10-22 19:00:15,0.11442,0.11442
2018-10-22 19:00:45,0.035031,0.035031
2018-10-22 20:00:15,0.18433,0.18433
2018-10-22 20:00:45,0.32654,0.32654
2018-10-22 21:00:15,0.009058,0.009058
2018-10-22 21:00:45,0.14329,0.14329
2018-10-22 22:00:15,0.20482,0.20482
2018-10-22 22:00:45,0.15006,0.15006
2018-10-22 23:00:15,0.10075,0.10075
2018-10-22 23:00:45,0.067796,0.067796
2018-10-23 00:00:15,0.065944,0.065944
2018-10-23 00:00:45,0.11938,0.11938
2018-10-23 01:00:15,0.17578,0.17578
2018-10-23 01:00:45,0.065783,0.065783
2018-10-23 02:00:15,0.10651,0.10651
2018-10-23 02:00:45,0.11939,0.11939
2018-10-23 03:00:15,,0.2259134075
2018-10-23 03:00:45,0.78872,0.78872
2018-10-23 04:00:15,,0.6562701350000002
2018-10-23 04:00:45,,1.0003254499999998
2018-10-23 05:00:15,2.1094,2.1094
2018-10-23 05:00:45,1.1388,1.1388
2018-10-23 06:00:15,0.53049,0.53049
2018-10-23 06:00:45,-0.57919,-0.57919
2018-10-23 07:00:15,0.13782,0.13782
2018-10-23 07:00:45,-0.6243,-0.6243
2018-10-23 08:00:15,-0.60625,-0.60625
2018-10-23 08:00:45,-0.95638,-0.95638
2018-10-23 09:00:15,-0.46091,-0.46091
2018-10-23 09:00:45,-0.2849,-0.2849
2018-10-23 10:00:15,,0.025455025
2018-10-23 10:00:45,,-0.06790364249999999
2018-10-23 11:00:15,-0.32348,-0.32348
2018-10-23 11:00:45,,0.00015015999999998708
2018-10-23 12:00:15,,0.23366889000000002
2018-10-23 12:00:45,,-0.028880402500000013
2018-10-23 13:00:15,,0.24284038999999988
2018-10-23 13:00:45,,0.2573371925
2018-10-23 14:00:15,,0.2566459524999999
2018-10-23 14:00:45,,0.3154289925
2018-10-23 15:00:15,,0.19679418999999998
2018-10-23 15:00:45,,0.9249987450000002
2018-10-23 16:00:15,2.4925,2.4925
2018-10-23 16:00:45,,0.6886902300000001
2018-10-23 17:00:15,,0.67285227
2018-10-23 17:00:45,,0.8723079674999998
2018-10-23 18:00:15,,0.7927831825
2018-10-23 18:00:45,,0.7989069375
2018-10-23 19:00:15,,0.8145772374999999
2018-10-23 19:00:45,,0.8307424825
2018-10-23 20:00:15,,0.8142526349999999
2018-10-23 20:00:45,,0.8798863025
2018-10-23 21:00:15,,0.8693516475
2018-10-23 21:00:45,,0.9189429974999996
2018-10-23 22:00:15,0.36934,0.36934
2018-10-23 22:00:45,,0.8546469074999996
2018-10-23 23:00:15,0.68588,0.68588
2018-10-23 23:00:45,,0.8845225899999994
2018-10-24 00:00:15,,0.8519369424999996
2018-10-24 00:00:45,,0.9360096699999996
2018-10-24 01:00:15,,0.8771152074999999
2018-10-24 01:00:45,,0.8251470499999998
2018-10-24 02:00:15,,0.7706700574999997
2018-10-24 02:00:45,,0.6737589125
2018-10-24 03:00:15,,0.7536750225
2018-10-24 03:00:45,,0.7664655174999998
2018-10-24 04:00:15,,0.7895434499999998
2018-10-24 04:00:45,,0.7827366349999999
2018-10-24 05:00:15,,0.7047874525
2018-10-24 05:00:45,,0.72844243
2018-10-24 06:00:15,,0.7330308875
2018-10-24 06:00:45,,0.720970285
2018-10-24 07:00:15,,0.6446380375
2018-10-24 07:00:45,,-0.05770124250000001
2018-10-24 08:00:15,,0.018001737500000014
2018-10-24 08:00:45,,-0.06756885750000001
2018-10-24 09:00:15,,-0.018099125000000008
2018-10-24 09:00:45,-0.41351,-0.41351
2018-10-24 10:00:15,1.2209,1.2209
2018-10-24 10:00:45,,-0.15630079499999996
2018-10-24 11:00:15,-0.61814,-0.61814
2018-10-24 11:00:45,-0.40618,-0.40618
2018-10-24 12:00:15,-0.52235,-0.52235
2018-10-24 12:00:45,-0.39162,-0.39162
2018-10-24 13:00:15,-0.86825,-0.86825
2018-10-24 13:00:45,-0.73574,-0.73574
2018-10-24 14:00:15,-1.5602,-1.5602
2018-10-24 14:00:45,-1.2342,-1.2342
2018-10-24 15:00:15,-1.1043,-1.1043
2018-10-24 15:00:45,-0.95275,-0.95275
2018-10-24 16:00:15,-0.82073,-0.82073
2018-10-24 16:00:45,-0.25834,-0.25834
2018-10-24 17:00:15,0.007841,0.007841
2018-10-24 17:00:45,0.23452,0.23452
2018-10-24 18:00:15,0.19276,0.19276
2018-10-24 18:00:45,0.073629,0.073629
2018-10-24 19:00:15,0.5316,0.5316
2018-10-24 19:00:45,0.23883,0.23883
2018-10-24 20:00:15,0.42629,0.42629
2018-10-24 20:00:45,0.29778,0.29778
2018-10-24 21:00:15,0.22623,0.22623
2018-10-24 21:00:45,0.11345,0.11345
2018-10-24 22:00:15,,0.07492290000000001
2018-10-24 22:00:45,,0.09408296999999999
2018-10-24 23:00:15,-0.13248,-0.13248
2018-10-24 23:00:45,0.042905,0.042905
2018-10-25 00:00:15,,0.1745520175
2018-10-25 00:00:45,0.58767,0.58767
2018-10-25 01:00:15,0.22989,0.22989
2018-10-25 01:00:45,0.28197,0.28197
2018-10-25 02:00:15,0.13522,0.13522
2018-10-25 02:00:45,0.098673,0.098673
2018-10-25 03:00:15,0.1302,0.1302
2018-10-25 03:00:45,0.11506,0.11506
2018-10-25 04:00:15,0.028445,0.028445
2018-10-25 04:00:45,-0.19996,-0.19996
2018-10-25 05:00:15,0.047236,0.047236
2018-10-25 05:00:45,-0.011502,-0.011502
2018-10-25 06:00:15,0.15587,0.15587
2018-10-25 06:00:45,-0.066405,-0.066405
2018-10-25 07:00:15,-0.26382,-0.26382
2018-10-25 07:00:45,-0.89181,-0.89181
2018-10-25 08:00:15,-1.0404,-1.0404
2018-10-25 08:00:45,-0.78612,-0.78612
2018-10-25 09:00:15,-0.65558,-0.65558
2018-10-25 09:00:45,-0.88559,-0.88559
2018-10-25 10:00:15,-0.8478,-0.8478
2018-10-25 10:00:45,-0.35571,-0.35571
2018-10-25 11:00:15,-0.6235,-0.6235
2018-10-25 11:00:45,-1.2225,-1.2225
2018-10-25 12:00:15,-1.1447,-1.1447
2018-10-25 12:00:45,-0.57065,-0.57065
2018-10-25 13:00:15,-1.0155,-1.0155
2018-10-25 13:00:45,-1.1237,-1.1237
2018-10-25 14:00:15,-0.85031,-0.85031
2018-10-25 14:00:45,-0.84844,-0.84844
2018-10-25 15:00:15,-0.92296,-0.92296
2018-10-25 15:00:45,-0.013882,-0.013882
2018-10-25 16:00:15,-0.056502,-0.056502
2018-10-25 16:00:45,-0.24402,-0.24402
2018-10-25 17:00:15,-0.25577,-0.25577
2018-10-25 17:00:45,,0.17329144249999998
2018-10-25 18:00:15,0.22399,0.22399
2018-10-25 18:00:45,0.37764,0.37764
2018-10-25 19:00:15,-0.18566,-0.18566
2018-10-25 19:00:45,0.65473,0.65473
2018-10-25 20:00:15,-0.010418,-0.010418
2018-10-25 20:00:45,-0.081873,-0.081873
2018-10-25 21:00:15,0.10893,0.10893
2018-10-25 21:00:45,0.091362,0.091362
2018-10-25 22:00:15,,0.07365079750000002
2018-10-25 22:00:45,,0.05339276000000001
2018-10-25 23:00:15,,0.06193170250000002
2018-10-25 23:00:45,0.28183,0.28183
2018-10-26 00:00:15,0.071408,0.071408
2018-10-26 00:00:45,0.13405,0.13405
2018-10-26 01:00:15,0.24754,0.24754
2018-10-26 01:00:45,0.001972,0.001972
2018-10-26 02:00:15,,0.07428617000000001
2018-10-26 02:00:45,-0.008906,-0.008906
2018-10-26 03:00:15,-0.1366,-0.1366
2018-10-26 03:00:45,-0.048859,-0.048859
2018-10-26 04:00:15,0.13206,0.13206
2018-10-26 04:00:45,-0.14828,-0.14828
2018-10-26 05:00:15,0.006267,0.006267
2018-10-26 05:00:45,-0.014623,-0.014623
2018-10-26 06:00:15,0.12364,0.12364
2018-10-26 06:00:45,-0.017155,-0.017155
2018-10-26 07:00:15,-0.4274,-0.4274
2018-10-26 07:00:45,-0.50495,-0.50495
2018-10-26 08:00:15,-0.16193,-0.16193
2018-10-26 08:00:45,-0.69465,-0.69465
2018-10-26 09:00:15,-1.8178,-1.8178
2018-10-26 09:00:45,-0.98747,-0.98747
2018-10-26 10:00:15,-0.63349,-0.63349
2018-10-26 10:00:45,-0.84181,-0.84181
2018-10-26 11:00:15,-0.95731,-0.95731
2018-10-26 11:00:45,-0.81047,-0.81047
2018-10-26 12:00:15,-0.91192,-0.91192
2018-10-26 12:00:45,-1.1889,-1.1889
2018-10-26 13:00:15,-0.81734,-0.81734
2018-10-26 13:00:45,-0.42675,-0.42675
2018-10-26 14:00:15,-0.70432,-0.70432
2018-10-26 14:00:45,-0.62715,-0.62715
2018-10-26 15:00:15,-0.65195,-0.65195
2018-10-26 15:00:45,-0.64631,-0.64631
2018-10-26 16:00:15,-0.564,-0.564
2018-10-26 16:00:45,-0.22957,-0.22957
2018-10-26 17:00:15,0.53783,0.53783
2018-10-26 17:00:45,0.24738,0.24738
2018-10-26 18:00:15,0.23059,0.23059
2018-10-26 18:00:45,-0.003278,-0.003278
2018-10-26 19:00:15,,0.027770512500000007
2018-10-26 19:00:45,-0.099495,-0.099495
2018-10-26 20:00:15,-0.036977,-0.036977
2018-10-26 20:00:45,0.022162,0.022162
2018-10-26 21:00:15,0.12037,0.12037
2018-10-26 21:00:45,0.037237,0.037237
2018-10-26 22:00:15,0.030797,0.030797
2018-10-26 22:00:45,-0.050521,-0.050521
2018-10-26 23:00:15,0.25249,0.25249
2018-10-26 23:00:45,-0.023171,-0.023171
2018-10-27 00:00:15,,0.2747826099999999
2018-10-27 00:00:45,,0.0327648575
2018-10-27 01:00:15,0.41946,0.41946
2018-10-27 01:00:45,,0.11644389750000006
2018-10-27 02:00:15,0.54584,0.54584
2018-10-27 02:00:45,-0.006761,-0.006761
2018-10-27 03:00:15,0.17944,0.17944
2018-10-27 03:00:45,-0.076366,-0.076366
2018-10-27 04:00:15,0.42452,0.42452
2018-10-27 04:00:45,-0.027944,-0.027944
2018-10-27 05:00:15,-0.067471,-0.067471
2018-10-27 05:00:45,-0.068847,-0.068847
2018-10-27 06:00:15,,0.03048775499999999
2018-10-27 06:00:45,-0.251,-0.251
2018-10-27 07:00:15,-0.60079,-0.60079
2018-10-27 07:00:45,-1.679,-1.679
2018-10-27 08:00:15,-1.4129,-1.4129
2018-10-27 08:00:45,-1.0776,-1.0776
2018-10-27 09:00:15,-1.2015,-1.2015
2018-10-27 09:00:45,-1.1227,-1.1227
2018-10-27 10:00:15,-0.9147,-0.9147
2018-10-27 10:00:45,-1.369,-1.369
2018-10-27 11:00:15,-1.4414,-1.4414
2018-10-27 11:00:45,-1.521,-1.521
2018-10-27 12:00:15,-0.64468,-0.64468
2018-10-27 12:00:45,-0.087171,-0.087171
2018-10-27 13:00:15,-0.92398,-0.92398
2018-10-27 13:00:45,-0.97299,-0.97299
2018-10-27 14:00:15,-0.86223,-0.86223
2018-10-27 14:00:45,-1.3032,-1.3032
2018-10-27 15:00:15,-1.0035,-1.0035
2018-10-27 15:00:45,-0.8638,-0.8638
2018-10-27 16:00:15,-0.76752,-0.76752
2018-10-27 16:00:45,-0.62149,-0.62149
2018-10-27 17:00:15,0.08372,0.08372
2018-10-27 17:00:45,0.54875,0.54875
2018-10-27 18:00:15,0.022892,0.022892
2018-10-27 18:00:45,0.03254,0.03254
2018-10-27 19:00:15,-0.073129,-0.073129
2018-10-27 19:00:45,-0.021422,-0.021422
2018-10-27 20:00:15,0.008998,0.008998
2018-10-27 20:00:45,-0.030979,-0.030979
2018-10-27 21:00:15,,0.0667200725
2018-10-27 21:00:45,0.16,0.16
2018-10-27 22:00:15,0.042283,0.042283
2018-10-27 22:00:45,-0.023996,-0.023996
2018-10-27 23:00:15,-0.086847,-0.086847
2018-10-27 23:00:45,,0.07665870999999999
2018-10-28 00:00:15,,0.050082352499999996
2018-10-28 00:00:45,,0.097118085
2018-10-28 01:00:15,0.12423,0.12423
2018-10-28 01:00:45,0.080028,0.080028
2018-10-28 02:00:15,-0.041268,-0.041268
2018-10-28 02:00:45,-0.027384,-0.027384
2018-10-28 03:00:15,0.14332,0.14332
2018-10-28 03:00:45,-0.11296,-0.11296
2018-10-28 04:00:15,,0.040001907499999996
2018-10-28 04:00:45,-0.015892,-0.015892
2018-10-28 05:00:15,0.34779,0.34779
2018-10-28 05:00:45,0.070079,0.070079
2018-10-28 06:00:15,,0.035159925
2018-10-28 06:00:45,0.025115,0.025115
2018-10-28 07:00:15,-0.74362,-0.74362
2018-10-28 07:00:45,,-0.8480747249999998
2018-10-28 08:00:15,-0.40151,-0.40151
2018-10-28 08:00:45,-0.51438,-0.51438
2018-10-28 09:00:15,-0.34521,-0.34521
2018-10-28 09:00:45,-0.22207,-0.22207
2018-10-28 10:00:15,-0.58935,-0.58935
2018-10-28 10:00:45,,-1.201319905
2018-10-28 11:00:15,-1.8698,-1.8698
2018-10-28 11:00:45,-0.52233,-0.52233
2018-10-28 12:00:15,-0.88602,-0.88602
2018-10-28 12:00:45,-1.7974,-1.7974
2018-10-28 13:00:15,-1.3235,-1.3235
2018-10-28 13:00:45,-0.19097,-0.19097
2018-10-28 14:00:15,-1.3557,-1.3557
2018-10-28 14:00:45,-0.45742,-0.45742
2018-10-28 15:00:15,-0.64057,-0.64057
2018-10-28 15:00:45,-0.75665,-0.75665
2018-10-28 16:00:15,-0.67108,-0.67108
2018-10-28 16:00:45,-0.027324,-0.027324
2018-10-28 17:00:15,-0.29613,-0.29613
2018-10-28 17:00:45,0.027092,0.027092
2018-10-28 18:00:15,,0.030235907499999996
2018-10-28 18:00:45,-0.11,-0.11
2018-10-28 19:00:15,,0.18174930499999997
2018-10-28 19:00:45,0.46432,0.46432
2018-10-28 20:00:15,0.11042,0.11042
2018-10-28 20:00:45,0.13528,0.13528
2018-10-28 21:00:15,0.053129,0.053129
2018-10-28 21:00:45,-0.010676,-0.010676
2018-10-28 22:00:15,0.065866,0.065866
2018-10-28 22:00:45,0.015131,0.015131
2018-10-28 23:00:15,0.063922,0.063922
2018-10-28 23:00:45,0.072577,0.072577
2018-10-29 00:00:15,-0.020188,-0.020188
2018-10-29 00:00:45,-0.044749,-0.044749
2018-10-29 01:00:15,0.013808,0.013808
2018-10-29 01:00:45,0.021579,0.021579
2018-10-29 02:00:15,0.062691,0.062691
2018-10-29 02:00:45,0.054341,0.054341
2018-10-29 03:00:15,0.059638,0.059638
2018-10-29 03:00:45,0.037486,0.037486
2018-10-29 04:00:15,-0.050347,-0.050347
2018-10-29 04:00:45,0.87944,0.87944
2018-10-29 05:00:15,,0.12877778750000002
2018-10-29 05:00:45,-0.057401,-0.057401
2018-10-29 06:00:15,0.21946,0.21946
2018-10-29 06:00:45,-0.10108,-0.10108
2018-10-29 07:00:15,-0.81051,-0.81051
2018-10-29 07:00:45,-1.0784,-1.0784
2018-10-29 08:00:15,-1.9028,-1.9028
2018-10-29 08:00:45,-1.3802,-1.3802
2018-10-29 09:00:15,-0.15795,-0.15795
2018-10-29 09:00:45,-1.0541,-1.0541
2018-10-29 10:00:15,-1.3019,-1.3019
2018-10-29 10:00:45,-1.9662,-1.9662
2018-10-29 11:00:15,-1.239,-1.239
2018-10-29 11:00:45,-1.5021,-1.5021
2018-10-29 12:00:15,-0.85156,-0.85156
2018-10-29 12:00:45,-1.0041,-1.0041
2018-10-29 13:00:15,-1.0869,-1.0869
2018-10-29 13:00:45,-0.78229,-0.78229
2018-10-29 14:00:15,-0.92727,-0.92727
2018-10-29 14:00:45,-0.80502,-0.80502
2018-10-29 15:00:15,-0.57663,-0.57663
2018-10-29 15:00:45,-0.72819,-0.72819
2018-10-29 16:00:15,-0.23295,-0.23295
2018-10-29 16:00:45,0.10719,0.10719
2018-10-29 17:00:15,0.49753,0.49753
2018-10-29 17:00:45,0.28039,0.28039
2018-10-29 18:00:15,0.24839,0.24839
2018-10-29 18:00:45,0.24219,0.24219
2018-10-29 19:00:15,0.35542,0.35542
2018-10-29 19:00:45,0.092106,0.092106
2018-10-29 20:00:15,0.16346,0.16346
2018-10-29 20:00:45,0.11268,0.11268
2018-10-29 21:00:15,0.1064,0.1064
2018-10-29 21:00:45,-0.049745,-0.049745
2018-10-29 22:00:15,0.15463,0.15463
2018-10-29 22:00:45,-0.076381,-0.076381
2018-10-29 23:00:15,0.11528,0.11528
2018-10-29 23:00:45,-0.000276,-0.000276
2018-10-30 00:00:15,0.25355,0.25355
2018-10-30 00:00:45,0.18623,0.18623
2018-10-30 01:00:15,0.36373,0.36373
2018-10-30 01:00:45,0.13204,0.13204
2018-10-30 02:00:15,0.16665,0.16665
2018-10-30 02:00:45,0.24036,0.24036
2018-10-30 03:00:15,1.0743,1.0743
2018-10-30 03:00:45,0.10269,0.10269
2018-10-30 04:00:15,0.98499,0.98499
2018-10-30 04:00:45,-0.014571,-0.014571
2018-10-30 05:00:15,0.1916,0.1916
2018-10-30 05:00:45,0.024951,0.024951
2018-10-30 06:00:15,0.04517,0.04517
2018-10-30 06:00:45,-0.075132,-0.075132
2018-10-30 07:00:15,-0.3027,-0.3027
2018-10-30 07:00:45,-0.9975,-0.9975
2018-10-30 08:00:15,-1.3193,-1.3193
2018-10-30 08:00:45,,-1.4372507900000004
2018-10-30 09:00:15,-2.2204,-2.2204
2018-10-30 09:00:45,-0.83318,-0.83318
2018-10-30 10:00:15,-1.0301,-1.0301
2018-10-30 10:00:45,-0.7051,-0.7051
2018-10-30 11:00:15,-0.95769,-0.95769
2018-10-30 11:00:45,-1.4381,-1.4381
2018-10-30 12:00:15,-1.1887,-1.1887
2018-10-30 12:00:45,-1.2465,-1.2465
2018-10-30 13:00:15,-1.3802,-1.3802
2018-10-30 13:00:45,-1.2221,-1.2221
2018-10-30 14:00:15,-1.3541,-1.3541
2018-10-30 14:00:45,-0.70035,-0.70035
2018-10-30 15:00:15,-0.82484,-0.82484
2018-10-30 15:00:45,0.62631,0.62631
2018-10-30 16:00:15,-0.29981,-0.29981
2018-10-30 16:00:45,0.31549,0.31549
2018-10-30 17:00:15,0.27476,0.27476
2018-10-30 17:00:45,0.46697,0.46697
2018-10-30 18:00:15,0.44273,0.44273
2018-10-30 18:00:45,0.41415,0.41415
2018-10-30 19:00:15,0.44953,0.44953
2018-10-30 19:00:45,0.47168,0.47168
2018-10-30 20:00:15,0.42359,0.42359
2018-10-30 20:00:45,0.38828,0.38828
2018-10-30 21:00:15,0.40846,0.40846
2018-10-30 21:00:45,,0.3548461875000001
2018-10-30 22:00:15,,0.23337865500000005
2018-10-30 22:00:45,,0.2511842800000001
2018-10-30 23:00:15,0.29316,0.29316
2018-10-30 23:00:45,0.35924,0.35924
2018-10-31 00:00:15,,0.36136957500000005
2018-10-31 00:00:45,,0.4525024850000001
2018-10-31 01:00:15,,0.32343638499999994
2018-10-31 01:00:45,,0.4388875950000002
2018-10-31 02:00:15,,0.34783602999999996
2018-10-31 02:00:45,,0.353910215
2018-10-31 03:00:15,0.066253,0.066253
2018-10-31 03:00:45,,0.3140269375
2018-10-31 04:00:15,0.28708,0.28708
2018-10-31 04:00:45,0.55072,0.55072
2018-10-31 05:00:15,0.39453,0.39453
2018-10-31 05:00:45,0.74127,0.74127
2018-10-31 06:00:15,,0.4389490800000001
2018-10-31 06:00:45,0.78625,0.78625
2018-10-31 07:00:15,0.11219,0.11219
2018-10-31 07:00:45,0.67712,0.67712
2018-10-31 08:00:15,-0.49608,-0.49608
2018-10-31 08:00:45,-0.6634,-0.6634
2018-10-31 09:00:15,-0.96693,-0.96693
2018-10-31 09:00:45,-1.0624,-1.0624
2018-10-31 10:00:15,-1.0743,-1.0743
2018-10-31 10:00:45,-1.0625,-1.0625
2018-10-31 11:00:15,-1.011,-1.011
2018-10-31 11:00:45,-1.0145,-1.0145
2018-10-31 12:00:15,-1.0657,-1.0657
2018-10-31 12:00:45,0.63897,0.63897
2018-10-31 13:00:15,-0.031501,-0.031501
2018-10-31 13:00:45,,-0.033026684999999986
2018-10-31 14:00:15,-1.4002,-1.4002
2018-10-31 14:00:45,-0.7981,-0.7981
2018-10-31 15:00:15,-1.063,-1.063
2018-10-31 15:00:45,-0.89576,-0.89576
2018-10-31 16:00:15,-0.97028,-0.97028
2018-10-31 16:00:45,-0.60777,-0.60777
2018-10-31 17:00:15,0.007263,0.007263
2018-10-31 17:00:45,0.021316,0.021316
2018-10-31 18:00:15,0.026562,0.026562
2018-10-31 18:00:45,0.0296,0.0296
2018-10-31 19:00:15,0.090723,0.090723
2018-10-31 19:00:45,0.06905,0.06905
2018-10-31 20:00:15,0.063753,0.063753
2018-10-31 20:00:45,0.052377,0.052377
2018-10-31 21:00:15,-0.00136,-0.00136
2018-10-31 21:00:45,0.10417,0.10417
2018-10-31 22:00:15,0.12028,0.12028
2018-10-31 22:00:45,0.092562,0.092562
2018-10-31 23:00:15,0.085808,0.085808
2018-10-31 23:00:45,0.020599,0.020599
2018-11-01 00:00:15,0.032564,0.032564
2018-11-01 00:00:45,0.028337,0.028337
2018-11-01 01:00:15,-0.050088,-0.050088
2018-11-01 01:00:45,0.092724,0.092724
2018-11-01 02:00:15,-0.024151,-0.024151
2018-11-01 02:00:45,0.038128,0.038128
2018-11-01 03:00:15,0.000352,0.000352
2018-11-01 03:00:45,-0.038151,-0.038151
2018-11-01 04:00:15,0.001547,0.001547
2018-11-01 04:00:45,0.04863,0.04863
2018-11-01 05:00:15,-0.012582,-0.012582
2018-11-01 05:00:45,-0.18524,-0.18524
2018-11-01 06:00:15,0.00193,0.00193
2018-11-01 06:00:45,-0.11068,-0.11068
2018-11-01 07:00:15,-0.41384,-0.41384
2018-11-01 07:00:45,-1.0693,-1.0693
2018-11-01 08:00:15,-1.9578,-1.9578
2018-11-01 08:00:45,-0.94519,-0.94519
2018-11-01 09:00:15,-0.98387,-0.98387
2018-11-01 09:00:45,-0.76835,-0.76835
2018-11-01 10:00:15,-0.82773,-0.82773
2018-11-01 10:00:45,-1.324,-1.324
2018-11-01 11:00:15,-1.3059,-1.3059
2018-11-01 11:00:45,-0.80534,-0.80534
2018-11-01 12:00:15,-1.1676,-1.1676
2018-11-01 12:00:45,-1.2922,-1.2922
2018-11-01 13:00:15,-0.93461,-0.93461
2018-11-01 13:00:45,-1.0957,-1.0957
2018-11-01 14:00:15,-1.177,-1.177
2018-11-01 14:00:45,-0.93548,-0.93548
2018-11-01 15:00:15,-0.73017,-0.73017
2018-11-01 15:00:45,-0.63892,-0.63892
2018-11-01 16:00:15,-0.34703,-0.34703
2018-11-01 16:00:45,-0.16024,-0.16024
2018-11-01 17:00:15,0.018737,0.018737
2018-11-01 17:00:45,0.14134,0.14134
2018-11-01 18:00:15,0.12205,0.12205
2018-11-01 18:00:45,0.18482,0.18482
2018-11-01 19:00:15,0.055985,0.055985
2018-11-01 19:00:45,-0.085589,-0.085589
2018-11-01 20:00:15,-0.02093,-0.02093
2018-11-01 20:00:45,0.000466,0.000466
2018-11-01 21:00:15,-0.067692,-0.067692
2018-11-01 21:00:45,,0.023260797500000003
2018-11-01 22:00:15,0.08386,0.08386
2018-11-01 22:00:45,-0.007585,-0.007585
2018-11-01 23:00:15,0.05384,0.05384
2018-11-01 23:00:45,0.1477,0.1477
2018-11-02 00:00:15,-0.046021,-0.046021
2018-11-02 00:00:45,,-0.0036438875000000008
2018-11-02 01:00:15,-0.010261,-0.010261
2018-11-02 01:00:45,,-0.0143316475
2018-11-02 02:00:15,,-0.011402710000000005
2018-11-02 02:00:45,,0.004095929999999999
2018-11-02 03:00:15,,-0.005769517499999998
2018-11-02 03:00:45,-0.10054,-0.10054
2018-11-02 04:00:15,-0.007856,-0.007856
2018-11-02 04:00:45,,-0.03172815
2018-11-02 05:00:15,-0.026655,-0.026655
2018-11-02 05:00:45,0.35249,0.35249
2018-11-02 06:00:15,-0.12113,-0.12113
2018-11-02 06:00:45,-0.20994,-0.20994
2018-11-02 07:00:15,-0.34324,-0.34324
2018-11-02 07:00:45,-0.61073,-0.61073
2018-11-02 08:00:15,-0.68609,-0.68609
2018-11-02 08:00:45,-1.7984,-1.7984
2018-11-02 09:00:15,-2.1683,-2.1683
2018-11-02 09:00:45,-1.4138,-1.4138
2018-11-02 10:00:15,-1.7075,-1.7075
2018-11-02 10:00:45,-1.7603,-1.7603
2018-11-02 11:00:15,-1.2099,-1.2099
2018-11-02 11:00:45,-1.9215,-1.9215
2018-11-02 12:00:15,-0.059219,-0.059219
2018-11-02 12:00:45,-1.4667,-1.4667
2018-11-02 13:00:15,-0.82505,-0.82505
2018-11-02 13:00:45,-1.0931,-1.0931
2018-11-02 14:00:15,-1.4048,-1.4048
2018-11-02 14:00:45,,-1.3225636524999995
2018-11-02 15:00:15,-0.85851,-0.85851
2018-11-02 15:00:45,-0.77472,-0.77472
2018-11-02 16:00:15,-0.52117,-0.52117
2018-11-02 16:00:45,-0.005894,-0.005894
2018-11-02 17:00:15,0.29089,0.29089
2018-11-02 17:00:45,0.34156,0.34156
2018-11-02 18:00:15,0.24102,0.24102
2018-11-02 18:00:45,0.28549,0.28549
2018-11-02 19:00:15,0.12977,0.12977
2018-11-02 19:00:45,0.15353,0.15353
2018-11-02 20:00:15,0.14558,0.14558
2018-11-02 20:00:45,-0.09911,-0.09911
2018-11-02 21:00:15,0.093644,0.093644
2018-11-02 21:00:45,0.15085,0.15085
2018-11-02 22:00:15,0.12967,0.12967
2018-11-02 22:00:45,0.075596,0.075596
2018-11-02 23:00:15,0.026344,0.026344
2018-11-02 23:00:45,-0.022698,-0.022698
2018-11-03 00:00:15,0.07064,0.07064
2018-11-03 00:00:45,-0.098824,-0.098824
2018-11-03 01:00:15,-0.005245,-0.005245
2018-11-03 01:00:45,0.05859,0.05859
2018-11-03 02:00:15,-0.051236,-0.051236
2018-11-03 02:00:45,0.19457,0.19457
2018-11-03 03:00:15,0.025361,0.025361
2018-11-03 03:00:45,0.004127,0.004127
2018-11-03 04:00:15,,-0.0007384800000000001
2018-11-03 04:00:45,,-0.0077076325000000005
2018-11-03 05:00:15,-0.14037,-0.14037
2018-11-03 05:00:45,0.077421,0.077421
2018-11-03 06:00:15,0.085806,0.085806
2018-11-03 06:00:45,-0.24355,-0.24355
2018-11-03 07:00:15,-0.53981,-0.53981
2018-11-03 07:00:45,-0.3356,-0.3356
2018-11-03 08:00:15,-1.6989,-1.6989
2018-11-03 08:00:45,-1.5558,-1.5558
2018-11-03 09:00:15,-1.3107,-1.3107
2018-11-03 09:00:45,-0.6956,-0.6956
2018-11-03 10:00:15,-0.52774,-0.52774
2018-11-03 10:00:45,-0.72062,-0.72062
2018-11-03 11:00:15,-0.76225,-0.76225
2018-11-03 11:00:45,-0.7014,-0.7014
2018-11-03 12:00:15,-0.76507,-0.76507
2018-11-03 12:00:45,-0.61584,-0.61584
2018-11-03 13:00:15,-0.68996,-0.68996
2018-11-03 13:00:45,-0.92137,-0.92137
2018-11-03 14:00:15,-0.49246,-0.49246
2018-11-03 14:00:45,-0.72064,-0.72064
2018-11-03 15:00:15,-0.45783,-0.45783
2018-11-03 15:00:45,-0.49676,-0.49676
2018-11-03 16:00:15,-0.58274,-0.58274
2018-11-03 16:00:45,-0.28906,-0.28906
2018-11-03 17:00:15,0.31745,0.31745
2018-11-03 17:00:45,0.28089,0.28089
2018-11-03 18:00:15,0.16923,0.16923
2018-11-03 18:00:45,0.096057,0.096057
2018-11-03 19:00:15,-0.025355,-0.025355
2018-11-03 19:00:45,-0.075668,-0.075668
2018-11-03 20:00:15,0.089714,0.089714
2018-11-03 20:00:45,0.016482,0.016482
2018-11-03 21:00:15,0.032423,0.032423
2018-11-03 21:00:45,-0.10659,-0.10659
2018-11-03 22:00:15,0.023419,0.023419
2018-11-03 22:00:45,-0.037138,-0.037138
2018-11-03 23:00:15,-0.044363,-0.044363
2018-11-03 23:00:45,-0.12579,-0.12579
2018-11-04 00:00:15,-0.026029,-0.026029
2018-11-04 00:00:45,-0.078844,-0.078844
2018-11-04 01:00:15,0.62226,0.62226
2018-11-04 01:00:45,0.007453,0.007453
2018-11-04 02:00:15,-0.030376,-0.030376
2018-11-04 02:00:45,-0.04211,-0.04211
2018-11-04 03:00:15,0.015578,0.015578
2018-11-04 03:00:45,-0.10399,-0.10399
2018-11-04 04:00:15,-0.11326,-0.11326
2018-11-04 04:00:45,-0.07491,-0.07491
2018-11-04 05:00:15,-0.15082,-0.15082
2018-11-04 05:00:45,-0.15198,-0.15198
2018-11-04 06:00:15,-0.15817,-0.15817
2018-11-04 06:00:45,-0.045296,-0.045296
2018-11-04 07:00:15,-0.27998,-0.27998
2018-11-04 07:00:45,-0.78244,-0.78244
2018-11-04 08:00:15,-0.86612,-0.86612
2018-11-04 08:00:45,-0.84368,-0.84368
2018-11-04 09:00:15,-0.86476,-0.86476
2018-11-04 09:00:45,-1.4802,-1.4802
2018-11-04 10:00:15,-1.5243,-1.5243
2018-11-04 10:00:45,-0.73374,-0.73374
2018-11-04 11:00:15,-1.2282,-1.2282
2018-11-04 11:00:45,-1.2799,-1.2799
2018-11-04 12:00:15,-1.4588,-1.4588
2018-11-04 12:00:45,-1.2346,-1.2346
2018-11-04 13:00:15,-1.1017,-1.1017
2018-11-04 13:00:45,-0.91135,-0.91135
2018-11-04 14:00:15,-1.2101,-1.2101
2018-11-04 14:00:45,-1.1396,-1.1396
2018-11-04 15:00:15,-0.90617,-0.90617
2018-11-04 15:00:45,-0.32225,-0.32225
2018-11-04 16:00:15,-0.087775,-0.087775
2018-11-04 16:00:45,-0.037473,-0.037473
2018-11-04 17:00:15,0.55044,0.55044
2018-11-04 17:00:45,0.45529,0.45529
2018-11-04 18:00:15,0.35632,0.35632
2018-11-04 18:00:45,0.039371,0.039371
2018-11-04 19:00:15,0.068888,0.068888
2018-11-04 19:00:45,0.13131,0.13131
2018-11-04 20:00:15,0.072871,0.072871
2018-11-04 20:00:45,0.019232,0.019232
2018-11-04 21:00:15,0.042124,0.042124
2018-11-04 21:00:45,0.082483,0.082483
2018-11-04 22:00:15,0.043138,0.043138
2018-11-04 22:00:45,0.081501,0.081501
2018-11-04 23:00:15,0.24175,0.24175
2018-11-04 23:00:45,0.10525,0.10525
2018-11-05 00:00:15,0.261,0.261
2018-11-05 00:00:45,0.32904,0.32904
2018-11-05 01:00:15,-0.009298,-0.009298
2018-11-05 01:00:45,0.1492,0.1492
2018-11-05 02:00:15,0.063489,0.063489
2018-11-05 02:00:45,0.13371,0.13371
2018-11-05 03:00:15,0.18035,0.18035
2018-11-05 03:00:45,0.21079,0.21079
2018-11-05 04:00:15,0.12926,0.12926
2018-11-05 04:00:45,0.072723,0.072723
2018-11-05 05:00:15,-0.032566,-0.032566
2018-11-05 05:00:45,,0.03346888249999999
2018-11-05 06:00:15,0.003474,0.003474
2018-11-05 06:00:45,-0.19051,-0.19051
2018-11-05 07:00:15,-0.60798,-0.60798
2018-11-05 07:00:45,-2.4188,-2.4188
2018-11-05 08:00:15,-1.0381,-1.0381
2018-11-05 08:00:45,-1.1521,-1.1521
2018-11-05 09:00:15,-2.2948,-2.2948
2018-11-05 09:00:45,-1.8885,-1.8885
2018-11-05 10:00:15,-1.201,-1.201
2018-11-05 10:00:45,-1.1909,-1.1909
2018-11-05 11:00:15,-0.63724,-0.63724
2018-11-05 11:00:45,-1.1811,-1.1811
2018-11-05 12:00:15,-1.1882,-1.1882
2018-11-05 12:00:45,-0.8053,-0.8053
2018-11-05 13:00:15,-0.71734,-0.71734
2018-11-05 13:00:45,-0.97676,-0.97676
2018-11-05 14:00:15,-0.8455,-0.8455
2018-11-05 14:00:45,-0.493,-0.493
2018-11-05 15:00:15,-0.4527,-0.4527
2018-11-05 15:00:45,-0.59697,-0.59697
2018-11-05 16:00:15,-0.42365,-0.42365
2018-11-05 16:00:45,0.006038,0.006038
2018-11-05 17:00:15,0.28846,0.28846
2018-11-05 17:00:45,0.27589,0.27589
2018-11-05 18:00:15,-0.10211,-0.10211
2018-11-05 18:00:45,-0.003721,-0.003721
2018-11-05 19:00:15,0.008241,0.008241
2018-11-05 19:00:45,-0.067476,-0.067476
2018-11-05 20:00:15,0.037228,0.037228
2018-11-05 20:00:45,-0.034637,-0.034637
2018-11-05 21:00:15,0.11457,0.11457
2018-11-05 21:00:45,-0.04235,-0.04235
2018-11-05 22:00:15,0.006568,0.006568
2018-11-05 22:00:45,0.044364,0.044364
2018-11-05 23:00:15,-0.007526,-0.007526
2018-11-05 23:00:45,0.18344,0.18344
2018-11-06 00:00:15,,-0.0092190325
2018-11-06 00:00:45,0.011064,0.011064
2018-11-06 01:00:15,,0.012889802499999999
2018-11-06 01:00:45,-0.039664,-0.039664
2018-11-06 02:00:15,-0.10877,-0.10877
2018-11-06 02:00:45,-0.005085,-0.005085
2018-11-06 03:00:15,,0.037812197500000005
2018-11-06 03:00:45,-0.017231,-0.017231
2018-11-06 04:00:15,-0.086345,-0.086345
2018-11-06 04:00:45,-0.087969,-0.087969
2018-11-06 05:00:15,-0.005348,-0.005348
2018-11-06 05:00:45,-0.17773,-0.17773
2018-11-06 06:00:15,0.093204,0.093204
2018-11-06 06:00:45,-0.185,-0.185
2018-11-06 07:00:15,-0.55205,-0.55205
2018-11-06 07:00:45,-0.74515,-0.74515
2018-11-06 08:00:15,-1.0846,-1.0846
2018-11-06 08:00:45,-1.0059,-1.0059
2018-11-06 09:00:15,-0.98401,-0.98401
2018-11-06 09:00:45,-0.75607,-0.75607
2018-11-06 10:00:15,-0.79555,-0.79555
2018-11-06 10:00:45,-0.92339,-0.92339
2018-11-06 11:00:15,-1.0901,-1.0901
2018-11-06 11:00:45,-1.3657,-1.3657
2018-11-06 12:00:15,-1.293,-1.293
2018-11-06 12:00:45,-0.98222,-0.98222
2018-11-06 13:00:15,-0.87207,-0.87207
2018-11-06 13:00:45,-1.0472,-1.0472
2018-11-06 14:00:15,-1.0532,-1.0532
2018-11-06 14:00:45,-0.74342,-0.74342
2018-11-06 15:00:15,-0.8893,-0.8893
2018-11-06 15:00:45,-0.83192,-0.83192
2018-11-06 16:00:15,-0.53205,-0.53205
2018-11-06 16:00:45,-0.18507,-0.18507
2018-11-06 17:00:15,-0.052909,-0.052909
2018-11-06 17:00:45,0.32719,0.32719
2018-11-06 18:00:15,0.28057,0.28057
2018-11-06 18:00:45,0.041849,0.041849
2018-11-06 19:00:15,0.11711,0.11711
2018-11-06 19:00:45,0.043028,0.043028
2018-11-06 20:00:15,-0.023436,-0.023436
2018-11-06 20:00:45,-0.063974,-0.063974
2018-11-06 21:00:15,,0.0674646925
2018-11-06 21:00:45,0.085837,0.085837
2018-11-06 22:00:15,-0.009521,-0.009521
2018-11-06 22:00:45,-0.019129,-0.019129
2018-11-06 23:00:15,0.037118,0.037118
2018-11-06 23:00:45,0.035284,0.035284
2018-11-07 00:00:15,0.011206,0.011206
2018-11-07 00:00:45,0.024898,0.024898
2018-11-07 01:00:15,-0.055181,-0.055181
2018-11-07 01:00:45,0.037,0.037
2018-11-07 02:00:15,-0.068638,-0.068638
2018-11-07 02:00:45,0.092253,0.092253
2018-11-07 03:00:15,0.13879,0.13879
2018-11-07 03:00:45,-0.016601,-0.016601
2018-11-07 04:00:15,-0.10091,-0.10091
2018-11-07 04:00:45,-0.067348,-0.067348
2018-11-07 05:00:15,-0.00895,-0.00895
2018-11-07 05:00:45,-0.10131,-0.10131
2018-11-07 06:00:15,,-0.018362230000000004
2018-11-07 06:00:45,-0.11926,-0.11926
2018-11-07 07:00:15,-0.56219,-0.56219
2018-11-07 07:00:45,-1.406,-1.406
2018-11-07 08:00:15,-1.4209,-1.4209
2018-11-07 08:00:45,-1.1584,-1.1584
2018-11-07 09:00:15,-1.1819,-1.1819
2018-11-07 09:00:45,-1.5297,-1.5297
2018-11-07 10:00:15,-1.5119,-1.5119
2018-11-07 10:00:45,-2.0168,-2.0168
2018-11-07 11:00:15,-1.9186,-1.9186
2018-11-07 11:00:45,-1.8936,-1.8936
2018-11-07 12:00:15,-2.011,-2.011
2018-11-07 12:00:45,-1.5551,-1.5551
2018-11-07 13:00:15,-0.95728,-0.95728
2018-11-07 13:00:45,-1.8511,-1.8511
2018-11-07 14:00:15,-1.7073,-1.7073
2018-11-07 14:00:45,-1.2018,-1.2018
2018-11-07 15:00:15,-0.85113,-0.85113
2018-11-07 15:00:45,-0.64288,-0.64288
2018-11-07 16:00:15,-0.46408,-0.46408
2018-11-07 16:00:45,0.11433,0.11433
2018-11-07 17:00:15,0.033084,0.033084
2018-11-07 17:00:45,0.050392,0.050392
2018-11-07 18:00:15,0.12521,0.12521
2018-11-07 18:00:45,-0.005074,-0.005074
2018-11-07 19:00:15,-0.064436,-0.064436
2018-11-07 19:00:45,0.010046,0.010046
2018-11-07 20:00:15,1.6153,1.6153
2018-11-07 20:00:45,0.26906,0.26906
2018-11-07 21:00:15,0.13242,0.13242
2018-11-07 21:00:45,0.25788,0.25788
2018-11-07 22:00:15,0.011945,0.011945
2018-11-07 22:00:45,0.074153,0.074153
2018-11-07 23:00:15,0.029403,0.029403
2018-11-07 23:00:45,0.07855,0.07855
2018-11-08 00:00:15,0.1864,0.1864
2018-11-08 00:00:45,0.11189,0.11189
2018-11-08 01:00:15,-0.036075,-0.036075
2018-11-08 01:00:45,0.081122,0.081122
2018-11-08 02:00:15,0.12473,0.12473
2018-11-08 02:00:45,-0.022187,-0.022187
2018-11-08 03:00:15,0.13469,0.13469
2018-11-08 03:00:45,-0.054903,-0.054903
2018-11-08 04:00:15,0.24537,0.24537
2018-11-08 04:00:45,0.030452,0.030452
2018-11-08 05:00:15,0.050393,0.050393
2018-11-08 05:00:45,-0.15063,-0.15063
2018-11-08 06:00:15,-0.018767,-0.018767
2018-11-08 06:00:45,-0.063223,-0.063223
2018-11-08 07:00:15,,-0.6779895975000002
2018-11-08 07:00:45,-0.27693,-0.27693
2018-11-08 08:00:15,-1.1334,-1.1334
2018-11-08 08:00:45,-1.2122,-1.2122
2018-11-08 09:00:15,-1.4693,-1.4693
2018-11-08 09:00:45,-0.58317,-0.58317
2018-11-08 10:00:15,-1.2671,-1.2671
2018-11-08 10:00:45,-0.070455,-0.070455
2018-11-08 11:00:15,-1.0734,-1.0734
2018-11-08 11:00:45,-1.1353,-1.1353
2018-11-08 12:00:15,-0.9474,-0.9474
2018-11-08 12:00:45,-0.65858,-0.65858
2018-11-08 13:00:15,-0.63878,-0.63878
2018-11-08 13:00:45,-1.0096,-1.0096
2018-11-08 14:00:15,-0.78201,-0.78201
2018-11-08 14:00:45,-1.3991,-1.3991
2018-11-08 15:00:15,-0.99408,-0.99408
2018-11-08 15:00:45,-1.2484,-1.2484
2018-11-08 16:00:15,0.06821,0.06821
2018-11-08 16:00:45,0.30984,0.30984
2018-11-08 17:00:15,0.2615,0.2615
2018-11-08 17:00:45,0.23676,0.23676
2018-11-08 18:00:15,0.11689,0.11689
2018-11-08 18:00:45,0.19384,0.19384
2018-11-08 19:00:15,0.23294,0.23294
2018-11-08 19:00:45,0.15269,0.15269
2018-11-08 20:00:15,0.19134,0.19134
2018-11-08 20:00:45,0.18583,0.18583
2018-11-08 21:00:15,0.10473,0.10473
2018-11-08 21:00:45,0.21015,0.21015
2018-11-08 22:00:15,0.076711,0.076711
2018-11-08 22:00:45,0.008204,0.008204
2018-11-08 23:00:15,0.068422,0.068422
2018-11-08 23:00:45,0.090654,0.090654
2018-11-09 00:00:15,0.035043,0.035043
2018-11-09 00:00:45,-0.086857,-0.086857
2018-11-09 01:00:15,-0.024975,-0.024975
2018-11-09 01:00:45,-0.081291,-0.081291
2018-11-09 02:00:15,-0.016935,-0.016935
2018-11-09 02:00:45,0.074913,0.074913
2018-11-09 03:00:15,-0.10993,-0.10993
2018-11-09 03:00:45,-0.15472,-0.15472
2018-11-09 04:00:15,-0.10998,-0.10998
2018-11-09 04:00:45,-0.17991,-0.17991
2018-11-09 05:00:15,,0.19935740749999997
2018-11-09 05:00:45,0.23933,0.23933
2018-11-09 06:00:15,0.2594,0.2594
2018-11-09 06:00:45,0.29307,0.29307
2018-11-09 07:00:15,0.099412,0.099412
2018-11-09 07:00:45,,-0.33803706
2018-11-09 08:00:15,,-0.5799745124999998
2018-11-09 08:00:45,,-0.5234184549999998
2018-11-09 09:00:15,,-0.49860183749999987
2018-11-09 09:00:45,,-0.49933268000000003
2018-11-09 10:00:15,,-0.6719602050000001
2018-11-09 10:00:45,,-0.7339741125000001
2018-11-09 11:00:15,,-0.7600757275000001
2018-11-09 11:00:45,,-0.74728106
2018-11-09 12:00:15,,-0.7541661925
2018-11-09 12:00:45,,-0.727134425
2018-11-09 13:00:15,,-0.6808970299999999
2018-11-09 13:00:45,,-0.9410921674999999
2018-11-09 14:00:15,,-0.8684413475
2018-11-09 14:00:45,,-0.9425557075
2018-11-09 15:00:15,,-0.9276958424999998
2018-11-09 15:00:45,,-0.842942335
2018-11-09 16:00:15,,-0.38079795499999997
2018-11-09 16:00:45,,-0.10513167999999998
2018-11-09 17:00:15,,0.0813479225
2018-11-09 17:00:45,,0.0521188075
2018-11-09 18:00:15,,-0.010453585
2018-11-09 18:00:45,,-0.007015597500000005
2018-11-09 19:00:15,,-0.0254121425
2018-11-09 19:00:45,,-0.020540960000000004
2018-11-09 20:00:15,,-0.03431979499999999
2018-11-09 20:00:45,,-0.0340167125
2018-11-09 21:00:15,,-0.02374879
2018-11-09 21:00:45,,-0.028284307499999994
2018-11-09 22:00:15,,-0.039542247499999995
2018-11-09 22:00:45,,-0.06607517000000002
2018-11-09 23:00:15,,-0.0907401725
2018-11-09 23:00:45,,-0.075480605
2018-11-10 00:00:15,-0.052887,-0.052887
2018-11-10 00:00:45,-0.066258,-0.066258
2018-11-10 01:00:15,-0.088397,-0.088397
2018-11-10 01:00:45,-0.14491,-0.14491
2018-11-10 02:00:15,-0.12599,-0.12599
2018-11-10 02:00:45,0.001718,0.001718
2018-11-10 03:00:15,0.076979,0.076979
2018-11-10 03:00:45,-0.001821,-0.001821
2018-11-10 04:00:15,0.018709,0.018709
2018-11-10 04:00:45,0.013137,0.013137
2018-11-10 05:00:15,-0.089637,-0.089637
2018-11-10 05:00:45,0.011912,0.011912
2018-11-10 06:00:15,0.081129,0.081129
2018-11-10 06:00:45,-0.1421,-0.1421
2018-11-10 07:00:15,-0.3683,-0.3683
2018-11-10 07:00:45,-0.54964,-0.54964
2018-11-10 08:00:15,-0.71287,-0.71287
2018-11-10 08:00:45,-0.61388,-0.61388
2018-11-10 09:00:15,-0.87346,-0.87346
2018-11-10 09:00:45,-1.1392,-1.1392
2018-11-10 10:00:15,-1.1768,-1.1768
2018-11-10 10:00:45,-0.90984,-0.90984
2018-11-10 11:00:15,-1.4366,-1.4366
2018-11-10 11:00:45,-0.7959,-0.7959
2018-11-10 12:00:15,-0.80025,-0.80025
2018-11-10 12:00:45,-0.98256,-0.98256
2018-11-10 13:00:15,-1.1234,-1.1234
2018-11-10 13:00:45,-0.94133,-0.94133
2018-11-10 14:00:15,-0.88166,-0.88166
2018-11-10 14:00:45,-0.23328,-0.23328
2018-11-10 15:00:15,-0.54438,-0.54438
2018-11-10 15:00:45,-0.55896,-0.55896
2018-11-10 16:00:15,-0.090019,-0.090019
2018-11-10 16:00:45,0.1282,0.1282
2018-11-10 17:00:15,0.45801,0.45801
2018-11-10 17:00:45,0.54693,0.54693
2018-11-10 18:00:15,0.43936,0.43936
2018-11-10 18:00:45,0.4653,0.4653
2018-11-10 19:00:15,0.522,0.522
2018-11-10 19:00:45,0.34684,0.34684
2018-11-10 20:00:15,0.74667,0.74667
2018-11-10 20:00:45,0.57513,0.57513
2018-11-10 21:00:15,0.1949,0.1949
2018-11-10 21:00:45,0.25882,0.25882
2018-11-10 22:00:15,0.14294,0.14294
2018-11-10 22:00:45,0.14803,0.14803
2018-11-10 23:00:15,0.089711,0.089711
2018-11-10 23:00:45,0.13643,0.13643
2018-11-11 00:00:15,0.082442,0.082442
2018-11-11 00:00:45,0.044604,0.044604
2018-11-11 01:00:15,,-0.011515325
2018-11-11 01:00:45,0.001592,0.001592
2018-11-11 02:00:15,-0.085104,-0.085104
2018-11-11 02:00:45,-0.064612,-0.064612
2018-11-11 03:00:15,-0.056921,-0.056921
2018-11-11 03:00:45,-0.070103,-0.070103
2018-11-11 04:00:15,-0.088118,-0.088118
2018-11-11 04:00:45,-0.099078,-0.099078
2018-11-11 05:00:15,-0.11054,-0.11054
2018-11-11 05:00:45,-0.041986,-0.041986
2018-11-11 06:00:15,-0.10106,-0.10106
2018-11-11 06:00:45,-0.10609,-0.10609
2018-11-11 07:00:15,-0.35418,-0.35418
2018-11-11 07:00:45,-0.84571,-0.84571
2018-11-11 08:00:15,-1.1212,-1.1212
2018-11-11 08:00:45,-1.0464,-1.0464
2018-11-11 09:00:15,-0.61916,-0.61916
2018-11-11 09:00:45,-0.85555,-0.85555
2018-11-11 10:00:15,-0.44152,-0.44152
2018-11-11 10:00:45,-0.64124,-0.64124
2018-11-11 11:00:15,-1.172,-1.172
2018-11-11 11:00:45,-1.1254,-1.1254
2018-11-11 12:00:15,-1.5904,-1.5904
2018-11-11 12:00:45,-1.2147,-1.2147
2018-11-11 13:00:15,-1.5891,-1.5891
2018-11-11 13:00:45,-0.85529,-0.85529
2018-11-11 14:00:15,-0.45557,-0.45557
2018-11-11 14:00:45,-0.18929,-0.18929
2018-11-11 15:00:15,-0.96418,-0.96418
2018-11-11 15:00:45,0.092556,0.092556
2018-11-11 16:00:15,,0.20592102750000005
2018-11-11 16:00:45,,-0.004451035000000013
2018-11-11 17:00:15,0.20058,0.20058
2018-11-11 17:00:45,0.36165,0.36165
2018-11-11 18:00:15,-0.080531,-0.080531
2018-11-11 18:00:45,0.56126,0.56126
2018-11-11 19:00:15,-0.11162,-0.11162
2018-11-11 19:00:45,0.38588,0.38588
2018-11-11 20:00:15,0.12051,0.12051
2018-11-11 20:00:45,0.10572,0.10572
2018-11-11 21:00:15,,0.1485713475
2018-11-11 21:00:45,0.066166,0.066166
2018-11-11 22:00:15,-0.12368,-0.12368
2018-11-11 22:00:45,0.088434,0.088434
2018-11-11 23:00:15,-0.17973,-0.17973
2018-11-11 23:00:45,0.14734,0.14734
2018-11-12 00:00:15,0.1393,0.1393
2018-11-12 00:00:45,0.19895,0.19895
2018-11-12 01:00:15,0.097398,0.097398
2018-11-12 01:00:45,0.10482,0.10482
2018-11-12 02:00:15,0.097233,0.097233
2018-11-12 02:00:45,0.26114,0.26114
2018-11-12 03:00:15,-0.026325,-0.026325
2018-11-12 03:00:45,,0.12377877999999998
2018-11-12 04:00:15,0.004798,0.004798
2018-11-12 04:00:45,0.34004,0.34004
2018-11-12 05:00:15,0.35265,0.35265
2018-11-12 05:00:45,0.50669,0.50669
2018-11-12 06:00:15,0.42094,0.42094
2018-11-12 06:00:45,0.57494,0.57494
2018-11-12 07:00:15,0.39862,0.39862
2018-11-12 07:00:45,1.0399,1.0399
2018-11-12 08:00:15,0.74433,0.74433
2018-11-12 08:00:45,0.69558,0.69558
2018-11-12 09:00:15,0.89088,0.89088
2018-11-12 09:00:45,1.2527,1.2527
2018-11-12 10:00:15,1.6688,1.6688
2018-11-12 10:00:45,1.2317,1.2317
2018-11-12 11:00:15,1.6286,1.6286
2018-11-12 11:00:45,1.6298,1.6298
2018-11-12 12:00:15,0.22051,0.22051
2018-11-12 12:00:45,-0.52117,-0.52117
2018-11-12 13:00:15,-0.079189,-0.079189
2018-11-12 13:00:45,-0.18077,-0.18077
2018-11-12 14:00:15,-0.1268,-0.1268
2018-11-12 14:00:45,0.045843,0.045843
2018-11-12 15:00:15,0.60551,0.60551
2018-11-12 15:00:45,-0.39449,-0.39449
2018-11-12 16:00:15,-0.090859,-0.090859
2018-11-12 16:00:45,0.005748,0.005748
2018-11-12 17:00:15,0.080069,0.080069
2018-11-12 17:00:45,0.14823,0.14823
2018-11-12 18:00:15,0.096427,0.096427
2018-11-12 18:00:45,0.11286,0.11286
2018-11-12 19:00:15,0.22954,0.22954
2018-11-12 19:00:45,0.16663,0.16663
2018-11-12 20:00:15,0.1979,0.1979
2018-11-12 20:00:45,0.26039,0.26039
2018-11-12 21:00:15,0.18503,0.18503
2018-11-12 21:00:45,0.19622,0.19622
2018-11-12 22:00:15,0.37515,0.37515
2018-11-12 22:00:45,0.39305,0.39305
2018-11-12 23:00:15,0.43003,0.43003
2018-11-12 23:00:45,0.41334,0.41334
2018-11-13 00:00:15,0.35619,0.35619
2018-11-13 00:00:45,0.29871,0.29871
2018-11-13 01:00:15,0.37065,0.37065
2018-11-13 01:00:45,,0.37070400750000004
2018-11-13 02:00:15,,0.3784979550000001
2018-11-13 02:00:45,0.38854,0.38854
2018-11-13 03:00:15,0.3206,0.3206
2018-11-13 03:00:45,,0.4910941674999998
2018-11-13 04:00:15,0.56735,0.56735
2018-11-13 04:00:45,0.48525,0.48525
2018-11-13 05:00:15,0.4874,0.4874
2018-11-13 05:00:45,0.54335,0.54335
2018-11-13 06:00:15,0.57549,0.57549
2018-11-13 06:00:45,0.24569,0.24569
2018-11-13 07:00:15,-0.2286,-0.2286
2018-11-13 07:00:45,0.27087,0.27087
2018-11-13 08:00:15,1.0648,1.0648
2018-11-13 08:00:45,0.91405,0.91405
2018-11-13 09:00:15,0.94373,0.94373
2018-11-13 09:00:45,0.76622,0.76622
2018-11-13 10:00:15,1.8289,1.8289
2018-11-13 10:00:45,1.2338,1.2338
2018-11-13 11:00:15,0.40331,0.40331
2018-11-13 11:00:45,0.026323,0.026323
2018-11-13 12:00:15,-0.085106,-0.085106
2018-11-13 12:00:45,-0.03841,-0.03841
2018-11-13 13:00:15,-0.059862,-0.059862
2018-11-13 13:00:45,-0.13627,-0.13627
2018-11-13 14:00:15,-0.24867,-0.24867
2018-11-13 14:00:45,-0.27508,-0.27508
2018-11-13 15:00:15,-0.24801,-0.24801
2018-11-13 15:00:45,-0.58395,-0.58395
2018-11-13 16:00:15,-0.22087,-0.22087
2018-11-13 16:00:45,-0.16065,-0.16065
2018-11-13 17:00:15,0.03252,0.03252
2018-11-13 17:00:45,0.031517,0.031517
2018-11-13 18:00:15,0.018274,0.018274
2018-11-13 18:00:45,-0.017843,-0.017843
2018-11-13 19:00:15,-0.029909,-0.029909
2018-11-13 19:00:45,-0.016059,-0.016059
2018-11-13 20:00:15,-0.061722,-0.061722
2018-11-13 20:00:45,0.23752,0.23752
2018-11-13 21:00:15,0.35041,0.35041
2018-11-13 21:00:45,-0.024285,-0.024285
2018-11-13 22:00:15,-0.073755,-0.073755
2018-11-13 22:00:45,-0.023264,-0.023264
2018-11-13 23:00:15,0.28852,0.28852
2018-11-13 23:00:45,0.36605,0.36605
2018-11-14 00:00:15,0.33006,0.33006
2018-11-14 00:00:45,0.27473,0.27473
2018-11-14 01:00:15,0.34809,0.34809
2018-11-14 01:00:45,0.33317,0.33317
2018-11-14 02:00:15,0.25938,0.25938
2018-11-14 02:00:45,0.41405,0.41405
2018-11-14 03:00:15,0.34595,0.34595
2018-11-14 03:00:45,0.26565,0.26565
2018-11-14 04:00:15,0.40971,0.40971
2018-11-14 04:00:45,0.40233,0.40233
2018-11-14 05:00:15,,0.41458502749999987
2018-11-14 05:00:45,0.76003,0.76003
2018-11-14 06:00:15,0.47987,0.47987
2018-11-14 06:00:45,0.30995,0.30995
2018-11-14 07:00:15,0.24585,0.24585
2018-11-14 07:00:45,0.67542,0.67542
2018-11-14 08:00:15,1.0514,1.0514
2018-11-14 08:00:45,,1.0890513500000005
2018-11-14 09:00:15,1.8709,1.8709
2018-11-14 09:00:45,0.73654,0.73654
2018-11-14 10:00:15,0.65583,0.65583
2018-11-14 10:00:45,-0.035296,-0.035296
2018-11-14 11:00:15,0.051717,0.051717
2018-11-14 11:00:45,0.12049,0.12049
2018-11-14 12:00:15,0.093824,0.093824
2018-11-14 12:00:45,-0.41871,-0.41871
2018-11-14 13:00:15,-0.17414,-0.17414
2018-11-14 13:00:45,-0.11156,-0.11156
2018-11-14 14:00:15,-0.25688,-0.25688
2018-11-14 14:00:45,0.57132,0.57132
2018-11-14 15:00:15,-0.60906,-0.60906
2018-11-14 15:00:45,-0.86387,-0.86387
2018-11-14 16:00:15,-0.032627,-0.032627
2018-11-14 16:00:45,-0.036478,-0.036478
2018-11-14 17:00:15,,-0.025810512499999994
2018-11-14 17:00:45,,-0.05006591999999999
2018-11-14 18:00:15,,-0.05594295499999999
2018-11-14 18:00:45,-0.053323,-0.053323
2018-11-14 19:00:15,-0.060134,-0.060134
2018-11-14 19:00:45,-0.017659,-0.017659
2018-11-14 20:00:15,-0.11419,-0.11419
2018-11-14 20:00:45,-0.03448,-0.03448
2018-11-14 21:00:15,-0.099516,-0.099516
2018-11-14 21:00:45,0.013096,0.013096
2018-11-14 22:00:15,-0.08616,-0.08616
2018-11-14 22:00:45,,-0.0677705925
2018-11-14 23:00:15,-0.18643,-0.18643
2018-11-14 23:00:45,-0.004386,-0.004386
2018-11-15 00:00:15,-0.027388,-0.027388
2018-11-15 00:00:45,,0.050536139999999986
2018-11-15 01:00:15,0.51975,0.51975
2018-11-15 01:00:45,-0.11896,-0.11896
2018-11-15 02:00:15,-0.10273,-0.10273
2018-11-15 02:00:45,-0.02666,-0.02666
2018-11-15 03:00:15,,0.0475205125
2018-11-15 03:00:45,,0.10031848999999995
2018-11-15 04:00:15,,0.19848505000000002
2018-11-15 04:00:45,0.33921,0.33921
2018-11-15 05:00:15,0.35213,0.35213
2018-11-15 05:00:45,0.34848,0.34848
2018-11-15 06:00:15,0.18791,0.18791
2018-11-15 06:00:45,0.29113,0.29113
2018-11-15 07:00:15,-0.008331,-0.008331
2018-11-15 07:00:45,0.000666,0.000666
2018-11-15 08:00:15,-1.1214,-1.1214
2018-11-15 08:00:45,-0.010013,-0.010013
2018-11-15 09:00:15,,0.21906754
2018-11-15 09:00:45,0.65632,0.65632
2018-11-15 10:00:15,0.14735,0.14735
2018-11-15 10:00:45,-0.76925,-0.76925
2018-11-15 11:00:15,-0.75263,-0.75263
2018-11-15 11:00:45,-0.75698,-0.75698
2018-11-15 12:00:15,-0.2873,-0.2873
2018-11-15 12:00:45,-0.73653,-0.73653
2018-11-15 13:00:15,-0.65351,-0.65351
2018-11-15 13:00:45,-0.032957,-0.032957
2018-11-15 14:00:15,0.82602,0.82602
2018-11-15 14:00:45,0.1395,0.1395
2018-11-15 15:00:15,-0.27773,-0.27773
2018-11-15 15:00:45,-0.086368,-0.086368
2018-11-15 16:00:15,-0.5202,-0.5202
2018-11-15 16:00:45,-0.042011,-0.042011
2018-11-15 17:00:15,-0.005225,-0.005225
2018-11-15 17:00:45,-0.002738,-0.002738
2018-11-15 18:00:15,-0.085558,-0.085558
2018-11-15 18:00:45,-0.12806,-0.12806
2018-11-15 19:00:15,-0.13992,-0.13992
2018-11-15 19:00:45,-0.02757,-0.02757
2018-11-15 20:00:15,-0.10291,-0.10291
2018-11-15 20:00:45,-0.18502,-0.18502
2018-11-15 21:00:15,-0.07987,-0.07987
2018-11-15 21:00:45,-0.11454,-0.11454
2018-11-15 22:00:15,-0.027849,-0.027849
2018-11-15 22:00:45,-0.05225,-0.05225
2018-11-15 23:00:15,-0.008679,-0.008679
2018-11-15 23:00:45,-0.015407,-0.015407
2018-11-16 00:00:15,,0.055006385
2018-11-16 00:00:45,-0.018926,-0.018926
2018-11-16 01:00:15,-0.01171,-0.01171
2018-11-16 01:00:45,-0.005668,-0.005668
2018-11-16 02:00:15,-0.0313,-0.0313
2018-11-16 02:00:45,-0.031616,-0.031616
2018-11-16 03:00:15,0.044911,0.044911
2018-11-16 03:00:45,,-0.008549557499999999
2018-11-16 04:00:15,0.16171,0.16171
2018-11-16 04:00:45,0.1161,0.1161
2018-11-16 05:00:15,-0.043797,-0.043797
2018-11-16 05:00:45,0.50186,0.50186
2018-11-16 06:00:15,,0.2686020250000001
2018-11-16 06:00:45,0.28754,0.28754
2018-11-16 07:00:15,0.33286,0.33286
2018-11-16 07:00:45,,-0.35435063749999984
2018-11-16 08:00:15,,-0.5280200100000002
2018-11-16 08:00:45,-0.81358,-0.81358
2018-11-16 09:00:15,0.40245,0.40245
2018-11-16 09:00:45,0.67306,0.67306
2018-11-16 10:00:15,-0.3335,-0.3335
2018-11-16 10:00:45,0.81351,0.81351
2018-11-16 11:00:15,-1.4176,-1.4176
2018-11-16 11:00:45,-0.66398,-0.66398
2018-11-16 12:00:15,,-0.507637495
2018-11-16 12:00:45,1.1004,1.1004
2018-11-16 13:00:15,-0.24391,-0.24391
2018-11-16 13:00:45,0.11436,0.11436
2018-11-16 14:00:15,-0.64433,-0.64433
2018-11-16 14:00:45,-0.72127,-0.72127
2018-11-16 15:00:15,-0.4879,-0.4879
2018-11-16 15:00:45,-0.26475,-0.26475
2018-11-16 16:00:15,-0.13083,-0.13083
2018-11-16 16:00:45,0.025842,0.025842
2018-11-16 17:00:15,0.13857,0.13857
2018-11-16 17:00:45,0.018091,0.018091
2018-11-16 18:00:15,-0.031959,-0.031959
2018-11-16 18:00:45,0.035095,0.035095
2018-11-16 19:00:15,0.046192,0.046192
2018-11-16 19:00:45,-0.039048,-0.039048
2018-11-16 20:00:15,0.12903,0.12903
2018-11-16 20:00:45,-0.023072,-0.023072
2018-11-16 21:00:15,0.039284,0.039284
2018-11-16 21:00:45,0.03682,0.03682
2018-11-16 22:00:15,-0.15592,-0.15592
2018-11-16 22:00:45,-0.056575,-0.056575
2018-11-16 23:00:15,-0.14918,-0.14918
2018-11-16 23:00:45,-0.15889,-0.15889
2018-11-17 00:00:15,-0.04702,-0.04702
2018-11-17 00:00:45,-0.027252,-0.027252
2018-11-17 01:00:15,0.018605,0.018605
2018-11-17 01:00:45,-0.017626,-0.017626
2018-11-17 02:00:15,-0.004725,-0.004725
2018-11-17 02:00:45,-0.026464,-0.026464
2018-11-17 03:00:15,-0.008012,-0.008012
2018-11-17 03:00:45,-0.11546,-0.11546
2018-11-17 04:00:15,-0.15111,-0.15111
2018-11-17 04:00:45,-0.039016,-0.039016
2018-11-17 05:00:15,-0.035773,-0.035773
2018-11-17 05:00:45,-0.017899,-0.017899
2018-11-17 06:00:15,-0.036754,-0.036754
2018-11-17 06:00:45,-0.15498,-0.15498
2018-11-17 07:00:15,-0.12173,-0.12173
2018-11-17 07:00:45,-0.26845,-0.26845
2018-11-17 08:00:15,-0.52701,-0.52701
2018-11-17 08:00:45,-0.40718,-0.40718
2018-11-17 09:00:15,-0.50888,-0.50888
2018-11-17 09:00:45,-0.50609,-0.50609
2018-11-17 10:00:15,-0.21135,-0.21135
2018-11-17 10:00:45,-0.33471,-0.33471
2018-11-17 11:00:15,-0.18996,-0.18996
2018-11-17 11:00:45,-0.52823,-0.52823
2018-11-17 12:00:15,-0.77868,-0.77868
2018-11-17 12:00:45,-0.35617,-0.35617
2018-11-17 13:00:15,-0.47158,-0.47158
2018-11-17 13:00:45,-0.73604,-0.73604
2018-11-17 14:00:15,-1.0055,-1.0055
2018-11-17 14:00:45,-0.79086,-0.79086
2018-11-17 15:00:15,-0.16029,-0.16029
2018-11-17 15:00:45,-0.004558,-0.004558
2018-11-17 16:00:15,-0.21793,-0.21793
2018-11-17 16:00:45,-0.18221,-0.18221
2018-11-17 17:00:15,-0.026802,-0.026802
2018-11-17 17:00:45,0.001115,0.001115
2018-11-17 18:00:15,0.035669,0.035669
2018-11-17 18:00:45,-0.069571,-0.069571
2018-11-17 19:00:15,-0.056844,-0.056844
2018-11-17 19:00:45,-0.033756,-0.033756
2018-11-17 20:00:15,-0.039806,-0.039806
2018-11-17 20:00:45,-0.17731,-0.17731
2018-11-17 21:00:15,-0.092482,-0.092482
2018-11-17 21:00:45,-0.04709,-0.04709
2018-11-17 22:00:15,-0.06066,-0.06066
2018-11-17 22:00:45,-0.15435,-0.15435
2018-11-17 23:00:15,-0.17246,-0.17246
2018-11-17 23:00:45,-0.11477,-0.11477
2018-11-18 00:00:15,-0.11637,-0.11637
2018-11-18 00:00:45,-0.08518,-0.08518
2018-11-18 01:00:15,-0.11238,-0.11238
2018-11-18 01:00:45,-0.036054,-0.036054
2018-11-18 02:00:15,-0.06464,-0.06464
2018-11-18 02:00:45,-0.023743,-0.023743
2018-11-18 03:00:15,-0.009575,-0.009575
2018-11-18 03:00:45,-0.16183,-0.16183
2018-11-18 04:00:15,-0.070842,-0.070842
2018-11-18 04:00:45,-0.089374,-0.089374
2018-11-18 05:00:15,,0.0093603425
2018-11-18 05:00:45,0.20697,0.20697
2018-11-18 06:00:15,,0.025167042499999993
2018-11-18 06:00:45,0.63392,0.63392
2018-11-18 07:00:15,,0.23545235999999997
2018-11-18 07:00:45,-0.105,-0.105
2018-11-18 08:00:15,-0.67247,-0.67247
2018-11-18 08:00:45,-0.61173,-0.61173
2018-11-18 09:00:15,0.56453,0.56453
2018-11-18 09:00:45,-0.035087,-0.035087
2018-11-18 10:00:15,1.1386,1.1386
2018-11-18 10:00:45,-0.04056,-0.04056
2018-11-18 11:00:15,-0.8785,-0.8785
2018-11-18 11:00:45,-0.69295,-0.69295
2018-11-18 12:00:15,,-0.6301804925
2018-11-18 12:00:45,-0.17899,-0.17899
2018-11-18 13:00:15,-1.1378,-1.1378
2018-11-18 13:00:45,-0.80099,-0.80099
2018-11-18 14:00:15,-0.60588,-0.60588
2018-11-18 14:00:45,,-0.569494255
2018-11-18 15:00:15,-1.4233,-1.4233
2018-11-18 15:00:45,-1.0748,-1.0748
2018-11-18 16:00:15,-0.21919,-0.21919
2018-11-18 16:00:45,-0.13912,-0.13912
2018-11-18 17:00:15,-0.094928,-0.094928
2018-11-18 17:00:45,-0.04945,-0.04945
2018-11-18 18:00:15,-0.12999,-0.12999
2018-11-18 18:00:45,-0.11191,-0.11191
2018-11-18 19:00:15,-0.1336,-0.1336
2018-11-18 19:00:45,-0.038457,-0.038457
2018-11-18 20:00:15,-0.031646,-0.031646
2018-11-18 20:00:45,0.07983,0.07983
2018-11-18 21:00:15,,-0.007866667499999999
2018-11-18 21:00:45,,-0.0054315200000000004
2018-11-18 22:00:15,-0.075882,-0.075882
2018-11-18 22:00:45,-0.19529,-0.19529
2018-11-18 23:00:15,,-0.07363454750000002
2018-11-18 23:00:45,-0.056213,-0.056213
2018-11-19 00:00:15,-0.077026,-0.077026
2018-11-19 00:00:45,0.00778,0.00778
2018-11-19 01:00:15,-0.12519,-0.12519
2018-11-19 01:00:45,-0.037428,-0.037428
2018-11-19 02:00:15,-0.009949,-0.009949
2018-11-19 02:00:45,-0.096485,-0.096485
2018-11-19 03:00:15,-0.007067,-0.007067
2018-11-19 03:00:45,0.16372,0.16372
2018-11-19 04:00:15,-0.044894,-0.044894
2018-11-19 04:00:45,0.20243,0.20243
2018-11-19 05:00:15,0.1721,0.1721
2018-11-19 05:00:45,0.29288,0.29288
2018-11-19 06:00:15,0.27029,0.27029
2018-11-19 06:00:45,0.2534,0.2534
2018-11-19 07:00:15,0.19886,0.19886
2018-11-19 07:00:45,-0.56934,-0.56934
2018-11-19 08:00:15,-0.009941,-0.009941
2018-11-19 08:00:45,-0.050213,-0.050213
2018-11-19 09:00:15,-0.11541,-0.11541
2018-11-19 09:00:45,-0.22678,-0.22678
2018-11-19 10:00:15,-0.20693,-0.20693
2018-11-19 10:00:45,-0.20309,-0.20309
2018-11-19 11:00:15,-0.55748,-0.55748
2018-11-19 11:00:45,0.24975,0.24975
2018-11-19 12:00:15,0.13152,0.13152
2018-11-19 12:00:45,0.15253,0.15253
2018-11-19 13:00:15,-0.025941,-0.025941
2018-11-19 13:00:45,-0.51196,-0.51196
2018-11-19 14:00:15,-0.28485,-0.28485
2018-11-19 14:00:45,-0.52344,-0.52344
2018-11-19 15:00:15,-0.52236,-0.52236
2018-11-19 15:00:45,-0.42381,-0.42381
2018-11-19 16:00:15,-0.33236,-0.33236
2018-11-19 16:00:45,-0.034343,-0.034343
2018-11-19 17:00:15,-0.026915,-0.026915
2018-11-19 17:00:45,-0.013629,-0.013629
2018-11-19 18:00:15,-0.045813,-0.045813
2018-11-19 18:00:45,0.23922,0.23922
2018-11-19 19:00:15,-0.077303,-0.077303
2018-11-19 19:00:45,-0.16504,-0.16504
2018-11-19 20:00:15,-0.12305,-0.12305
2018-11-19 20:00:45,-0.050256,-0.050256
2018-11-19 21:00:15,-0.14105,-0.14105
2018-11-19 21:00:45,-0.067332,-0.067332
2018-11-19 22:00:15,-0.10769,-0.10769
2018-11-19 22:00:45,0.062421,0.062421
2018-11-19 23:00:15,0.075137,0.075137
2018-11-19 23:00:45,-0.13145,-0.13145
2018-11-20 00:00:15,0.002204,0.002204
2018-11-20 00:00:45,-0.03975,-0.03975
2018-11-20 01:00:15,,-0.041632332500000015
2018-11-20 01:00:45,-0.085279,-0.085279
2018-11-20 02:00:15,0.22201,0.22201
2018-11-20 02:00:45,0.34946,0.34946
2018-11-20 03:00:15,-0.008164,-0.008164
2018-11-20 03:00:45,0.13928,0.13928
2018-11-20 04:00:15,0.17526,0.17526
2018-11-20 04:00:45,0.27433,0.27433
2018-11-20 05:00:15,0.80009,0.80009
2018-11-20 05:00:45,,0.27088314999999996
2018-11-20 06:00:15,0.11823,0.11823
2018-11-20 06:00:45,0.34384,0.34384
2018-11-20 07:00:15,0.96859,0.96859
2018-11-20 07:00:45,0.91585,0.91585
2018-11-20 08:00:15,0.06801,0.06801
2018-11-20 08:00:45,-0.11779,-0.11779
2018-11-20 09:00:15,0.45307,0.45307
2018-11-20 09:00:45,0.492,0.492
2018-11-20 10:00:15,0.1703,0.1703
2018-11-20 10:00:45,-0.025098,-0.025098
2018-11-20 11:00:15,0.043878,0.043878
2018-11-20 11:00:45,0.094637,0.094637
2018-11-20 12:00:15,-0.29426,-0.29426
2018-11-20 12:00:45,0.14993,0.14993
2018-11-20 13:00:15,0.53806,0.53806
2018-11-20 13:00:45,-1.042,-1.042
2018-11-20 14:00:15,-0.48516,-0.48516
2018-11-20 14:00:45,-0.76722,-0.76722
2018-11-20 15:00:15,-0.7564,-0.7564
2018-11-20 15:00:45,-0.50825,-0.50825
2018-11-20 16:00:15,-0.10481,-0.10481
2018-11-20 16:00:45,-0.016272,-0.016272
2018-11-20 17:00:15,,0.0152912025
2018-11-20 17:00:45,-0.020508,-0.020508
2018-11-20 18:00:15,-0.10182,-0.10182
2018-11-20 18:00:45,-0.12143,-0.12143
2018-11-20 19:00:15,-0.135,-0.135
2018-11-20 19:00:45,-0.028522,-0.028522
2018-11-20 20:00:15,-0.076449,-0.076449
2018-11-20 20:00:45,-0.057437,-0.057437
2018-11-20 21:00:15,-0.061406,-0.061406
2018-11-20 21:00:45,-0.0568,-0.0568
2018-11-20 22:00:15,-0.075786,-0.075786
2018-11-20 22:00:45,0.014519,0.014519
2018-11-20 23:00:15,-0.061712,-0.061712
2018-11-20 23:00:45,0.41355,0.41355
2018-11-21 00:00:15,0.082585,0.082585
2018-11-21 00:00:45,0.057682,0.057682
2018-11-21 01:00:15,0.14504,0.14504
2018-11-21 01:00:45,0.014666,0.014666
2018-11-21 02:00:15,-0.1691,-0.1691
2018-11-21 02:00:45,-0.19839,-0.19839
2018-11-21 03:00:15,,-0.08826655
2018-11-21 03:00:45,-0.17102,-0.17102
2018-11-21 04:00:15,-0.064731,-0.064731
2018-11-21 04:00:45,0.73808,0.73808
2018-11-21 05:00:15,1.2917,1.2917
2018-11-21 05:00:45,1.1252,1.1252
2018-11-21 06:00:15,0.22184,0.22184
2018-11-21 06:00:45,,0.3130701475
2018-11-21 07:00:15,,0.24403808750000003
2018-11-21 07:00:45,-0.1589,-0.1589
2018-11-21 08:00:15,-0.53939,-0.53939
2018-11-21 08:00:45,0.24409,0.24409
2018-11-21 09:00:15,0.41202,0.41202
2018-11-21 09:00:45,-0.34012,-0.34012
2018-11-21 10:00:15,-0.13915,-0.13915
2018-11-21 10:00:45,-0.34636,-0.34636
2018-11-21 11:00:15,-0.38456,-0.38456
2018-11-21 11:00:45,-1.0696,-1.0696
2018-11-21 12:00:15,0.084358,0.084358
2018-11-21 12:00:45,-0.8273,-0.8273
2018-11-21 13:00:15,-0.16871,-0.16871
2018-11-21 13:00:45,-0.086492,-0.086492
2018-11-21 14:00:15,-0.48188,-0.48188
2018-11-21 14:00:45,-0.33289,-0.33289
2018-11-21 15:00:15,-0.18895,-0.18895
2018-11-21 15:00:45,-0.35549,-0.35549
2018-11-21 16:00:15,-0.46815,-0.46815
2018-11-21 16:00:45,-0.049601,-0.049601
2018-11-21 17:00:15,,-0.002441522499999999
2018-11-21 17:00:45,0.005767,0.005767
2018-11-21 18:00:15,-0.014727,-0.014727
2018-11-21 18:00:45,-0.035495,-0.035495
2018-11-21 19:00:15,-0.10467,-0.10467
2018-11-21 19:00:45,-0.088631,-0.088631
2018-11-21 20:00:15,-0.097821,-0.097821
2018-11-21 20:00:45,-0.067861,-0.067861
2018-11-21 21:00:15,-0.095158,-0.095158
2018-11-21 21:00:45,-0.055101,-0.055101
2018-11-21 22:00:15,-0.061935,-0.061935
2018-11-21 22:00:45,-0.067752,-0.067752
2018-11-21 23:00:15,-0.042494,-0.042494
2018-11-21 23:00:45,-0.002662,-0.002662
2018-11-22 00:00:15,-0.007692,-0.007692
2018-11-22 00:00:45,-0.004805,-0.004805
2018-11-22 01:00:15,-0.036881,-0.036881
2018-11-22 01:00:45,-0.043933,-0.043933
2018-11-22 02:00:15,-0.006269,-0.006269
2018-11-22 02:00:45,-0.059922,-0.059922
2018-11-22 03:00:15,0.037347,0.037347
2018-11-22 03:00:45,,-0.0006797575000000019
2018-11-22 04:00:15,,0.023047802500000002
2018-11-22 04:00:45,,-0.008723537499999998
2018-11-22 05:00:15,-0.13212,-0.13212
2018-11-22 05:00:45,,0.021162312500000006
2018-11-22 06:00:15,0.36586,0.36586
2018-11-22 06:00:45,,0.30095125
2018-11-22 07:00:15,0.92413,0.92413
2018-11-22 07:00:45,,-0.40277927500000005
2018-11-22 08:00:15,-1.0008,-1.0008
2018-11-22 08:00:45,-0.84251,-0.84251
2018-11-22 09:00:15,,-0.28753391000000006
2018-11-22 09:00:45,1.1058,1.1058
2018-11-22 10:00:15,0.63661,0.63661
2018-11-22 10:00:45,-0.20827,-0.20827
2018-11-22 11:00:15,-0.88378,-0.88378
2018-11-22 11:00:45,0.040796,0.040796
2018-11-22 12:00:15,-0.087432,-0.087432
2018-11-22 12:00:45,0.33683,0.33683
2018-11-22 13:00:15,,-0.3685708625000001
2018-11-22 13:00:45,-0.27467,-0.27467
2018-11-22 14:00:15,0.026895,0.026895
2018-11-22 14:00:45,-0.64228,-0.64228
2018-11-22 15:00:15,0.21996,0.21996
2018-11-22 15:00:45,-0.084252,-0.084252
2018-11-22 16:00:15,0.14976,0.14976
2018-11-22 16:00:45,,0.08061236
2018-11-22 17:00:15,0.054999,0.054999
2018-11-22 17:00:45,0.030074,0.030074
2018-11-22 18:00:15,0.15185,0.15185
2018-11-22 18:00:45,,0.0364970775
2018-11-22 19:00:15,0.30663,0.30663
2018-11-22 19:00:45,0.23738,0.23738
2018-11-22 20:00:15,0.16439,0.16439
2018-11-22 20:00:45,0.051343,0.051343
2018-11-22 21:00:15,0.22308,0.22308
2018-11-22 21:00:45,0.50509,0.50509
2018-11-22 22:00:15,0.37947,0.37947
2018-11-22 22:00:45,0.29724,0.29724
2018-11-22 23:00:15,0.039758,0.039758
2018-11-22 23:00:45,0.38598,0.38598
2018-11-23 00:00:15,0.84389,0.84389
2018-11-23 00:00:45,0.44756,0.44756
2018-11-23 01:00:15,,0.054932487500000016
2018-11-23 01:00:45,-0.070381,-0.070381
2018-11-23 02:00:15,0.11359,0.11359
2018-11-23 02:00:45,-0.06067,-0.06067
2018-11-23 03:00:15,-0.014574,-0.014574
2018-11-23 03:00:45,-0.040631,-0.040631
2018-11-23 04:00:15,-0.12067,-0.12067
2018-11-23 04:00:45,-0.09848,-0.09848
2018-11-23 05:00:15,-0.17999,-0.17999
2018-11-23 05:00:45,,-0.06770758000000002
2018-11-23 06:00:15,-0.045489,-0.045489
2018-11-23 06:00:45,-0.075083,-0.075083
2018-11-23 07:00:15,-0.18388,-0.18388
2018-11-23 07:00:45,-0.29776,-0.29776
2018-11-23 08:00:15,-0.55125,-0.55125
2018-11-23 08:00:45,-0.44311,-0.44311
2018-11-23 09:00:15,-0.4615,-0.4615
2018-11-23 09:00:45,-0.52379,-0.52379
2018-11-23 10:00:15,-0.85818,-0.85818
2018-11-23 10:00:45,-0.016039,-0.016039
2018-11-23 11:00:15,-0.026186,-0.026186
2018-11-23 11:00:45,0.025289,0.025289
2018-11-23 12:00:15,-0.48326,-0.48326
2018-11-23 12:00:45,-0.29914,-0.29914
2018-11-23 13:00:15,-0.32868,-0.32868
2018-11-23 13:00:45,-0.31608,-0.31608
2018-11-23 14:00:15,-0.19486,-0.19486
2018-11-23 14:00:45,-0.34376,-0.34376
2018-11-23 15:00:15,-0.45932,-0.45932
2018-11-23 15:00:45,-0.45789,-0.45789
2018-11-23 16:00:15,-0.36542,-0.36542
2018-11-23 16:00:45,0.079675,0.079675
2018-11-23 17:00:15,-0.003884,-0.003884
2018-11-23 17:00:45,0.028237,0.028237
2018-11-23 18:00:15,,-0.0217319975
2018-11-23 18:00:45,-0.077966,-0.077966
2018-11-23 19:00:15,-0.017993,-0.017993
2018-11-23 19:00:45,-0.03272,-0.03272
2018-11-23 20:00:15,-0.010194,-0.010194
2018-11-23 20:00:45,0.007678,0.007678
2018-11-23 21:00:15,-0.018426,-0.018426
2018-11-23 21:00:45,-0.044871,-0.044871
2018-11-23 22:00:15,-0.005584,-0.005584
2018-11-23 22:00:45,-0.013253,-0.013253
2018-11-23 23:00:15,-0.007403,-0.007403
2018-11-23 23:00:45,-0.018587,-0.018587
2018-11-24 00:00:15,-0.011064,-0.011064
2018-11-24 00:00:45,-0.019199,-0.019199
2018-11-24 01:00:15,-0.048373,-0.048373
2018-11-24 01:00:45,,-0.05758943
2018-11-24 02:00:15,-0.006198,-0.006198
2018-11-24 02:00:45,-0.033424,-0.033424
2018-11-24 03:00:15,-0.029644,-0.029644
2018-11-24 03:00:45,-0.1914,-0.1914
2018-11-24 04:00:15,-0.10599,-0.10599
2018-11-24 04:00:45,-0.028092,-0.028092
2018-11-24 05:00:15,-0.000947,-0.000947
2018-11-24 05:00:45,0.00521,0.00521
2018-11-24 06:00:15,-0.059181,-0.059181
2018-11-24 06:00:45,-0.10895,-0.10895
2018-11-24 07:00:15,-0.071695,-0.071695
2018-11-24 07:00:45,-0.29282,-0.29282
2018-11-24 08:00:15,-0.40634,-0.40634
2018-11-24 08:00:45,-0.10772,-0.10772
2018-11-24 09:00:15,-0.19383,-0.19383
2018-11-24 09:00:45,-0.36446,-0.36446
2018-11-24 10:00:15,-0.40084,-0.40084
2018-11-24 10:00:45,-0.34213,-0.34213
2018-11-24 11:00:15,0.014729,0.014729
2018-11-24 11:00:45,-0.048705,-0.048705
2018-11-24 12:00:15,-0.066653,-0.066653
2018-11-24 12:00:45,-0.30308,-0.30308
2018-11-24 13:00:15,-0.36192,-0.36192
2018-11-24 13:00:45,-0.29868,-0.29868
2018-11-24 14:00:15,-0.53885,-0.53885
2018-11-24 14:00:45,-0.53708,-0.53708
2018-11-24 15:00:15,-0.40342,-0.40342
2018-11-24 15:00:45,-0.35016,-0.35016
2018-11-24 16:00:15,-0.22779,-0.22779
2018-11-24 16:00:45,0.21279,0.21279
2018-11-24 17:00:15,0.069625,0.069625
2018-11-24 17:00:45,0.077412,0.077412
2018-11-24 18:00:15,0.04706,0.04706
2018-11-24 18:00:45,0.1019,0.1019
2018-11-24 19:00:15,0.23925,0.23925
2018-11-24 19:00:45,0.27783,0.27783
2018-11-24 20:00:15,0.052411,0.052411
2018-11-24 20:00:45,0.002141,0.002141
2018-11-24 21:00:15,0.14387,0.14387
2018-11-24 21:00:45,0.10751,0.10751
2018-11-24 22:00:15,,0.254523235
2018-11-24 22:00:45,0.093116,0.093116
2018-11-24 23:00:15,-0.061033,-0.061033
2018-11-24 23:00:45,0.33488,0.33488
2018-11-25 00:00:15,0.13721,0.13721
2018-11-25 00:00:45,-0.008412,-0.008412
2018-11-25 01:00:15,-0.013756,-0.013756
2018-11-25 01:00:45,0.3105,0.3105
2018-11-25 02:00:15,,0.09557780499999996
2018-11-25 02:00:45,0.029221,0.029221
2018-11-25 03:00:15,0.015831,0.015831
2018-11-25 03:00:45,-0.095207,-0.095207
2018-11-25 04:00:15,0.003052,0.003052
2018-11-25 04:00:45,0.52326,0.52326
2018-11-25 05:00:15,0.42012,0.42012
2018-11-25 05:00:45,0.40727,0.40727
2018-11-25 06:00:15,0.25825,0.25825
2018-11-25 06:00:45,0.35463,0.35463
2018-11-25 07:00:15,0.062503,0.062503
2018-11-25 07:00:45,0.63941,0.63941
2018-11-25 08:00:15,-0.31668,-0.31668
2018-11-25 08:00:45,-0.29044,-0.29044
2018-11-25 09:00:15,-0.54228,-0.54228
2018-11-25 09:00:45,-0.33424,-0.33424
2018-11-25 10:00:15,-0.25914,-0.25914
2018-11-25 10:00:45,-0.51154,-0.51154
2018-11-25 11:00:15,-0.38637,-0.38637
2018-11-25 11:00:45,-0.56055,-0.56055
2018-11-25 12:00:15,-0.64239,-0.64239
2018-11-25 12:00:45,-0.85161,-0.85161
2018-11-25 13:00:15,-0.90388,-0.90388
2018-11-25 13:00:45,-0.42204,-0.42204
2018-11-25 14:00:15,-0.98846,-0.98846
2018-11-25 14:00:45,-0.5328,-0.5328
2018-11-25 15:00:15,-0.31329,-0.31329
2018-11-25 15:00:45,-0.37826,-0.37826
2018-11-25 16:00:15,-0.2346,-0.2346
2018-11-25 16:00:45,-0.080268,-0.080268
2018-11-25 17:00:15,0.024472,0.024472
2018-11-25 17:00:45,,-0.006906267499999999
2018-11-25 18:00:15,-0.015073,-0.015073
2018-11-25 18:00:45,,-0.08264785250000001
2018-11-25 19:00:15,-0.10852,-0.10852
2018-11-25 19:00:45,-0.10005,-0.10005
2018-11-25 20:00:15,-0.042525,-0.042525
2018-11-25 20:00:45,-0.17477,-0.17477
2018-11-25 21:00:15,-0.12657,-0.12657
2018-11-25 21:00:45,-0.11453,-0.11453
2018-11-25 22:00:15,-0.11428,-0.11428
2018-11-25 22:00:45,-0.001423,-0.001423
2018-11-25 23:00:15,0.23274,0.23274
2018-11-25 23:00:45,0.27985,0.27985
2018-11-26 00:00:15,,0.20889854249999998
2018-11-26 00:00:45,0.13077,0.13077
2018-11-26 01:00:15,,0.05133759499999999
2018-11-26 01:00:45,0.26127,0.26127
2018-11-26 02:00:15,0.3244,0.3244
2018-11-26 02:00:45,0.24087,0.24087
2018-11-26 03:00:15,,0.42967328749999995
2018-11-26 03:00:45,0.45162,0.45162
2018-11-26 04:00:15,,0.5199419299999997
2018-11-26 04:00:45,0.91768,0.91768
2018-11-26 05:00:15,0.34945,0.34945
2018-11-26 05:00:45,0.63331,0.63331
2018-11-26 06:00:15,0.56134,0.56134
2018-11-26 06:00:45,0.37493,0.37493
2018-11-26 07:00:15,0.52538,0.52538
2018-11-26 07:00:45,0.65419,0.65419
2018-11-26 08:00:15,0.16392,0.16392
2018-11-26 08:00:45,-0.77012,-0.77012
2018-11-26 09:00:15,-0.15404,-0.15404
2018-11-26 09:00:45,0.64089,0.64089
2018-11-26 10:00:15,-0.098332,-0.098332
2018-11-26 10:00:45,-0.01197,-0.01197
2018-11-26 11:00:15,-0.25575,-0.25575
2018-11-26 11:00:45,-0.30169,-0.30169
2018-11-26 12:00:15,-0.58384,-0.58384
2018-11-26 12:00:45,-0.64196,-0.64196
2018-11-26 13:00:15,,-0.9081230425000001
2018-11-26 13:00:45,-0.98752,-0.98752
2018-11-26 14:00:15,-0.48292,-0.48292
2018-11-26 14:00:45,-0.26283,-0.26283
2018-11-26 15:00:15,-0.80956,-0.80956
2018-11-26 15:00:45,-0.48368,-0.48368
2018-11-26 16:00:15,-0.31181,-0.31181
2018-11-26 16:00:45,-0.096782,-0.096782
2018-11-26 17:00:15,0.005315,0.005315
2018-11-26 17:00:45,0.055329,0.055329
2018-11-26 18:00:15,0.050899,0.050899
2018-11-26 18:00:45,-0.014943,-0.014943
2018-11-26 19:00:15,0.18656,0.18656
2018-11-26 19:00:45,0.018245,0.018245
2018-11-26 20:00:15,,-0.0634428925
2018-11-26 20:00:45,-0.079532,-0.079532
2018-11-26 21:00:15,-0.033137,-0.033137
2018-11-26 21:00:45,-0.046445,-0.046445
2018-11-26 22:00:15,-0.054183,-0.054183
2018-11-26 22:00:45,0.035875,0.035875
2018-11-26 23:00:15,-0.0972,-0.0972
2018-11-26 23:00:45,0.27524,0.27524
2018-11-27 00:00:15,-0.1612,-0.1612
2018-11-27 00:00:45,0.39975,0.39975
2018-11-27 01:00:15,0.33471,0.33471
2018-11-27 01:00:45,0.060741,0.060741
2018-11-27 02:00:15,0.26672,0.26672
2018-11-27 02:00:45,0.38764,0.38764
2018-11-27 03:00:15,0.35158,0.35158
2018-11-27 03:00:45,0.5806,0.5806
2018-11-27 04:00:15,0.39232,0.39232
2018-11-27 04:00:45,0.23259,0.23259
2018-11-27 05:00:15,0.4032,0.4032
2018-11-27 05:00:45,0.18269,0.18269
2018-11-27 06:00:15,0.35137,0.35137
2018-11-27 06:00:45,0.11111,0.11111
2018-11-27 07:00:15,,0.30177179750000005
2018-11-27 07:00:45,0.46026,0.46026
2018-11-27 08:00:15,0.32284,0.32284
2018-11-27 08:00:45,0.033187,0.033187
2018-11-27 09:00:15,-0.15257,-0.15257
2018-11-27 09:00:45,-0.29642,-0.29642
2018-11-27 10:00:15,0.24423,0.24423
2018-11-27 10:00:45,-0.25937,-0.25937
2018-11-27 11:00:15,-0.50299,-0.50299
2018-11-27 11:00:45,-0.15355,-0.15355
2018-11-27 12:00:15,-0.58038,-0.58038
2018-11-27 12:00:45,-0.47052,-0.47052
2018-11-27 13:00:15,-0.97757,-0.97757
2018-11-27 13:00:45,-1.0262,-1.0262
2018-11-27 14:00:15,-1.2288,-1.2288
2018-11-27 14:00:45,-0.67609,-0.67609
2018-11-27 15:00:15,-0.24201,-0.24201
2018-11-27 15:00:45,-0.78033,-0.78033
2018-11-27 16:00:15,-0.32209,-0.32209
2018-11-27 16:00:45,-0.14892,-0.14892
2018-11-27 17:00:15,0.045212,0.045212
2018-11-27 17:00:45,0.1776,0.1776
2018-11-27 18:00:15,-0.011649,-0.011649
2018-11-27 18:00:45,-0.064606,-0.064606
2018-11-27 19:00:15,-0.119,-0.119
2018-11-27 19:00:45,-0.098278,-0.098278
2018-11-27 20:00:15,-0.092434,-0.092434
2018-11-27 20:00:45,-0.10111,-0.10111
2018-11-27 21:00:15,-0.088908,-0.088908
2018-11-27 21:00:45,-0.066611,-0.066611
2018-11-27 22:00:15,-0.16705,-0.16705
2018-11-27 22:00:45,-0.078889,-0.078889
2018-11-27 23:00:15,-0.1891,-0.1891
2018-11-27 23:00:45,-0.053214,-0.053214
2018-11-28 00:00:15,-0.019891,-0.019891
2018-11-28 00:00:45,-0.039664,-0.039664
2018-11-28 01:00:15,-0.022245,-0.022245
2018-11-28 01:00:45,-0.074631,-0.074631
2018-11-28 02:00:15,-0.023394,-0.023394
2018-11-28 02:00:45,,0.005766470000000002
2018-11-28 03:00:15,-0.14096,-0.14096
2018-11-28 03:00:45,-0.082281,-0.082281
2018-11-28 04:00:15,-0.023045,-0.023045
2018-11-28 04:00:45,-0.16424,-0.16424
2018-11-28 05:00:15,-0.040734,-0.040734
2018-11-28 05:00:45,-0.13638,-0.13638
2018-11-28 06:00:15,-0.062276,-0.062276
2018-11-28 06:00:45,-0.067887,-0.067887
2018-11-28 07:00:15,0.10519,0.10519
2018-11-28 07:00:45,-0.19054,-0.19054
2018-11-28 08:00:15,-0.28134,-0.28134
2018-11-28 08:00:45,-0.19359,-0.19359
2018-11-28 09:00:15,-0.2174,-0.2174
2018-11-28 09:00:45,-0.16762,-0.16762
2018-11-28 10:00:15,0.038935,0.038935
2018-11-28 10:00:45,-0.20465,-0.20465
2018-11-28 11:00:15,-0.15689,-0.15689
2018-11-28 11:00:45,0.39358,0.39358
2018-11-28 12:00:15,-0.23046,-0.23046
2018-11-28 12:00:45,-0.49313,-0.49313
2018-11-28 13:00:15,-0.47836,-0.47836
2018-11-28 13:00:45,-0.43789,-0.43789
2018-11-28 14:00:15,-0.18135,-0.18135
2018-11-28 14:00:45,-0.25142,-0.25142
2018-11-28 15:00:15,-0.029557,-0.029557
2018-11-28 15:00:45,-0.07844,-0.07844
2018-11-28 16:00:15,-0.07251,-0.07251
2018-11-28 16:00:45,0.11944,0.11944
2018-11-28 17:00:15,0.36818,0.36818
2018-11-28 17:00:45,-0.015997,-0.015997
2018-11-28 18:00:15,,0.013421025000000001
2018-11-28 18:00:45,0.002178,0.002178
2018-11-28 19:00:15,-0.015496,-0.015496
2018-11-28 19:00:45,-0.054019,-0.054019
2018-11-28 20:00:15,-0.084783,-0.084783
2018-11-28 20:00:45,-0.069774,-0.069774
2018-11-28 21:00:15,-0.052687,-0.052687
2018-11-28 21:00:45,-0.010281,-0.010281
2018-11-28 22:00:15,-0.057412,-0.057412
2018-11-28 22:00:45,-0.040724,-0.040724
2018-11-28 23:00:15,-0.13754,-0.13754
2018-11-28 23:00:45,0.038159,0.038159
2018-11-29 00:00:15,-0.059189,-0.059189
2018-11-29 00:00:45,-0.11667,-0.11667
2018-11-29 01:00:15,,-0.0349543675
2018-11-29 01:00:45,-0.15015,-0.15015
2018-11-29 02:00:15,-0.082314,-0.082314
2018-11-29 02:00:45,-0.091293,-0.091293
2018-11-29 03:00:15,-0.10487,-0.10487
2018-11-29 03:00:45,-0.17511,-0.17511
2018-11-29 04:00:15,-0.066682,-0.066682
2018-11-29 04:00:45,,0.10172777999999999
2018-11-29 05:00:15,-0.088356,-0.088356
2018-11-29 05:00:45,-0.10988,-0.10988
2018-11-29 06:00:15,-0.10414,-0.10414
2018-11-29 06:00:45,-0.11669,-0.11669
2018-11-29 07:00:15,-0.066794,-0.066794
2018-11-29 07:00:45,-0.43445,-0.43445
2018-11-29 08:00:15,-0.20172,-0.20172
2018-11-29 08:00:45,-0.195,-0.195
2018-11-29 09:00:15,-0.17829,-0.17829
2018-11-29 09:00:45,-0.50687,-0.50687
2018-11-29 10:00:15,-0.18066,-0.18066
2018-11-29 10:00:45,-0.30547,-0.30547
2018-11-29 11:00:15,-0.64156,-0.64156
2018-11-29 11:00:45,-0.62093,-0.62093
2018-11-29 12:00:15,-0.095383,-0.095383
2018-11-29 12:00:45,-0.72792,-0.72792
2018-11-29 13:00:15,-0.36121,-0.36121
2018-11-29 13:00:45,-0.39453,-0.39453
2018-11-29 14:00:15,-0.47194,-0.47194
2018-11-29 14:00:45,-0.11252,-0.11252
2018-11-29 15:00:15,0.065323,0.065323
2018-11-29 15:00:45,0.10921,0.10921
2018-11-29 16:00:15,0.063976,0.063976
2018-11-29 16:00:45,0.15894,0.15894
2018-11-29 17:00:15,0.19942,0.19942
2018-11-29 17:00:45,0.16091,0.16091
2018-11-29 18:00:15,0.18052,0.18052
2018-11-29 18:00:45,0.44233,0.44233
2018-11-29 19:00:15,0.44628,0.44628
2018-11-29 19:00:45,0.39393,0.39393
2018-11-29 20:00:15,0.32705,0.32705
2018-11-29 20:00:45,0.26642,0.26642
2018-11-29 21:00:15,0.28441,0.28441
2018-11-29 21:00:45,0.30961,0.30961
2018-11-29 22:00:15,0.34706,0.34706
2018-11-29 22:00:45,0.17474,0.17474
2018-11-29 23:00:15,0.33338,0.33338
2018-11-29 23:00:45,0.31017,0.31017
2018-11-30 00:00:15,0.15916,0.15916
2018-11-30 00:00:45,0.30417,0.30417
2018-11-30 01:00:15,0.3934,0.3934
2018-11-30 01:00:45,0.32129,0.32129
2018-11-30 02:00:15,0.28934,0.28934
2018-11-30 02:00:45,0.15348,0.15348
2018-11-30 03:00:15,0.47784,0.47784
2018-11-30 03:00:45,0.18964,0.18964
2018-11-30 04:00:15,0.18282,0.18282
2018-11-30 04:00:45,0.12483,0.12483
2018-11-30 05:00:15,0.29501,0.29501
2018-11-30 05:00:45,0.090523,0.090523
2018-11-30 06:00:15,-0.032507,-0.032507
2018-11-30 06:00:45,0.095415,0.095415
2018-11-30 07:00:15,0.13542,0.13542
2018-11-30 07:00:45,-0.60563,-0.60563
2018-11-30 08:00:15,-0.10523,-0.10523
2018-11-30 08:00:45,-0.18179,-0.18179
2018-11-30 09:00:15,-0.094495,-0.094495
2018-11-30 09:00:45,-0.23523,-0.23523
2018-11-30 10:00:15,-0.77385,-0.77385
2018-11-30 10:00:45,-0.038861,-0.038861
2018-11-30 11:00:15,-0.35507,-0.35507
2018-11-30 11:00:45,-0.10892,-0.10892
2018-11-30 12:00:15,0.15693,0.15693
2018-11-30 12:00:45,0.090023,0.090023
2018-11-30 13:00:15,-0.29746,-0.29746
2018-11-30 13:00:45,-0.31193,-0.31193
2018-11-30 14:00:15,-0.19784,-0.19784
2018-11-30 14:00:45,-0.38753,-0.38753
2018-11-30 15:00:15,0.25186,0.25186
2018-11-30 15:00:45,-0.049637,-0.049637
2018-11-30 16:00:15,0.14597,0.14597
2018-11-30 16:00:45,0.20716,0.20716
2018-11-30 17:00:15,0.19208,0.19208
2018-11-30 17:00:45,0.26021,0.26021
2018-11-30 18:00:15,0.11869,0.11869
2018-11-30 18:00:45,-0.054058,-0.054058
2018-11-30 19:00:15,-0.054126,-0.054126
2018-11-30 19:00:45,-0.14029,-0.14029
2018-11-30 20:00:15,0.24437,0.24437
2018-11-30 20:00:45,0.2807,0.2807
2018-11-30 21:00:15,0.22975,0.22975
2018-11-30 21:00:45,0.171,0.171
2018-11-30 22:00:15,0.15983,0.15983
2018-11-30 22:00:45,0.19531,0.19531
2018-11-30 23:00:15,-0.18828,-0.18828
2018-11-30 23:00:45,-0.044183,-0.044183
2018-12-01 00:00:15,0.05798,0.05798
2018-12-01 00:00:45,0.37575,0.37575
2018-12-01 01:00:15,0.11532,0.11532
2018-12-01 01:00:45,0.089443,0.089443
2018-12-01 02:00:15,0.07323,0.07323
2018-12-01 02:00:45,0.11458,0.11458
2018-12-01 03:00:15,0.10892,0.10892
2018-12-01 03:00:45,-0.044092,-0.044092
2018-12-01 04:00:15,0.04398,0.04398
2018-12-01 04:00:45,-0.080601,-0.080601
2018-12-01 05:00:15,-0.051701,-0.051701
2018-12-01 05:00:45,,-0.04197403749999999
2018-12-01 06:00:15,0.019685,0.019685
2018-12-01 06:00:45,-0.073134,-0.073134
2018-12-01 07:00:15,-0.23786,-0.23786
2018-12-01 07:00:45,-0.2546,-0.2546
2018-12-01 08:00:15,-0.28811,-0.28811
2018-12-01 08:00:45,-0.13975,-0.13975
2018-12-01 09:00:15,-0.51801,-0.51801
2018-12-01 09:00:45,-0.024716,-0.024716
2018-12-01 10:00:15,0.049664,0.049664
2018-12-01 10:00:45,0.36516,0.36516
2018-12-01 11:00:15,-0.090357,-0.090357
2018-12-01 11:00:45,-0.073892,-0.073892
2018-12-01 12:00:15,-0.27717,-0.27717
2018-12-01 12:00:45,-0.097727,-0.097727
2018-12-01 13:00:15,0.19689,0.19689
2018-12-01 13:00:45,0.50373,0.50373
2018-12-01 14:00:15,0.17643,0.17643
2018-12-01 14:00:45,0.059563,0.059563
2018-12-01 15:00:15,-0.008766,-0.008766
2018-12-01 15:00:45,-0.060934,-0.060934
2018-12-01 16:00:15,-0.33359,-0.33359
2018-12-01 16:00:45,-0.06721,-0.06721
2018-12-01 17:00:15,0.084816,0.084816
2018-12-01 17:00:45,-0.081118,-0.081118
2018-12-01 18:00:15,-0.030082,-0.030082
2018-12-01 18:00:45,,-0.034779745
2018-12-01 19:00:15,-0.083094,-0.083094
2018-12-01 19:00:45,-0.070603,-0.070603
2018-12-01 20:00:15,-0.087112,-0.087112
2018-12-01 20:00:45,-0.11518,-0.11518
2018-12-01 21:00:15,-0.13558,-0.13558
2018-12-01 21:00:45,-0.06602,-0.06602
2018-12-01 22:00:15,-0.018807,-0.018807
2018-12-01 22:00:45,-0.094515,-0.094515
2018-12-01 23:00:15,-0.012645,-0.012645
2018-12-01 23:00:45,-0.050281,-0.050281
2018-12-02 00:00:15,-0.036331,-0.036331
2018-12-02 00:00:45,,0.05534946500000001
2018-12-02 01:00:15,-0.006688,-0.006688
2018-12-02 01:00:45,-0.034154,-0.034154
2018-12-02 02:00:15,-0.094492,-0.094492
2018-12-02 02:00:45,-0.026662,-0.026662
2018-12-02 03:00:15,,-0.004792494999999998
2018-12-02 03:00:45,-0.056168,-0.056168
2018-12-02 04:00:15,0.037665,0.037665
2018-12-02 04:00:45,0.18591,0.18591
2018-12-02 05:00:15,0.12282,0.12282
2018-12-02 05:00:45,0.28713,0.28713
2018-12-02 06:00:15,,0.33004813
2018-12-02 06:00:45,0.087476,0.087476
2018-12-02 07:00:15,,0.021489755000000013
2018-12-02 07:00:45,-0.2426,-0.2426
2018-12-02 08:00:15,,-0.193446055
2018-12-02 08:00:45,,-0.21939197000000005
2018-12-02 09:00:15,-1.0806,-1.0806
2018-12-02 09:00:45,,-0.29114605499999996
2018-12-02 10:00:15,-0.18453,-0.18453
2018-12-02 10:00:45,-0.27043,-0.27043
2018-12-02 11:00:15,-0.060417,-0.060417
2018-12-02 11:00:45,-0.15083,-0.15083
2018-12-02 12:00:15,,-0.0994814125
2018-12-02 12:00:45,,0.12277468249999998
2018-12-02 13:00:15,0.15595,0.15595
2018-12-02 13:00:45,-0.27393,-0.27393
2018-12-02 14:00:15,-0.018821,-0.018821
2018-12-02 14:00:45,0.038848,0.038848
2018-12-02 15:00:15,0.23871,0.23871
2018-12-02 15:00:45,-0.078828,-0.078828
2018-12-02 16:00:15,-0.18062,-0.18062
2018-12-02 16:00:45,0.1065,0.1065
2018-12-02 17:00:15,0.050762,0.050762
2018-12-02 17:00:45,-0.10082,-0.10082
2018-12-02 18:00:15,0.12818,0.12818
2018-12-02 18:00:45,-0.027768,-0.027768
2018-12-02 19:00:15,-0.008954,-0.008954
2018-12-02 19:00:45,-0.052826,-0.052826
2018-12-02 20:00:15,-0.10124,-0.10124
2018-12-02 20:00:45,-0.079945,-0.079945
2018-12-02 21:00:15,-0.071096,-0.071096
2018-12-02 21:00:45,-0.074355,-0.074355
2018-12-02 22:00:15,-0.082781,-0.082781
2018-12-02 22:00:45,-0.14484,-0.14484
2018-12-02 23:00:15,-0.11954,-0.11954
2018-12-02 23:00:45,0.24784,0.24784
2018-12-03 00:00:15,0.19811,0.19811
2018-12-03 00:00:45,0.26397,0.26397
2018-12-03 01:00:15,0.19602,0.19602
2018-12-03 01:00:45,0.16828,0.16828
2018-12-03 02:00:15,0.17593,0.17593
2018-12-03 02:00:45,0.22043,0.22043
2018-12-03 03:00:15,0.29845,0.29845
2018-12-03 03:00:45,0.92832,0.92832
2018-12-03 04:00:15,0.28482,0.28482
2018-12-03 04:00:45,0.34646,0.34646
2018-12-03 05:00:15,0.40584,0.40584
2018-12-03 05:00:45,,0.41695213750000004
2018-12-03 06:00:15,0.34085,0.34085
2018-12-03 06:00:45,0.41032,0.41032
2018-12-03 07:00:15,0.27576,0.27576
2018-12-03 07:00:45,0.59342,0.59342
2018-12-03 08:00:15,0.056893,0.056893
2018-12-03 08:00:45,-1.1914,-1.1914
2018-12-03 09:00:15,-0.70067,-0.70067
2018-12-03 09:00:45,-0.53681,-0.53681
2018-12-03 10:00:15,-0.67022,-0.67022
2018-12-03 10:00:45,-0.54463,-0.54463
2018-12-03 11:00:15,-1.0872,-1.0872
2018-12-03 11:00:45,-1.0709,-1.0709
2018-12-03 12:00:15,-0.81909,-0.81909
2018-12-03 12:00:45,-0.9276,-0.9276
2018-12-03 13:00:15,-0.89221,-0.89221
2018-12-03 13:00:45,-0.49504,-0.49504
2018-12-03 14:00:15,-0.46118,-0.46118
2018-12-03 14:00:45,-0.2076,-0.2076
2018-12-03 15:00:15,-0.65642,-0.65642
2018-12-03 15:00:45,-0.53292,-0.53292
2018-12-03 16:00:15,-0.46486,-0.46486
2018-12-03 16:00:45,-0.31699,-0.31699
2018-12-03 17:00:15,-0.14801,-0.14801
2018-12-03 17:00:45,-0.10373,-0.10373
2018-12-03 18:00:15,,-0.0848551375
2018-12-03 18:00:45,-0.11221,-0.11221
2018-12-03 19:00:15,0.12622,0.12622
2018-12-03 19:00:45,0.12074,0.12074
2018-12-03 20:00:15,,-0.035954404999999995
2018-12-03 20:00:45,,-0.053963935
2018-12-03 21:00:15,0.004655,0.004655
2018-12-03 21:00:45,0.32512,0.32512
2018-12-03 22:00:15,,0.3255010575
2018-12-03 22:00:45,0.30319,0.30319
2018-12-03 23:00:15,0.20523,0.20523
2018-12-03 23:00:45,0.27416,0.27416
2018-12-04 00:00:15,0.33778,0.33778
2018-12-04 00:00:45,0.42537,0.42537
2018-12-04 01:00:15,0.2737,0.2737
2018-12-04 01:00:45,0.5617,0.5617
2018-12-04 02:00:15,0.40767,0.40767
2018-12-04 02:00:45,0.36835,0.36835
2018-12-04 03:00:15,1.6344,1.6344
2018-12-04 03:00:45,0.37344,0.37344
2018-12-04 04:00:15,0.18565,0.18565
2018-12-04 04:00:45,0.50285,0.50285
2018-12-04 05:00:15,0.5903,0.5903
2018-12-04 05:00:45,0.43412,0.43412
2018-12-04 06:00:15,,0.4482867025
2018-12-04 06:00:45,0.59064,0.59064
2018-12-04 07:00:15,0.41738,0.41738
2018-12-04 07:00:45,0.55735,0.55735
2018-12-04 08:00:15,0.4974,0.4974
2018-12-04 08:00:45,0.62737,0.62737
2018-12-04 09:00:15,0.93474,0.93474
2018-12-04 09:00:45,0.6696,0.6696
2018-12-04 10:00:15,0.76092,0.76092
2018-12-04 10:00:45,-0.2216,-0.2216
2018-12-04 11:00:15,0.28965,0.28965
2018-12-04 11:00:45,-0.36614,-0.36614
2018-12-04 12:00:15,-0.087933,-0.087933
2018-12-04 12:00:45,-0.29834,-0.29834
2018-12-04 13:00:15,-0.4286,-0.4286
2018-12-04 13:00:45,-0.19777,-0.19777
2018-12-04 14:00:15,-0.28202,-0.28202
2018-12-04 14:00:45,-0.42062,-0.42062
2018-12-04 15:00:15,-0.5617,-0.5617
2018-12-04 15:00:45,-0.24718,-0.24718
2018-12-04 16:00:15,-0.045389,-0.045389
2018-12-04 16:00:45,-0.004253,-0.004253
2018-12-04 17:00:15,-0.004826,-0.004826
2018-12-04 17:00:45,-0.02108,-0.02108
2018-12-04 18:00:15,-0.027944,-0.027944
2018-12-04 18:00:45,-0.07619,-0.07619
2018-12-04 19:00:15,-0.08464,-0.08464
2018-12-04 19:00:45,0.31802,0.31802
2018-12-04 20:00:15,0.20213,0.20213
2018-12-04 20:00:45,0.3345,0.3345
2018-12-04 21:00:15,0.27732,0.27732
2018-12-04 21:00:45,0.45908,0.45908
2018-12-04 22:00:15,0.41255,0.41255
2018-12-04 22:00:45,0.42856,0.42856
2018-12-04 23:00:15,0.27025,0.27025
2018-12-04 23:00:45,0.44494,0.44494
2018-12-05 00:00:15,0.21717,0.21717
2018-12-05 00:00:45,0.30805,0.30805
2018-12-05 01:00:15,,0.349586055
2018-12-05 01:00:45,0.34456,0.34456
2018-12-05 02:00:15,0.35868,0.35868
2018-12-05 02:00:45,,0.3116031475000002
2018-12-05 03:00:15,0.29988,0.29988
2018-12-05 03:00:45,0.31014,0.31014
2018-12-05 04:00:15,0.39007,0.39007
2018-12-05 04:00:45,0.38377,0.38377
2018-12-05 05:00:15,0.4113,0.4113
2018-12-05 05:00:45,0.35304,0.35304
2018-12-05 06:00:15,0.45652,0.45652
2018-12-05 06:00:45,0.23185,0.23185
2018-12-05 07:00:15,0.10385,0.10385
2018-12-05 07:00:45,0.084243,0.084243
2018-12-05 08:00:15,0.86127,0.86127
2018-12-05 08:00:45,0.7325,0.7325
2018-12-05 09:00:15,0.45171,0.45171
2018-12-05 09:00:45,1.0065,1.0065
2018-12-05 10:00:15,1.5192,1.5192
2018-12-05 10:00:45,0.7396,0.7396
2018-12-05 11:00:15,0.10817,0.10817
2018-12-05 11:00:45,-0.4716,-0.4716
2018-12-05 12:00:15,-0.38858,-0.38858
2018-12-05 12:00:45,-0.39412,-0.39412
2018-12-05 13:00:15,-0.14736,-0.14736
2018-12-05 13:00:45,-0.57447,-0.57447
2018-12-05 14:00:15,-0.55291,-0.55291
2018-12-05 14:00:45,-1.1432,-1.1432
2018-12-05 15:00:15,-0.26146,-0.26146
2018-12-05 15:00:45,-0.58114,-0.58114
2018-12-05 16:00:15,0.09908,0.09908
2018-12-05 16:00:45,-0.17805,-0.17805
2018-12-05 17:00:15,0.078722,0.078722
2018-12-05 17:00:45,0.00648,0.00648
2018-12-05 18:00:15,0.10947,0.10947
2018-12-05 18:00:45,,0.24121649
2018-12-05 19:00:15,-0.051743,-0.051743
2018-12-05 19:00:45,-0.073022,-0.073022
2018-12-05 20:00:15,-0.077753,-0.077753
2018-12-05 20:00:45,0.17426,0.17426
2018-12-05 21:00:15,,-0.024787540000000004
2018-12-05 21:00:45,-0.11559,-0.11559
2018-12-05 22:00:15,-0.13132,-0.13132
2018-12-05 22:00:45,0.002539,0.002539
2018-12-05 23:00:15,-0.081297,-0.081297
2018-12-05 23:00:45,0.16021,0.16021
2018-12-06 00:00:15,0.21137,0.21137
2018-12-06 00:00:45,0.24541,0.24541
2018-12-06 01:00:15,,-0.01672928
2018-12-06 01:00:45,0.14536,0.14536
2018-12-06 02:00:15,0.37038,0.37038
2018-12-06 02:00:45,0.16738,0.16738
2018-12-06 03:00:15,0.1962,0.1962
2018-12-06 03:00:45,0.32555,0.32555
2018-12-06 04:00:15,0.1224,0.1224
2018-12-06 04:00:45,0.38963,0.38963
2018-12-06 05:00:15,0.35499,0.35499
2018-12-06 05:00:45,0.4048,0.4048
2018-12-06 06:00:15,0.03937,0.03937
2018-12-06 06:00:45,0.3653,0.3653
2018-12-06 07:00:15,0.76965,0.76965
2018-12-06 07:00:45,,0.21294441500000003
2018-12-06 08:00:15,-0.20719,-0.20719
2018-12-06 08:00:45,-0.95231,-0.95231
2018-12-06 09:00:15,-0.27045,-0.27045
2018-12-06 09:00:45,-0.34978,-0.34978
2018-12-06 10:00:15,0.80914,0.80914
2018-12-06 10:00:45,-0.016394,-0.016394
2018-12-06 11:00:15,0.50313,0.50313
2018-12-06 11:00:45,0.69316,0.69316
2018-12-06 12:00:15,-1.5157,-1.5157
2018-12-06 12:00:45,,-0.5828412075
2018-12-06 13:00:15,-0.30671,-0.30671
2018-12-06 13:00:45,0.19547,0.19547
2018-12-06 14:00:15,1.2784,1.2784
2018-12-06 14:00:45,-0.049703,-0.049703
2018-12-06 15:00:15,0.12903,0.12903
2018-12-06 15:00:45,0.11892,0.11892
2018-12-06 16:00:15,0.30957,0.30957
2018-12-06 16:00:45,0.1488,0.1488
2018-12-06 17:00:15,0.10906,0.10906
2018-12-06 17:00:45,-0.036388,-0.036388
2018-12-06 18:00:15,0.65104,0.65104
2018-12-06 18:00:45,-0.052243,-0.052243
2018-12-06 19:00:15,0.13655,0.13655
2018-12-06 19:00:45,,0.11862333749999993
2018-12-06 20:00:15,,-0.017005072499999996
2018-12-06 20:00:45,-0.13899,-0.13899
2018-12-06 21:00:15,-0.086621,-0.086621
2018-12-06 21:00:45,,-0.033582762499999995
2018-12-06 22:00:15,,0.03376937500000001
2018-12-06 22:00:45,,0.02149771750000001
2018-12-06 23:00:15,0.041271,0.041271
2018-12-06 23:00:45,0.2908,0.2908
2018-12-07 00:00:15,,-0.0117752725
2018-12-07 00:00:45,-0.037089,-0.037089
2018-12-07 01:00:15,0.022232,0.022232
2018-12-07 01:00:45,0.27056,0.27056
2018-12-07 02:00:15,0.17313,0.17313
2018-12-07 02:00:45,0.21271,0.21271
2018-12-07 03:00:15,0.07708,0.07708
2018-12-07 03:00:45,-0.035901,-0.035901
2018-12-07 04:00:15,-0.071509,-0.071509
2018-12-07 04:00:45,-0.084362,-0.084362
2018-12-07 05:00:15,0.072372,0.072372
2018-12-07 05:00:45,0.061419,0.061419
2018-12-07 06:00:15,0.12023,0.12023
2018-12-07 06:00:45,-0.033387,-0.033387
2018-12-07 07:00:15,0.052494,0.052494
2018-12-07 07:00:45,0.013196,0.013196
2018-12-07 08:00:15,-0.067636,-0.067636
2018-12-07 08:00:45,-0.3604,-0.3604
2018-12-07 09:00:15,-0.038921,-0.038921
2018-12-07 09:00:45,-0.62818,-0.62818
2018-12-07 10:00:15,-0.39668,-0.39668
2018-12-07 10:00:45,-0.4424,-0.4424
2018-12-07 11:00:15,-0.23642,-0.23642
2018-12-07 11:00:45,-0.80273,-0.80273
2018-12-07 12:00:15,-0.65028,-0.65028
2018-12-07 12:00:45,-0.42813,-0.42813
2018-12-07 13:00:15,-0.58992,-0.58992
2018-12-07 13:00:45,-0.11754,-0.11754
2018-12-07 14:00:15,-0.16578,-0.16578
2018-12-07 14:00:45,-0.067733,-0.067733
2018-12-07 15:00:15,-0.14761,-0.14761
2018-12-07 15:00:45,-0.091245,-0.091245
2018-12-07 16:00:15,-0.031494,-0.031494
2018-12-07 16:00:45,0.028663,0.028663
2018-12-07 17:00:15,0.003884,0.003884
2018-12-07 17:00:45,0.002454,0.002454
2018-12-07 18:00:15,0.056994,0.056994
2018-12-07 18:00:45,-0.055911,-0.055911
2018-12-07 19:00:15,0.018666,0.018666
2018-12-07 19:00:45,0.048993,0.048993
2018-12-07 20:00:15,-0.14772,-0.14772
2018-12-07 20:00:45,,-0.0006392800000000027
2018-12-07 21:00:15,-0.15235,-0.15235
2018-12-07 21:00:45,0.14882,0.14882
2018-12-07 22:00:15,-0.10836,-0.10836
2018-12-07 22:00:45,-0.05321,-0.05321
2018-12-07 23:00:15,-0.027562,-0.027562
2018-12-07 23:00:45,0.021179,0.021179
2018-12-08 00:00:15,-0.1661,-0.1661
2018-12-08 00:00:45,0.093931,0.093931
2018-12-08 01:00:15,0.040961,0.040961
2018-12-08 01:00:45,0.071634,0.071634
2018-12-08 02:00:15,0.079608,0.079608
2018-12-08 02:00:45,0.005346,0.005346
2018-12-08 03:00:15,0.12548,0.12548
2018-12-08 03:00:45,0.007358,0.007358
2018-12-08 04:00:15,-0.13737,-0.13737
2018-12-08 04:00:45,-0.037548,-0.037548
2018-12-08 05:00:15,0.024606,0.024606
2018-12-08 05:00:45,-0.070856,-0.070856
2018-12-08 06:00:15,0.002939,0.002939
2018-12-08 06:00:45,-0.033062,-0.033062
2018-12-08 07:00:15,-0.085735,-0.085735
2018-12-08 07:00:45,-0.17541,-0.17541
2018-12-08 08:00:15,-0.17753,-0.17753
2018-12-08 08:00:45,-0.27319,-0.27319
2018-12-08 09:00:15,-0.12353,-0.12353
2018-12-08 09:00:45,-0.17027,-0.17027
2018-12-08 10:00:15,-0.010706,-0.010706
2018-12-08 10:00:45,0.18045,0.18045
2018-12-08 11:00:15,-0.4871,-0.4871
2018-12-08 11:00:45,-0.56174,-0.56174
2018-12-08 12:00:15,-0.3299,-0.3299
2018-12-08 12:00:45,-0.44578,-0.44578
2018-12-08 13:00:15,-0.32823,-0.32823
2018-12-08 13:00:45,-0.29973,-0.29973
2018-12-08 14:00:15,-0.46574,-0.46574
2018-12-08 14:00:45,-0.29244,-0.29244
2018-12-08 15:00:15,-0.41329,-0.41329
2018-12-08 15:00:45,-0.39866,-0.39866
2018-12-08 16:00:15,-0.22136,-0.22136
2018-12-08 16:00:45,-0.1059,-0.1059
2018-12-08 17:00:15,0.02567,0.02567
2018-12-08 17:00:45,-0.12691,-0.12691
2018-12-08 18:00:15,-0.12081,-0.12081
2018-12-08 18:00:45,-0.026654,-0.026654
2018-12-08 19:00:15,-0.021259,-0.021259
2018-12-08 19:00:45,-0.000414,-0.000414
2018-12-08 20:00:15,-0.056629,-0.056629
2018-12-08 20:00:45,,-0.07122660500000001
2018-12-08 21:00:15,-0.1013,-0.1013
2018-12-08 21:00:45,-0.11992,-0.11992
2018-12-08 22:00:15,-0.12053,-0.12053
2018-12-08 22:00:45,-0.022533,-0.022533
2018-12-08 23:00:15,-0.044531,-0.044531
2018-12-08 23:00:45,0.31183,0.31183
2018-12-09 00:00:15,,0.029751317500000003
2018-12-09 00:00:45,,0.31495979250000006
2018-12-09 01:00:15,0.26295,0.26295
2018-12-09 01:00:45,0.14096,0.14096
2018-12-09 02:00:15,0.30865,0.30865
2018-12-09 02:00:45,0.36307,0.36307
2018-12-09 03:00:15,0.32608,0.32608
2018-12-09 03:00:45,0.33335,0.33335
2018-12-09 04:00:15,0.12543,0.12543
2018-12-09 04:00:45,0.22388,0.22388
2018-12-09 05:00:15,0.16198,0.16198
2018-12-09 05:00:45,0.91729,0.91729
2018-12-09 06:00:15,,0.45202415500000004
2018-12-09 06:00:45,0.40686,0.40686
2018-12-09 07:00:15,0.70005,0.70005
2018-12-09 07:00:45,0.49652,0.49652
2018-12-09 08:00:15,-0.81555,-0.81555
2018-12-09 08:00:45,-1.3381,-1.3381
2018-12-09 09:00:15,,-0.3650634475
2018-12-09 09:00:45,-0.24304,-0.24304
2018-12-09 10:00:15,-0.017616,-0.017616
2018-12-09 10:00:45,0.012482,0.012482
2018-12-09 11:00:15,-0.13011,-0.13011
2018-12-09 11:00:45,-0.27574,-0.27574
2018-12-09 12:00:15,-0.3322,-0.3322
2018-12-09 12:00:45,-0.33223,-0.33223
2018-12-09 13:00:15,-0.49284,-0.49284
2018-12-09 13:00:45,-0.51689,-0.51689
2018-12-09 14:00:15,-0.25213,-0.25213
2018-12-09 14:00:45,-0.23513,-0.23513
2018-12-09 15:00:15,-0.29399,-0.29399
2018-12-09 15:00:45,-0.24934,-0.24934
2018-12-09 16:00:15,-0.17602,-0.17602
2018-12-09 16:00:45,-0.071425,-0.071425
2018-12-09 17:00:15,-0.089223,-0.089223
2018-12-09 17:00:45,,-0.07475397499999997
2018-12-09 18:00:15,-0.15457,-0.15457
2018-12-09 18:00:45,-0.095244,-0.095244
2018-12-09 19:00:15,-0.067867,-0.067867
2018-12-09 19:00:45,-0.056175,-0.056175
2018-12-09 20:00:15,,-0.06776110000000003
2018-12-09 20:00:45,-0.15423,-0.15423
2018-12-09 21:00:15,-0.004387,-0.004387
2018-12-09 21:00:45,,-0.07632393000000001
2018-12-09 22:00:15,0.28579,0.28579
2018-12-09 22:00:45,0.29849,0.29849
2018-12-09 23:00:15,0.34235,0.34235
2018-12-09 23:00:45,0.29091,0.29091
2018-12-10 00:00:15,0.16476,0.16476
2018-12-10 00:00:45,0.09118,0.09118
2018-12-10 01:00:15,0.32556,0.32556
2018-12-10 01:00:45,0.33226,0.33226
2018-12-10 02:00:15,0.40235,0.40235
2018-12-10 02:00:45,0.31867,0.31867
2018-12-10 03:00:15,0.32189,0.32189
2018-12-10 03:00:45,0.4001,0.4001
2018-12-10 04:00:15,0.33795,0.33795
2018-12-10 04:00:45,0.29394,0.29394
2018-12-10 05:00:15,0.31859,0.31859
2018-12-10 05:00:45,0.30046,0.30046
2018-12-10 06:00:15,0.046299,0.046299
2018-12-10 06:00:45,0.13548,0.13548
2018-12-10 07:00:15,0.95161,0.95161
2018-12-10 07:00:45,0.9859,0.9859
2018-12-10 08:00:15,-0.6444,-0.6444
2018-12-10 08:00:45,-0.32877,-0.32877
2018-12-10 09:00:15,0.19788,0.19788
2018-12-10 09:00:45,-0.078512,-0.078512
2018-12-10 10:00:15,0.048586,0.048586
2018-12-10 10:00:45,-0.28504,-0.28504
2018-12-10 11:00:15,-0.61662,-0.61662
2018-12-10 11:00:45,-0.041947,-0.041947
2018-12-10 12:00:15,-0.86446,-0.86446
2018-12-10 12:00:45,-0.11741,-0.11741
2018-12-10 13:00:15,-1.2074,-1.2074
2018-12-10 13:00:45,-0.18425,-0.18425
2018-12-10 14:00:15,-0.53538,-0.53538
2018-12-10 14:00:45,-0.46081,-0.46081
2018-12-10 15:00:15,-0.50687,-0.50687
2018-12-10 15:00:45,-0.41364,-0.41364
2018-12-10 16:00:15,-0.013165,-0.013165
2018-12-10 16:00:45,0.041823,0.041823
2018-12-10 17:00:15,-0.024133,-0.024133
2018-12-10 17:00:45,0.023832,0.023832
2018-12-10 18:00:15,-0.001713,-0.001713
2018-12-10 18:00:45,0.005855,0.005855
2018-12-10 19:00:15,-0.004703,-0.004703
2018-12-10 19:00:45,-0.069194,-0.069194
2018-12-10 20:00:15,-0.12352,-0.12352
2018-12-10 20:00:45,-0.12145,-0.12145
2018-12-10 21:00:15,-0.070801,-0.070801
2018-12-10 21:00:45,-0.15655,-0.15655
2018-12-10 22:00:15,0.020723,0.020723
2018-12-10 22:00:45,0.028583,0.028583
2018-12-10 23:00:15,-0.016821,-0.016821
2018-12-10 23:00:45,-0.026571,-0.026571
2018-12-11 00:00:15,0.021431,0.021431
2018-12-11 00:00:45,0.011051,0.011051
2018-12-11 01:00:15,-0.003475,-0.003475
2018-12-11 01:00:45,0.081353,0.081353
2018-12-11 02:00:15,-0.11937,-0.11937
2018-12-11 02:00:45,0.022805,0.022805
2018-12-11 03:00:15,,0.007225634999999994
2018-12-11 03:00:45,0.19722,0.19722
2018-12-11 04:00:15,0.24651,0.24651
2018-12-11 04:00:45,0.26646,0.26646
2018-12-11 05:00:15,0.30355,0.30355
2018-12-11 05:00:45,0.41564,0.41564
2018-12-11 06:00:15,,0.30667297750000005
2018-12-11 06:00:45,0.57417,0.57417
2018-12-11 07:00:15,0.69553,0.69553
2018-12-11 07:00:45,0.70772,0.70772
2018-12-11 08:00:15,,0.0875711875
2018-12-11 08:00:45,,-0.3121738575000001
2018-12-11 09:00:15,1.3492,1.3492
2018-12-11 09:00:45,-0.16574,-0.16574
2018-12-11 10:00:15,0.35983,0.35983
2018-12-11 10:00:45,-0.56018,-0.56018
2018-12-11 11:00:15,,-0.595945605
2018-12-11 11:00:45,-0.33317,-0.33317
2018-12-11 12:00:15,-0.77465,-0.77465
2018-12-11 12:00:45,0.23979,0.23979
2018-12-11 13:00:15,-0.65458,-0.65458
2018-12-11 13:00:45,-0.76621,-0.76621
2018-12-11 14:00:15,-0.25006,-0.25006
2018-12-11 14:00:45,-0.17815,-0.17815
2018-12-11 15:00:15,-0.29166,-0.29166
2018-12-11 15:00:45,-0.29276,-0.29276
2018-12-11 16:00:15,-0.047417,-0.047417
2018-12-11 16:00:45,,-0.0866637475
2018-12-11 17:00:15,-0.023806,-0.023806
2018-12-11 17:00:45,-0.066516,-0.066516
2018-12-11 18:00:15,,-0.07712101249999999
2018-12-11 18:00:45,-0.076062,-0.076062
2018-12-11 19:00:15,-0.03509,-0.03509
2018-12-11 19:00:45,-0.18855,-0.18855
2018-12-11 20:00:15,,-0.08164169750000001
2018-12-11 20:00:45,-0.074542,-0.074542
2018-12-11 21:00:15,,-0.0900005925
2018-12-11 21:00:45,-0.17397,-0.17397
2018-12-11 22:00:15,-0.1771,-0.1771
2018-12-11 22:00:45,-0.084487,-0.084487
2018-12-11 23:00:15,-0.043709,-0.043709
2018-12-11 23:00:45,,0.0393128725
2018-12-12 00:00:15,0.32259,0.32259
2018-12-12 00:00:45,0.018042,0.018042
2018-12-12 01:00:15,0.015234,0.015234
2018-12-12 01:00:45,,0.13133105499999997
2018-12-12 02:00:15,0.2768,0.2768
2018-12-12 02:00:45,0.3954,0.3954
2018-12-12 03:00:15,0.34764,0.34764
2018-12-12 03:00:45,0.3314,0.3314
2018-12-12 04:00:15,0.40669,0.40669
2018-12-12 04:00:45,0.80394,0.80394
2018-12-12 05:00:15,0.52681,0.52681
2018-12-12 05:00:45,0.31486,0.31486
2018-12-12 06:00:15,0.28808,0.28808
2018-12-12 06:00:45,0.44574,0.44574
2018-12-12 07:00:15,0.49826,0.49826
2018-12-12 07:00:45,0.60794,0.60794
2018-12-12 08:00:15,0.1739,0.1739
2018-12-12 08:00:45,-0.84597,-0.84597
2018-12-12 09:00:15,-1.1992,-1.1992
2018-12-12 09:00:45,-0.64081,-0.64081
2018-12-12 10:00:15,-0.15593,-0.15593
2018-12-12 10:00:45,-0.70075,-0.70075
2018-12-12 11:00:15,-0.21467,-0.21467
2018-12-12 11:00:45,-0.024191,-0.024191
2018-12-12 12:00:15,0.50468,0.50468
2018-12-12 12:00:45,-0.23781,-0.23781
2018-12-12 13:00:15,-0.31397,-0.31397
2018-12-12 13:00:45,-0.025039,-0.025039
2018-12-12 14:00:15,-0.20396,-0.20396
2018-12-12 14:00:45,-0.13192,-0.13192
2018-12-12 15:00:15,-0.21942,-0.21942
2018-12-12 15:00:45,0.093865,0.093865
2018-12-12 16:00:15,-0.005019,-0.005019
2018-12-12 16:00:45,0.12654,0.12654
2018-12-12 17:00:15,0.24611,0.24611
2018-12-12 17:00:45,0.3245,0.3245
2018-12-12 18:00:15,0.072799,0.072799
2018-12-12 18:00:45,0.043317,0.043317
2018-12-12 19:00:15,0.088067,0.088067
2018-12-12 19:00:45,0.070139,0.070139
2018-12-12 20:00:15,0.24717,0.24717
2018-12-12 20:00:45,,0.7665554274999999
2018-12-12 21:00:15,1.0229,1.0229
2018-12-12 21:00:45,0.50362,0.50362
2018-12-12 22:00:15,0.42108,0.42108
2018-12-12 22:00:45,0.095041,0.095041
2018-12-12 23:00:15,0.16787,0.16787
2018-12-12 23:00:45,0.20804,0.20804
2018-12-13 00:00:15,0.28984,0.28984
2018-12-13 00:00:45,0.26063,0.26063
2018-12-13 01:00:15,0.21256,0.21256
2018-12-13 01:00:45,-0.12453,-0.12453
2018-12-13 02:00:15,-0.12238,-0.12238
2018-12-13 02:00:45,-0.072727,-0.072727
2018-12-13 03:00:15,,-0.06394978999999999
2018-12-13 03:00:45,-0.067132,-0.067132
2018-12-13 04:00:15,-0.089925,-0.089925
2018-12-13 04:00:45,-0.17784,-0.17784
2018-12-13 05:00:15,0.33345,0.33345
2018-12-13 05:00:45,0.28071,0.28071
2018-12-13 06:00:15,0.33729,0.33729
2018-12-13 06:00:45,0.37052,0.37052
2018-12-13 07:00:15,0.32938,0.32938
2018-12-13 07:00:45,0.31287,0.31287
2018-12-13 08:00:15,0.6847,0.6847
2018-12-13 08:00:45,0.6585,0.6585
2018-12-13 09:00:15,-0.34397,-0.34397
2018-12-13 09:00:45,-0.36001,-0.36001
2018-12-13 10:00:15,-0.31912,-0.31912
2018-12-13 10:00:45,-0.32006,-0.32006
2018-12-13 11:00:15,0.039241,0.039241
2018-12-13 11:00:45,-0.39013,-0.39013
2018-12-13 12:00:15,-0.32787,-0.32787
2018-12-13 12:00:45,0.025978,0.025978
2018-12-13 13:00:15,-0.12187,-0.12187
2018-12-13 13:00:45,-0.42786,-0.42786
2018-12-13 14:00:15,-0.39423,-0.39423
2018-12-13 14:00:45,-0.33733,-0.33733
2018-12-13 15:00:15,-0.33898,-0.33898
2018-12-13 15:00:45,-0.31107,-0.31107
2018-12-13 16:00:15,-0.52828,-0.52828
2018-12-13 16:00:45,-0.24724,-0.24724
2018-12-13 17:00:15,,-0.08274616500000001
2018-12-13 17:00:45,-0.13476,-0.13476
2018-12-13 18:00:15,-0.082004,-0.082004
2018-12-13 18:00:45,-0.009858,-0.009858
2018-12-13 19:00:15,-0.19092,-0.19092
2018-12-13 19:00:45,0.12252,0.12252
2018-12-13 20:00:15,0.25504,0.25504
2018-12-13 20:00:45,0.28623,0.28623
2018-12-13 21:00:15,0.26781,0.26781
2018-12-13 21:00:45,0.16055,0.16055
2018-12-13 22:00:15,0.21664,0.21664
2018-12-13 22:00:45,-0.14377,-0.14377
2018-12-13 23:00:15,0.14398,0.14398
2018-12-13 23:00:45,0.30858,0.30858
2018-12-14 00:00:15,0.32615,0.32615
2018-12-14 00:00:45,0.21447,0.21447
2018-12-14 01:00:15,0.19881,0.19881
2018-12-14 01:00:45,0.14022,0.14022
2018-12-14 02:00:15,0.41729,0.41729
2018-12-14 02:00:45,0.38889,0.38889
2018-12-14 03:00:15,0.32187,0.32187
2018-12-14 03:00:45,0.16341,0.16341
2018-12-14 04:00:15,0.34222,0.34222
2018-12-14 04:00:45,0.32021,0.32021
2018-12-14 05:00:15,0.36994,0.36994
2018-12-14 05:00:45,0.3921,0.3921
2018-12-14 06:00:15,0.36423,0.36423
2018-12-14 06:00:45,0.70083,0.70083
2018-12-14 07:00:15,0.25543,0.25543
2018-12-14 07:00:45,0.092857,0.092857
2018-12-14 08:00:15,-0.3332,-0.3332
2018-12-14 08:00:45,1.0404,1.0404
2018-12-14 09:00:15,0.1957,0.1957
2018-12-14 09:00:45,-0.33892,-0.33892
2018-12-14 10:00:15,-0.1411,-0.1411
2018-12-14 10:00:45,0.1584,0.1584
2018-12-14 11:00:15,-0.22997,-0.22997
2018-12-14 11:00:45,0.016864,0.016864
2018-12-14 12:00:15,-0.015577,-0.015577
2018-12-14 12:00:45,-0.19461,-0.19461
2018-12-14 13:00:15,-0.64924,-0.64924
2018-12-14 13:00:45,-0.12383,-0.12383
2018-12-14 14:00:15,-0.25392,-0.25392
2018-12-14 14:00:45,-0.49004,-0.49004
2018-12-14 15:00:15,-0.52654,-0.52654
2018-12-14 15:00:45,-0.20398,-0.20398
2018-12-14 16:00:15,-0.015625,-0.015625
2018-12-14 16:00:45,0.15606,0.15606
2018-12-14 17:00:15,-0.002828,-0.002828
2018-12-14 17:00:45,-0.16993,-0.16993
2018-12-14 18:00:15,0.019993,0.019993
2018-12-14 18:00:45,-0.095639,-0.095639
2018-12-14 19:00:15,-0.030101,-0.030101
2018-12-14 19:00:45,-0.040849,-0.040849
2018-12-14 20:00:15,-0.078072,-0.078072
2018-12-14 20:00:45,,-0.07601653000000003
2018-12-14 21:00:15,0.028642,0.028642
2018-12-14 21:00:45,-0.000677,-0.000677
2018-12-14 22:00:15,-0.046525,-0.046525
2018-12-14 22:00:45,-0.14815,-0.14815
2018-12-14 23:00:15,-0.10547,-0.10547
2018-12-14 23:00:45,-0.067212,-0.067212
2018-12-15 00:00:15,-0.085455,-0.085455
2018-12-15 00:00:45,-0.02277,-0.02277
2018-12-15 01:00:15,0.001305,0.001305
2018-12-15 01:00:45,0.19185,0.19185
2018-12-15 02:00:15,,0.044184075
2018-12-15 02:00:45,0.01404,0.01404
2018-12-15 03:00:15,-0.033781,-0.033781
2018-12-15 03:00:45,0.16207,0.16207
2018-12-15 04:00:15,0.27389,0.27389
2018-12-15 04:00:45,0.25738,0.25738
2018-12-15 05:00:15,0.25088,0.25088
2018-12-15 05:00:45,0.43134,0.43134
2018-12-15 06:00:15,,0.35343407749999994
2018-12-15 06:00:45,0.74671,0.74671
2018-12-15 07:00:15,0.78,0.78
2018-12-15 07:00:45,0.92715,0.92715
2018-12-15 08:00:15,0.032794,0.032794
2018-12-15 08:00:45,1.1832,1.1832
2018-12-15 09:00:15,,0.45845530499999987
2018-12-15 09:00:45,0.13909,0.13909
2018-12-15 10:00:15,,-0.3464053525000001
2018-12-15 10:00:45,-0.55836,-0.55836
2018-12-15 11:00:15,0.12784,0.12784
2018-12-15 11:00:45,-0.32489,-0.32489
2018-12-15 12:00:15,-0.73453,-0.73453
2018-12-15 12:00:45,0.086204,0.086204
2018-12-15 13:00:15,-0.47401,-0.47401
2018-12-15 13:00:45,-0.16901,-0.16901
2018-12-15 14:00:15,-0.13726,-0.13726
2018-12-15 14:00:45,-1.0653,-1.0653
2018-12-15 15:00:15,-0.32366,-0.32366
2018-12-15 15:00:45,-0.11403,-0.11403
2018-12-15 16:00:15,0.044935,0.044935
2018-12-15 16:00:45,,-0.015089945000000004
2018-12-15 17:00:15,0.035276,0.035276
2018-12-15 17:00:45,0.048208,0.048208
2018-12-15 18:00:15,-0.12544,-0.12544
2018-12-15 18:00:45,-0.022617,-0.022617
2018-12-15 19:00:15,-0.10971,-0.10971
2018-12-15 19:00:45,-0.058715,-0.058715
2018-12-15 20:00:15,-0.14206,-0.14206
2018-12-15 20:00:45,-0.055675,-0.055675
2018-12-15 21:00:15,0.032184,0.032184
2018-12-15 21:00:45,-0.14545,-0.14545
2018-12-15 22:00:15,-0.088769,-0.088769
2018-12-15 22:00:45,-0.11195,-0.11195
2018-12-15 23:00:15,,0.005121284999999999
2018-12-15 23:00:45,-0.14929,-0.14929
2018-12-16 00:00:15,,-0.051324475
2018-12-16 00:00:45,,-0.0010485750000000012
2018-12-16 01:00:15,0.10711,0.10711
2018-12-16 01:00:45,0.45503,0.45503
2018-12-16 02:00:15,0.20753,0.20753
2018-12-16 02:00:45,0.28417,0.28417
2018-12-16 03:00:15,0.35014,0.35014
2018-12-16 03:00:45,,0.29166505750000005
2018-12-16 04:00:15,0.39694,0.39694
2018-12-16 04:00:45,0.28097,0.28097
2018-12-16 05:00:15,0.36805,0.36805
2018-12-16 05:00:45,0.72845,0.72845
2018-12-16 06:00:15,,0.39853060500000004
2018-12-16 06:00:45,-0.022603,-0.022603
2018-12-16 07:00:15,,0.2882604675
2018-12-16 07:00:45,-1.102,-1.102
2018-12-16 08:00:15,-1.1367,-1.1367
2018-12-16 08:00:45,,-0.13964956999999997
2018-12-16 09:00:15,-0.29224,-0.29224
2018-12-16 09:00:45,1.1953,1.1953
2018-12-16 10:00:15,,-0.27027979
2018-12-16 10:00:45,-0.5575,-0.5575
2018-12-16 11:00:15,-0.086675,-0.086675
2018-12-16 11:00:45,-0.017222,-0.017222
2018-12-16 12:00:15,-0.22956,-0.22956
2018-12-16 12:00:45,0.1552,0.1552
2018-12-16 13:00:15,-0.07617,-0.07617
2018-12-16 13:00:45,0.083918,0.083918
2018-12-16 14:00:15,0.2042,0.2042
2018-12-16 14:00:45,0.038937,0.038937
2018-12-16 15:00:15,-0.13161,-0.13161
2018-12-16 15:00:45,-0.18012,-0.18012
2018-12-16 16:00:15,0.002869,0.002869
2018-12-16 16:00:45,0.002949,0.002949
2018-12-16 17:00:15,-0.15942,-0.15942
2018-12-16 17:00:45,-0.060456,-0.060456
2018-12-16 18:00:15,-0.044554,-0.044554
2018-12-16 18:00:45,0.055909,0.055909
2018-12-16 19:00:15,0.009719,0.009719
2018-12-16 19:00:45,-0.12366,-0.12366
2018-12-16 20:00:15,-0.041474,-0.041474
2018-12-16 20:00:45,0.010804,0.010804
2018-12-16 21:00:15,0.039669,0.039669
2018-12-16 21:00:45,-0.038726,-0.038726
2018-12-16 22:00:15,-0.063366,-0.063366
2018-12-16 22:00:45,-0.057891,-0.057891
2018-12-16 23:00:15,-0.12469,-0.12469
2018-12-16 23:00:45,-0.10309,-0.10309
2018-12-17 00:00:15,-0.030733,-0.030733
2018-12-17 00:00:45,0.50838,0.50838
2018-12-17 01:00:15,,0.09706087750000003
2018-12-17 01:00:45,,0.09623699749999998
2018-12-17 02:00:15,0.20224,0.20224
2018-12-17 02:00:45,-0.017148,-0.017148
2018-12-17 03:00:15,,0.006097150000000001
2018-12-17 03:00:45,0.017913,0.017913
2018-12-17 04:00:15,-0.18599,-0.18599
2018-12-17 04:00:45,0.099733,0.099733
2018-12-17 05:00:15,0.067095,0.067095
2018-12-17 05:00:45,0.008703,0.008703
2018-12-17 06:00:15,-0.064695,-0.064695
2018-12-17 06:00:45,,0.044362167499999994
2018-12-17 07:00:15,-0.051289,-0.051289
2018-12-17 07:00:45,0.0959,0.0959
2018-12-17 08:00:15,-0.032602,-0.032602
2018-12-17 08:00:45,-0.44415,-0.44415
2018-12-17 09:00:15,-0.19453,-0.19453
2018-12-17 09:00:45,-0.42557,-0.42557
2018-12-17 10:00:15,,-0.3575316250000001
2018-12-17 10:00:45,-0.29015,-0.29015
2018-12-17 11:00:15,-0.076377,-0.076377
2018-12-17 11:00:45,-1.1267,-1.1267
2018-12-17 12:00:15,-0.39484,-0.39484
2018-12-17 12:00:45,-0.35157,-0.35157
2018-12-17 13:00:15,-0.12848,-0.12848
2018-12-17 13:00:45,-0.72782,-0.72782
2018-12-17 14:00:15,-0.31844,-0.31844
2018-12-17 14:00:45,-0.18424,-0.18424
2018-12-17 15:00:15,-0.18178,-0.18178
2018-12-17 15:00:45,-0.020821,-0.020821
2018-12-17 16:00:15,0.051321,0.051321
2018-12-17 16:00:45,0.16703,0.16703
2018-12-17 17:00:15,0.17777,0.17777
2018-12-17 17:00:45,0.13072,0.13072
2018-12-17 18:00:15,0.10327,0.10327
2018-12-17 18:00:45,0.037176,0.037176
2018-12-17 19:00:15,0.071486,0.071486
2018-12-17 19:00:45,0.032475,0.032475
2018-12-17 20:00:15,0.055916,0.055916
2018-12-17 20:00:45,0.060526,0.060526
2018-12-17 21:00:15,0.008038,0.008038
2018-12-17 21:00:45,0.021094,0.021094
2018-12-17 22:00:15,0.082559,0.082559
2018-12-17 22:00:45,0.053828,0.053828
2018-12-17 23:00:15,0.03073,0.03073
2018-12-17 23:00:45,0.073905,0.073905
2018-12-18 00:00:15,0.078573,0.078573
2018-12-18 00:00:45,0.34297,0.34297
2018-12-18 01:00:15,0.002336,0.002336
2018-12-18 01:00:45,0.10262,0.10262
2018-12-18 02:00:15,0.090156,0.090156
2018-12-18 02:00:45,,0.15422984750000004
2018-12-18 03:00:15,0.19635,0.19635
2018-12-18 03:00:45,,0.24888789999999997
2018-12-18 04:00:15,,0.33000004499999996
2018-12-18 04:00:45,,0.28054986249999997
2018-12-18 05:00:15,,0.20672906749999995
2018-12-18 05:00:45,0.14839,0.14839
2018-12-18 06:00:15,0.26634,0.26634
2018-12-18 06:00:45,0.067959,0.067959
2018-12-18 07:00:15,0.12301,0.12301
2018-12-18 07:00:45,,-0.17998805250000002
2018-12-18 08:00:15,-0.25776,-0.25776
2018-12-18 08:00:45,,-0.15167215750000002
2018-12-18 09:00:15,-0.2293,-0.2293
2018-12-18 09:00:45,-0.13666,-0.13666
2018-12-18 10:00:15,-0.1209,-0.1209
2018-12-18 10:00:45,-0.52466,-0.52466
2018-12-18 11:00:15,-0.27388,-0.27388
2018-12-18 11:00:45,-0.11371,-0.11371
2018-12-18 12:00:15,-0.43822,-0.43822
2018-12-18 12:00:45,0.16272,0.16272
2018-12-18 13:00:15,-0.36611,-0.36611
2018-12-18 13:00:45,-0.29268,-0.29268
2018-12-18 14:00:15,0.13798,0.13798
2018-12-18 14:00:45,0.013463,0.013463
2018-12-18 15:00:15,-0.10134,-0.10134
2018-12-18 15:00:45,0.15849,0.15849
2018-12-18 16:00:15,-0.16055,-0.16055
2018-12-18 16:00:45,0.030562,0.030562
2018-12-18 17:00:15,0.16649,0.16649
2018-12-18 17:00:45,0.038425,0.038425
2018-12-18 18:00:15,0.012936,0.012936
2018-12-18 18:00:45,-0.004899,-0.004899
2018-12-18 19:00:15,-0.029977,-0.029977
2018-12-18 19:00:45,-0.059486,-0.059486
2018-12-18 20:00:15,-0.079151,-0.079151
2018-12-18 20:00:45,0.017546,0.017546
2018-12-18 21:00:15,-0.1736,-0.1736
2018-12-18 21:00:45,-0.094703,-0.094703
2018-12-18 22:00:15,-0.0628,-0.0628
2018-12-18 22:00:45,-0.078233,-0.078233
2018-12-18 23:00:15,-0.13892,-0.13892
2018-12-18 23:00:45,-0.14925,-0.14925
2018-12-19 00:00:15,-0.15743,-0.15743
2018-12-19 00:00:45,-0.075407,-0.075407
2018-12-19 01:00:15,-0.088736,-0.088736
2018-12-19 01:00:45,,-0.06426015000000002
2018-12-19 02:00:15,-0.16995,-0.16995
2018-12-19 02:00:45,-0.14117,-0.14117
2018-12-19 03:00:15,-0.12711,-0.12711
2018-12-19 03:00:45,0.087255,0.087255
2018-12-19 04:00:15,0.23456,0.23456
2018-12-19 04:00:45,0.25229,0.25229
2018-12-19 05:00:15,0.17373,0.17373
2018-12-19 05:00:45,0.29627,0.29627
2018-12-19 06:00:15,0.34731,0.34731
2018-12-19 06:00:45,0.36822,0.36822
2018-12-19 07:00:15,0.32738,0.32738
2018-12-19 07:00:45,-0.10021,-0.10021
2018-12-19 08:00:15,0.19616,0.19616
2018-12-19 08:00:45,-0.092472,-0.092472
2018-12-19 09:00:15,-0.23578,-0.23578
2018-12-19 09:00:45,-0.10694,-0.10694
2018-12-19 10:00:15,-0.17982,-0.17982
2018-12-19 10:00:45,-0.15179,-0.15179
2018-12-19 11:00:15,-0.3848,-0.3848
2018-12-19 11:00:45,-0.24572,-0.24572
2018-12-19 12:00:15,-0.010958,-0.010958
2018-12-19 12:00:45,0.87487,0.87487
2018-12-19 13:00:15,,0.26623208000000004
2018-12-19 13:00:45,0.93561,0.93561
2018-12-19 14:00:15,0.58036,0.58036
2018-12-19 14:00:45,1.0606,1.0606
2018-12-19 15:00:15,0.91658,0.91658
2018-12-19 15:00:45,0.90081,0.90081
2018-12-19 16:00:15,0.81249,0.81249
2018-12-19 16:00:45,,0.45376852999999995
2018-12-19 17:00:15,0.026048,0.026048
2018-12-19 17:00:45,0.036919,0.036919
2018-12-19 18:00:15,-0.085877,-0.085877
2018-12-19 18:00:45,0.02628,0.02628
2018-12-19 19:00:15,-0.04355,-0.04355
2018-12-19 19:00:45,-0.018171,-0.018171
2018-12-19 20:00:15,0.16569,0.16569
2018-12-19 20:00:45,0.00175,0.00175
2018-12-19 21:00:15,0.049997,0.049997
2018-12-19 21:00:45,-0.13586,-0.13586
2018-12-19 22:00:15,-0.18916,-0.18916
2018-12-19 22:00:45,-0.18264,-0.18264
2018-12-19 23:00:15,-0.17443,-0.17443
2018-12-19 23:00:45,-0.15788,-0.15788
2018-12-20 00:00:15,,-0.13956672999999992
2018-12-20 00:00:45,-0.1368,-0.1368
2018-12-20 01:00:15,-0.1578,-0.1578
2018-12-20 01:00:45,-0.17849,-0.17849
2018-12-20 02:00:15,,-0.09675284
2018-12-20 02:00:45,-0.14396,-0.14396
2018-12-20 03:00:15,-0.19096,-0.19096
2018-12-20 03:00:45,-0.068782,-0.068782
2018-12-20 04:00:15,-0.14298,-0.14298
2018-12-20 04:00:45,0.000458,0.000458
2018-12-20 05:00:15,-0.14159,-0.14159
2018-12-20 05:00:45,0.12713,0.12713
2018-12-20 06:00:15,0.26555,0.26555
2018-12-20 06:00:45,0.24125,0.24125
2018-12-20 07:00:15,0.24957,0.24957
2018-12-20 07:00:45,0.26639,0.26639
2018-12-20 08:00:15,-0.27246,-0.27246
2018-12-20 08:00:45,-0.014808,-0.014808
2018-12-20 09:00:15,0.067211,0.067211
2018-12-20 09:00:45,-0.20625,-0.20625
2018-12-20 10:00:15,-0.2825,-0.2825
2018-12-20 10:00:45,0.031459,0.031459
2018-12-20 11:00:15,0.3454,0.3454
2018-12-20 11:00:45,-0.3619,-0.3619
2018-12-20 12:00:15,0.42345,0.42345
2018-12-20 12:00:45,-0.50925,-0.50925
2018-12-20 13:00:15,-0.4036,-0.4036
2018-12-20 13:00:45,-0.27944,-0.27944
2018-12-20 14:00:15,-0.38597,-0.38597
2018-12-20 14:00:45,-0.42949,-0.42949
2018-12-20 15:00:15,-0.36297,-0.36297
2018-12-20 15:00:45,-0.48943,-0.48943
2018-12-20 16:00:15,-0.31364,-0.31364
2018-12-20 16:00:45,-0.03383,-0.03383
2018-12-20 17:00:15,,-0.021166240000000003
2018-12-20 17:00:45,-0.004936,-0.004936
2018-12-20 18:00:15,0.028496,0.028496
2018-12-20 18:00:45,-0.015828,-0.015828
2018-12-20 19:00:15,-0.034464,-0.034464
2018-12-20 19:00:45,-0.099785,-0.099785
2018-12-20 20:00:15,-0.10293,-0.10293
2018-12-20 20:00:45,-0.07658,-0.07658
2018-12-20 21:00:15,-0.07152,-0.07152
2018-12-20 21:00:45,-0.088428,-0.088428
2018-12-20 22:00:15,-0.04261,-0.04261
2018-12-20 22:00:45,-0.013694,-0.013694
2018-12-20 23:00:15,-0.034604,-0.034604
2018-12-20 23:00:45,0.081865,0.081865
2018-12-21 00:00:15,-0.04418,-0.04418
2018-12-21 00:00:45,,-0.027871939999999987
2018-12-21 01:00:15,-0.10942,-0.10942
2018-12-21 01:00:45,-0.086452,-0.086452
2018-12-21 02:00:15,0.10221,0.10221
2018-12-21 02:00:45,-0.052493,-0.052493
2018-12-21 03:00:15,-0.0186,-0.0186
2018-12-21 03:00:45,,0.0096652925
2018-12-21 04:00:15,0.042647,0.042647
2018-12-21 04:00:45,-0.02521,-0.02521
2018-12-21 05:00:15,0.003658,0.003658
2018-12-21 05:00:45,0.022814,0.022814
2018-12-21 06:00:15,0.15968,0.15968
2018-12-21 06:00:45,-0.015306,-0.015306
2018-12-21 07:00:15,0.004456,0.004456
2018-12-21 07:00:45,-0.023267,-0.023267
2018-12-21 08:00:15,,-0.24694884750000007
2018-12-21 08:00:45,-0.46537,-0.46537
2018-12-21 09:00:15,-0.38902,-0.38902
2018-12-21 09:00:45,-0.064494,-0.064494
2018-12-21 10:00:15,-0.21525,-0.21525
2018-12-21 10:00:45,-0.2735,-0.2735
2018-12-21 11:00:15,0.01024,0.01024
2018-12-21 11:00:45,-0.25409,-0.25409
2018-12-21 12:00:15,-0.48803,-0.48803
2018-12-21 12:00:45,0.13136,0.13136
2018-12-21 13:00:15,0.056562,0.056562
2018-12-21 13:00:45,-0.19132,-0.19132
2018-12-21 14:00:15,-0.14394,-0.14394
2018-12-21 14:00:45,-0.21476,-0.21476
2018-12-21 15:00:15,-0.2347,-0.2347
2018-12-21 15:00:45,0.004548,0.004548
2018-12-21 16:00:15,-0.071441,-0.071441
2018-12-21 16:00:45,-0.027252,-0.027252
2018-12-21 17:00:15,-0.007534,-0.007534
2018-12-21 17:00:45,0.015334,0.015334
2018-12-21 18:00:15,0.009322,0.009322
2018-12-21 18:00:45,-0.10342,-0.10342
2018-12-21 19:00:15,-0.099296,-0.099296
2018-12-21 19:00:45,-0.06607,-0.06607
2018-12-21 20:00:15,-0.13967,-0.13967
2018-12-21 20:00:45,-0.043029,-0.043029
2018-12-21 21:00:15,0.049673,0.049673
2018-12-21 21:00:45,0.19667,0.19667
2018-12-21 22:00:15,0.053313,0.053313
2018-12-21 22:00:45,-0.076816,-0.076816
2018-12-21 23:00:15,0.021404,0.021404
2018-12-21 23:00:45,-0.021729,-0.021729
2018-12-22 00:00:15,-0.10308,-0.10308
2018-12-22 00:00:45,-0.052843,-0.052843
2018-12-22 01:00:15,0.22368,0.22368
2018-12-22 01:00:45,,-0.031007767500000005
2018-12-22 02:00:15,0.042644,0.042644
2018-12-22 02:00:45,-0.15221,-0.15221
2018-12-22 03:00:15,-0.026329,-0.026329
2018-12-22 03:00:45,-0.10933,-0.10933
2018-12-22 04:00:15,,-0.0372828425
2018-12-22 04:00:45,-0.001153,-0.001153
2018-12-22 05:00:15,-0.13873,-0.13873
2018-12-22 05:00:45,-0.077119,-0.077119
2018-12-22 06:00:15,-0.088552,-0.088552
2018-12-22 06:00:45,-0.16009,-0.16009
2018-12-22 07:00:15,-0.12499,-0.12499
2018-12-22 07:00:45,-0.35458,-0.35458
2018-12-22 08:00:15,-0.35386,-0.35386
2018-12-22 08:00:45,-0.27849,-0.27849
2018-12-22 09:00:15,-0.35095,-0.35095
2018-12-22 09:00:45,-0.057165,-0.057165
2018-12-22 10:00:15,-0.32567,-0.32567
2018-12-22 10:00:45,0.21021,0.21021
2018-12-22 11:00:15,0.14336,0.14336
2018-12-22 11:00:45,0.1924,0.1924
2018-12-22 12:00:15,-0.037887,-0.037887
2018-12-22 12:00:45,-0.088948,-0.088948
2018-12-22 13:00:15,-0.096123,-0.096123
2018-12-22 13:00:45,-0.13772,-0.13772
2018-12-22 14:00:15,0.085951,0.085951
2018-12-22 14:00:45,0.28965,0.28965
2018-12-22 15:00:15,-0.01513,-0.01513
2018-12-22 15:00:45,-0.0022,-0.0022
2018-12-22 16:00:15,0.10852,0.10852
2018-12-22 16:00:45,-0.35418,-0.35418
2018-12-22 17:00:15,0.000545,0.000545
2018-12-22 17:00:45,0.040305,0.040305
2018-12-22 18:00:15,0.11508,0.11508
2018-12-22 18:00:45,-0.003123,-0.003123
2018-12-22 19:00:15,0.089538,0.089538
2018-12-22 19:00:45,0.001489,0.001489
2018-12-22 20:00:15,-0.069308,-0.069308
2018-12-22 20:00:45,0.057502,0.057502
2018-12-22 21:00:15,0.073061,0.073061
2018-12-22 21:00:45,0.010956,0.010956
2018-12-22 22:00:15,0.081945,0.081945
2018-12-22 22:00:45,-0.12193,-0.12193
2018-12-22 23:00:15,-0.061139,-0.061139
2018-12-22 23:00:45,-0.18237,-0.18237
2018-12-23 00:00:15,-0.06311,-0.06311
2018-12-23 00:00:45,-0.049918,-0.049918
2018-12-23 01:00:15,-0.008379,-0.008379
2018-12-23 01:00:45,0.49596,0.49596
2018-12-23 02:00:15,0.22577,0.22577
2018-12-23 02:00:45,0.29661,0.29661
2018-12-23 03:00:15,0.30972,0.30972
2018-12-23 03:00:45,-0.059375,-0.059375
2018-12-23 04:00:15,0.32613,0.32613
2018-12-23 04:00:45,0.35648,0.35648
2018-12-23 05:00:15,,0.0208600525
2018-12-23 05:00:45,0.55987,0.55987
2018-12-23 06:00:15,0.021417,0.021417
2018-12-23 06:00:45,-0.072519,-0.072519
2018-12-23 07:00:15,0.60604,0.60604
2018-12-23 07:00:45,0.3627,0.3627
2018-12-23 08:00:15,0.18878,0.18878
2018-12-23 08:00:45,-0.2281,-0.2281
2018-12-23 09:00:15,-0.77699,-0.77699
2018-12-23 09:00:45,-0.55959,-0.55959
2018-12-23 10:00:15,-0.29392,-0.29392
2018-12-23 10:00:45,-0.059214,-0.059214
2018-12-23 11:00:15,-0.31946,-0.31946
2018-12-23 11:00:45,0.19988,0.19988
2018-12-23 12:00:15,-0.1239,-0.1239
2018-12-23 12:00:45,-0.020287,-0.020287
2018-12-23 13:00:15,-0.6844,-0.6844
2018-12-23 13:00:45,-0.062845,-0.062845
2018-12-23 14:00:15,-0.34817,-0.34817
2018-12-23 14:00:45,-0.43699,-0.43699
2018-12-23 15:00:15,-0.32672,-0.32672
2018-12-23 15:00:45,-0.39877,-0.39877
2018-12-23 16:00:15,-0.23072,-0.23072
2018-12-23 16:00:45,-0.12973,-0.12973
2018-12-23 17:00:15,-0.006149,-0.006149
2018-12-23 17:00:45,-0.0213,-0.0213
2018-12-23 18:00:15,,-0.023796177499999998
2018-12-23 18:00:45,-0.022308,-0.022308
2018-12-23 19:00:15,-0.042285,-0.042285
2018-12-23 19:00:45,,-0.0027415350000000007
2018-12-23 20:00:15,,0.06455722750000001
2018-12-23 20:00:45,-0.070603,-0.070603
2018-12-23 21:00:15,-0.011046,-0.011046
2018-12-23 21:00:45,-0.017841,-0.017841
2018-12-23 22:00:15,2.0791,2.0791
2018-12-23 22:00:45,,0.029391075000000003
2018-12-23 23:00:15,0.35015,0.35015
2018-12-23 23:00:45,-0.058743,-0.058743
2018-12-24 00:00:15,-0.082507,-0.082507
2018-12-24 00:00:45,,0.0498854075
2018-12-24 01:00:15,-0.14586,-0.14586
2018-12-24 01:00:45,-0.11962,-0.11962
2018-12-24 02:00:15,0.048538,0.048538
2018-12-24 02:00:45,-0.013635,-0.013635
2018-12-24 03:00:15,-0.084264,-0.084264
2018-12-24 03:00:45,0.050823,0.050823
2018-12-24 04:00:15,-0.048061,-0.048061
2018-12-24 04:00:45,,0.005399852499999998
2018-12-24 05:00:15,2.042,2.042
2018-12-24 05:00:45,,0.009687695000000001
2018-12-24 06:00:15,-0.10036,-0.10036
2018-12-24 06:00:45,,0.2892404274999999
2018-12-24 07:00:15,0.34741,0.34741
2018-12-24 07:00:45,0.71675,0.71675
2018-12-24 08:00:15,-0.46897,-0.46897
2018-12-24 08:00:45,-0.12718,-0.12718
2018-12-24 09:00:15,0.23783,0.23783
2018-12-24 09:00:45,-0.70803,-0.70803
2018-12-24 10:00:15,,-0.3478418875000001
2018-12-24 10:00:45,,-0.3255975175
2018-12-24 11:00:15,0.031191,0.031191
2018-12-24 11:00:45,1.5078,1.5078
2018-12-24 12:00:15,0.20674,0.20674
2018-12-24 12:00:45,-1.357,-1.357
2018-12-24 13:00:15,-0.19555,-0.19555
2018-12-24 13:00:45,0.025256,0.025256
2018-12-24 14:00:15,0.60261,0.60261
2018-12-24 14:00:45,-0.022771,-0.022771
2018-12-24 15:00:15,-0.20451,-0.20451
2018-12-24 15:00:45,-0.24783,-0.24783
2018-12-24 16:00:15,-0.22944,-0.22944
2018-12-24 16:00:45,-0.089503,-0.089503
2018-12-24 17:00:15,-0.027389,-0.027389
2018-12-24 17:00:45,0.020539,0.020539
2018-12-24 18:00:15,-0.027711,-0.027711
2018-12-24 18:00:45,-0.079976,-0.079976
2018-12-24 19:00:15,-0.054828,-0.054828
2018-12-24 19:00:45,-0.03654,-0.03654
2018-12-24 20:00:15,-0.09948,-0.09948
2018-12-24 20:00:45,-0.086385,-0.086385
2018-12-24 21:00:15,,0.039304675
2018-12-24 21:00:45,-0.011648,-0.011648
2018-12-24 22:00:15,0.001213,0.001213
2018-12-24 22:00:45,0.093292,0.093292
2018-12-24 23:00:15,-0.018767,-0.018767
2018-12-24 23:00:45,-0.17662,-0.17662
2018-12-25 00:00:15,0.036491,0.036491
2018-12-25 00:00:45,0.29943,0.29943
2018-12-25 01:00:15,-0.005509,-0.005509
2018-12-25 01:00:45,,0.018139802500000003
2018-12-25 02:00:15,,0.003025590000000001
2018-12-25 02:00:45,,-0.04799628
2018-12-25 03:00:15,,-0.04345120749999999
2018-12-25 03:00:45,0.024966,0.024966
2018-12-25 04:00:15,-0.14063,-0.14063
2018-12-25 04:00:45,,-0.039026457499999986
2018-12-25 05:00:15,0.015229,0.015229
2018-12-25 05:00:45,-0.08681,-0.08681
2018-12-25 06:00:15,0.20773,0.20773
2018-12-25 06:00:45,,0.0006500000000000039
2018-12-25 07:00:15,-0.049559,-0.049559
2018-12-25 07:00:45,0.071673,0.071673
2018-12-25 08:00:15,-0.97795,-0.97795
2018-12-25 08:00:45,-0.31301,-0.31301
2018-12-25 09:00:15,0.26163,0.26163
2018-12-25 09:00:45,-0.64451,-0.64451
2018-12-25 10:00:15,-0.92171,-0.92171
2018-12-25 10:00:45,-0.79647,-0.79647
2018-12-25 11:00:15,-1.4511,-1.4511
2018-12-25 11:00:45,0.13855,0.13855
2018-12-25 12:00:15,0.39326,0.39326
2018-12-25 12:00:45,-1.3959,-1.3959
2018-12-25 13:00:15,0.14694,0.14694
2018-12-25 13:00:45,0.69157,0.69157
2018-12-25 14:00:15,0.64751,0.64751
2018-12-25 14:00:45,0.42229,0.42229
2018-12-25 15:00:15,0.52203,0.52203
2018-12-25 15:00:45,0.45323,0.45323
2018-12-25 16:00:15,0.65294,0.65294
2018-12-25 16:00:45,0.38836,0.38836
2018-12-25 17:00:15,0.61726,0.61726
2018-12-25 17:00:45,0.36983,0.36983
2018-12-25 18:00:15,0.4043,0.4043
2018-12-25 18:00:45,0.22488,0.22488
2018-12-25 19:00:15,0.10283,0.10283
2018-12-25 19:00:45,0.044744,0.044744
2018-12-25 20:00:15,-0.12731,-0.12731
2018-12-25 20:00:45,-0.11245,-0.11245
2018-12-25 21:00:15,-0.1235,-0.1235
2018-12-25 21:00:45,0.24991,0.24991
2018-12-25 22:00:15,0.05734,0.05734
2018-12-25 22:00:45,0.061718,0.061718
2018-12-25 23:00:15,0.24289,0.24289
2018-12-25 23:00:45,0.5251,0.5251
2018-12-26 00:00:15,0.27116,0.27116
2018-12-26 00:00:45,0.21374,0.21374
2018-12-26 01:00:15,,0.05224992500000001
2018-12-26 01:00:45,0.18519,0.18519
2018-12-26 02:00:15,0.027896,0.027896
2018-12-26 02:00:45,-0.060548,-0.060548
2018-12-26 03:00:15,0.078362,0.078362
2018-12-26 03:00:45,0.7726,0.7726
2018-12-26 04:00:15,,0.356919595
2018-12-26 04:00:45,,0.28082297500000003
2018-12-26 05:00:15,0.23321,0.23321
2018-12-26 05:00:45,,0.350839875
2018-12-26 06:00:15,-0.11954,-0.11954
2018-12-26 06:00:45,,0.10454328999999996
2018-12-26 07:00:15,,0.136338315
2018-12-26 07:00:45,,0.2337696025000001
2018-12-26 08:00:15,,0.23276502500000013
2018-12-26 08:00:45,,0.48705281500000003
2018-12-26 09:00:15,,0.07496741
2018-12-26 09:00:45,,0.111079505
2018-12-26 10:00:15,,-0.1550225225
2018-12-26 10:00:45,,-0.15031979999999998
2018-12-26 11:00:15,,-0.13836082749999998
2018-12-26 11:00:45,,-0.14836721749999993
2018-12-26 12:00:15,0.72286,0.72286
2018-12-26 12:00:45,-0.42672,-0.42672
2018-12-26 13:00:15,-0.84967,-0.84967
2018-12-26 13:00:45,0.60411,0.60411
2018-12-26 14:00:15,0.27874,0.27874
2018-12-26 14:00:45,-1.1059,-1.1059
2018-12-26 15:00:15,,-0.10764352749999997
2018-12-26 15:00:45,-1.995,-1.995
2018-12-26 16:00:15,,-0.11172877500000002
2018-12-26 16:00:45,,0.3055582625
2018-12-26 17:00:15,,0.4140514475
2018-12-26 17:00:45,,0.3955254025
2018-12-26 18:00:15,,0.3132156575000001
2018-12-26 18:00:45,,0.4741957750000002
2018-12-26 19:00:15,,0.4388624200000002
2018-12-26 19:00:45,,0.6136778825000002
2018-12-26 20:00:15,,0.7215211450000001
2018-12-26 20:00:45,3.3443,3.3443
2018-12-26 21:00:15,0.12749,0.12749
2018-12-26 21:00:45,0.28618,0.28618
2018-12-26 22:00:15,0.20327,0.20327
2018-12-26 22:00:45,0.20578,0.20578
2018-12-26 23:00:15,0.23361,0.23361
2018-12-26 23:00:45,0.14016,0.14016
2018-12-27 00:00:15,0.16495,0.16495
2018-12-27 00:00:45,0.31817,0.31817
2018-12-27 01:00:15,0.20321,0.20321
2018-12-27 01:00:45,0.15386,0.15386
2018-12-27 02:00:15,0.22042,0.22042
2018-12-27 02:00:45,0.11383,0.11383
2018-12-27 03:00:15,0.14038,0.14038
2018-12-27 03:00:45,-0.027493,-0.027493
2018-12-27 04:00:15,-0.14709,-0.14709
2018-12-27 04:00:45,0.015817,0.015817
2018-12-27 05:00:15,0.034653,0.034653
2018-12-27 05:00:45,-0.005557,-0.005557
2018-12-27 06:00:15,0.065706,0.065706
2018-12-27 06:00:45,-0.092244,-0.092244
2018-12-27 07:00:15,0.000882,0.000882
2018-12-27 07:00:45,0.89917,0.89917
2018-12-27 08:00:15,0.123,0.123
2018-12-27 08:00:45,-0.17271,-0.17271
2018-12-27 09:00:15,-0.32912,-0.32912
2018-12-27 09:00:45,-0.24073,-0.24073
2018-12-27 10:00:15,-0.73603,-0.73603
2018-12-27 10:00:45,-0.54211,-0.54211
2018-12-27 11:00:15,-0.37828,-0.37828
2018-12-27 11:00:45,-0.24934,-0.24934
2018-12-27 12:00:15,-0.73753,-0.73753
2018-12-27 12:00:45,-0.43658,-0.43658
2018-12-27 13:00:15,-0.45776,-0.45776
2018-12-27 13:00:45,-0.47531,-0.47531
2018-12-27 14:00:15,-0.75538,-0.75538
2018-12-27 14:00:45,-0.18528,-0.18528
2018-12-27 15:00:15,-0.05195,-0.05195
2018-12-27 15:00:45,-0.003569,-0.003569
2018-12-27 16:00:15,0.13316,0.13316
2018-12-27 16:00:45,0.56996,0.56996
2018-12-27 17:00:15,3.4504,3.4504
2018-12-27 17:00:45,,0.5622138125
2018-12-27 18:00:15,0.16042,0.16042
2018-12-27 18:00:45,,0.31259803249999996
2018-12-27 19:00:15,,0.7316362025000002
2018-12-27 19:00:45,,0.3814986275000001
2018-12-27 20:00:15,,0.5205363525000001
2018-12-27 20:00:45,1.1694,1.1694
2018-12-27 21:00:15,,0.3966709325
2018-12-27 21:00:45,0.12713,0.12713
2018-12-27 22:00:15,,0.36612392250000003
2018-12-27 22:00:45,,0.35955529750000004
2018-12-27 23:00:15,,0.32679350499999993
2018-12-27 23:00:45,,0.3206488024999999
2018-12-28 00:00:15,-0.1779,-0.1779
2018-12-28 00:00:45,,0.26651328250000006
2018-12-28 01:00:15,,0.5978849600000001
2018-12-28 01:00:45,,0.4972204825
2018-12-28 02:00:15,,0.625176175
2018-12-28 02:00:45,,0.7638221475000001
2018-12-28 03:00:15,,0.8007459625000002
2018-12-28 03:00:45,,0.9187210625
2018-12-28 04:00:15,,0.9450692224999999
2018-12-28 04:00:45,,1.1143926074999997
2018-12-28 05:00:15,,1.3295015
2018-12-28 05:00:45,,1.40874301
2018-12-28 06:00:15,,1.8087623000000002
2018-12-28 06:00:45,2.7332,2.7332
2018-12-28 07:00:15,1.0558,1.0558
2018-12-28 07:00:45,0.62112,0.62112
2018-12-28 08:00:15,2.0165,2.0165
2018-12-28 08:00:45,0.83225,0.83225
2018-12-28 09:00:15,1.0355,1.0355
2018-12-28 09:00:45,1.2385,1.2385
2018-12-28 10:00:15,0.81542,0.81542
2018-12-28 10:00:45,2.538,2.538
2018-12-28 11:00:15,3.1464,3.1464
2018-12-28 11:00:45,1.6336,1.6336
2018-12-28 12:00:15,1.6706,1.6706
2018-12-28 12:00:45,1.4944,1.4944
2018-12-28 13:00:15,1.2185,1.2185
2018-12-28 13:00:45,0.7564,0.7564
2018-12-28 14:00:15,0.47652,0.47652
2018-12-28 14:00:45,0.83622,0.83622
2018-12-28 15:00:15,1.3448,1.3448
2018-12-28 15:00:45,1.3993,1.3993
2018-12-28 16:00:15,0.63232,0.63232
2018-12-28 16:00:45,0.46414,0.46414
2018-12-28 17:00:15,0.37309,0.37309
2018-12-28 17:00:45,0.29627,0.29627
2018-12-28 18:00:15,0.52667,0.52667
2018-12-28 18:00:45,0.52382,0.52382
2018-12-28 19:00:15,0.40776,0.40776
2018-12-28 19:00:45,0.47764,0.47764
2018-12-28 20:00:15,0.56638,0.56638
2018-12-28 20:00:45,0.41776,0.41776
2018-12-28 21:00:15,0.50423,0.50423
2018-12-28 21:00:45,0.39723,0.39723
2018-12-28 22:00:15,0.31816,0.31816
2018-12-28 22:00:45,0.40711,0.40711
2018-12-28 23:00:15,0.32263,0.32263
2018-12-28 23:00:45,0.34774,0.34774
2018-12-29 00:00:15,0.28371,0.28371
2018-12-29 00:00:45,0.36662,0.36662
2018-12-29 01:00:15,0.53567,0.53567
2018-12-29 01:00:45,0.46629,0.46629
2018-12-29 02:00:15,0.53262,0.53262
2018-12-29 02:00:45,0.21466,0.21466
2018-12-29 03:00:15,0.36972,0.36972
2018-12-29 03:00:45,0.60626,0.60626
2018-12-29 04:00:15,0.59338,0.59338
2018-12-29 04:00:45,0.66712,0.66712
2018-12-29 05:00:15,0.63788,0.63788
2018-12-29 05:00:45,,0.6009385250000006
2018-12-29 06:00:15,0.78771,0.78771
2018-12-29 06:00:45,0.7056,0.7056
2018-12-29 07:00:15,0.56253,0.56253
2018-12-29 07:00:45,0.72971,0.72971
2018-12-29 08:00:15,0.69673,0.69673
2018-12-29 08:00:45,0.9096,0.9096
2018-12-29 09:00:15,0.95336,0.95336
2018-12-29 09:00:45,1.097,1.097
2018-12-29 10:00:15,0.72734,0.72734
2018-12-29 10:00:45,0.96957,0.96957
2018-12-29 11:00:15,0.5295,0.5295
2018-12-29 11:00:45,1.0204,1.0204
2018-12-29 12:00:15,1.0676,1.0676
2018-12-29 12:00:45,1.4699,1.4699
2018-12-29 13:00:15,0.74782,0.74782
2018-12-29 13:00:45,0.87179,0.87179
2018-12-29 14:00:15,0.89511,0.89511
2018-12-29 14:00:45,1.217,1.217
2018-12-29 15:00:15,1.0901,1.0901
2018-12-29 15:00:45,1.2624,1.2624
2018-12-29 16:00:15,0.58356,0.58356
2018-12-29 16:00:45,0.44875,0.44875
2018-12-29 17:00:15,0.48779,0.48779
2018-12-29 17:00:45,,0.4316415374999999
2018-12-29 18:00:15,0.43202,0.43202
2018-12-29 18:00:45,0.2887,0.2887
2018-12-29 19:00:15,0.47749,0.47749
2018-12-29 19:00:45,,0.4448860250000001
2018-12-29 20:00:15,0.52576,0.52576
2018-12-29 20:00:45,0.3564,0.3564
2018-12-29 21:00:15,0.50568,0.50568
2018-12-29 21:00:45,0.51904,0.51904
2018-12-29 22:00:15,0.45076,0.45076
2018-12-29 22:00:45,0.54372,0.54372
2018-12-29 23:00:15,,0.5941283625000005
2018-12-29 23:00:45,0.51189,0.51189
2018-12-30 00:00:15,0.52211,0.52211
2018-12-30 00:00:45,0.49553,0.49553
2018-12-30 01:00:15,0.2292,0.2292
2018-12-30 01:00:45,0.23486,0.23486
2018-12-30 02:00:15,0.56954,0.56954
2018-12-30 02:00:45,,0.6002731775000003
2018-12-30 03:00:15,0.6113,0.6113
2018-12-30 03:00:45,0.39816,0.39816
2018-12-30 04:00:15,0.65941,0.65941
2018-12-30 04:00:45,0.70438,0.70438
2018-12-30 05:00:15,0.50643,0.50643
2018-12-30 05:00:45,0.43723,0.43723
2018-12-30 06:00:15,0.50088,0.50088
2018-12-30 06:00:45,,0.5261372500000001
2018-12-30 07:00:15,0.7736,0.7736
2018-12-30 07:00:45,0.70256,0.70256
2018-12-30 08:00:15,1.6108,1.6108
2018-12-30 08:00:45,,1.1931978200000002
2018-12-30 09:00:15,1.3797,1.3797
2018-12-30 09:00:45,0.37379,0.37379
2018-12-30 10:00:15,1.2044,1.2044
2018-12-30 10:00:45,0.56743,0.56743
2018-12-30 11:00:15,0.71898,0.71898
2018-12-30 11:00:45,0.89802,0.89802
2018-12-30 12:00:15,0.6273,0.6273
2018-12-30 12:00:45,,0.7959838025000002
2018-12-30 13:00:15,0.47693,0.47693
2018-12-30 13:00:45,1.1181,1.1181
2018-12-30 14:00:15,0.009739,0.009739
2018-12-30 14:00:45,0.78075,0.78075
2018-12-30 15:00:15,-0.34276,-0.34276
2018-12-30 15:00:45,1.0607,1.0607
2018-12-30 16:00:15,0.3921,0.3921
2018-12-30 16:00:45,0.42799,0.42799
2018-12-30 17:00:15,0.46111,0.46111
2018-12-30 17:00:45,0.39662,0.39662
2018-12-30 18:00:15,0.47008,0.47008
2018-12-30 18:00:45,0.55891,0.55891
2018-12-30 19:00:15,0.34788,0.34788
2018-12-30 19:00:45,0.3082,0.3082
2018-12-30 20:00:15,0.47139,0.47139
2018-12-30 20:00:45,,0.43735600250000006
2018-12-30 21:00:15,0.34237,0.34237
2018-12-30 21:00:45,0.3736,0.3736
2018-12-30 22:00:15,0.44959,0.44959
2018-12-30 22:00:45,0.30322,0.30322
2018-12-30 23:00:15,0.51809,0.51809
2018-12-30 23:00:45,0.40906,0.40906
2018-12-31 00:00:15,0.52636,0.52636
2018-12-31 00:00:45,0.61419,0.61419
2018-12-31 01:00:15,0.32969,0.32969
2018-12-31 01:00:45,,0.43116788500000014
2018-12-31 02:00:15,0.24686,0.24686
2018-12-31 02:00:45,0.50594,0.50594
2018-12-31 03:00:15,0.27005,0.27005
2018-12-31 03:00:45,0.44013,0.44013
2018-12-31 04:00:15,0.19299,0.19299
2018-12-31 04:00:45,0.4733,0.4733
2018-12-31 05:00:15,0.5357,0.5357
2018-12-31 05:00:45,0.33967,0.33967
2018-12-31 06:00:15,0.55542,0.55542
2018-12-31 06:00:45,0.49252,0.49252
2018-12-31 07:00:15,0.47421,0.47421
2018-12-31 07:00:45,0.92408,0.92408
2018-12-31 08:00:15,0.8857,0.8857
2018-12-31 08:00:45,0.8784,0.8784
2018-12-31 09:00:15,0.87044,0.87044
2018-12-31 09:00:45,,0.8240865749999999
2018-12-31 10:00:15,,0.7150972374999999
2018-12-31 10:00:45,0.033747,0.033747
2018-12-31 11:00:15,-0.11649,-0.11649
2018-12-31 11:00:45,-0.21505,-0.21505
2018-12-31 12:00:15,0.079642,0.079642
2018-12-31 12:00:45,0.014122,0.014122
2018-12-31 13:00:15,0.19336,0.19336
2018-12-31 13:00:45,-0.03545,-0.03545
2018-12-31 14:00:15,-0.053308,-0.053308
2018-12-31 14:00:45,0.50496,0.50496
2018-12-31 15:00:15,-0.47513,-0.47513
2018-12-31 15:00:45,0.87273,0.87273
2018-12-31 16:00:15,0.63151,0.63151
2018-12-31 16:00:45,0.33663,0.33663
2018-12-31 17:00:15,0.34202,0.34202
2018-12-31 17:00:45,0.26107,0.26107
2018-12-31 18:00:15,0.2588,0.2588
2018-12-31 18:00:45,,0.38130879250000016
2018-12-31 19:00:15,,0.29656337000000016
2018-12-31 19:00:45,0.16823,0.16823
2018-12-31 20:00:15,0.27765,0.27765
2018-12-31 20:00:45,0.38695,0.38695
2018-12-31 21:00:15,0.014521,0.014521
2018-12-31 21:00:45,0.20645,0.20645
2018-12-31 22:00:15,0.27113,0.27113
2018-12-31 22:00:45,-0.11524,-0.11524
2018-12-31 23:00:15,0.40227,0.40227
2018-12-31 23:00:45,,0.18794652499999998
2019-01-01 00:00:15,0.27027,0.27027
2019-01-01 00:00:45,0.49553,0.49553
2019-01-01 01:00:15,0.25699,0.25699
2019-01-01 01:00:45,0.55333,0.55333
2019-01-01 02:00:15,0.97579,0.97579
2019-01-01 02:00:45,0.89455,0.89455
2019-01-01 03:00:15,1.0665,1.0665
2019-01-01 03:00:45,0.90845,0.90845
2019-01-01 04:00:15,1.0933,1.0933
2019-01-01 04:00:45,1.3137,1.3137
2019-01-01 05:00:15,1.5429,1.5429
2019-01-01 05:00:45,1.2595,1.2595
2019-01-01 06:00:15,1.3976,1.3976
2019-01-01 06:00:45,1.5069,1.5069
2019-01-01 07:00:15,1.4834,1.4834
2019-01-01 07:00:45,1.4605,1.4605
2019-01-01 08:00:15,,1.7092386824999994
2019-01-01 08:00:45,2.2944,2.2944
2019-01-01 09:00:15,1.7474,1.7474
2019-01-01 09:00:45,1.6491,1.6491
2019-01-01 10:00:15,1.9116,1.9116
2019-01-01 10:00:45,1.8377,1.8377
2019-01-01 11:00:15,1.7786,1.7786
2019-01-01 11:00:45,1.7372,1.7372
2019-01-01 12:00:15,1.0958,1.0958
2019-01-01 12:00:45,-0.17117,-0.17117
2019-01-01 13:00:15,-0.5071,-0.5071
2019-01-01 13:00:45,-0.80758,-0.80758
2019-01-01 14:00:15,0.87258,0.87258
2019-01-01 14:00:45,0.79862,0.79862
2019-01-01 15:00:15,1.423,1.423
2019-01-01 15:00:45,0.43735,0.43735
2019-01-01 16:00:15,0.53206,0.53206
2019-01-01 16:00:45,0.6083,0.6083
2019-01-01 17:00:15,0.2796,0.2796
2019-01-01 17:00:45,0.14078,0.14078
2019-01-01 18:00:15,1.1035,1.1035
2019-01-01 18:00:45,0.4098,0.4098
2019-01-01 19:00:15,0.42472,0.42472
2019-01-01 19:00:45,0.62786,0.62786
2019-01-01 20:00:15,0.74873,0.74873
2019-01-01 20:00:45,0.29441,0.29441
2019-01-01 21:00:15,,0.42572159499999995
2019-01-01 21:00:45,0.61235,0.61235
2019-01-01 22:00:15,0.56665,0.56665
2019-01-01 22:00:45,0.33928,0.33928
2019-01-01 23:00:15,0.82161,0.82161
2019-01-01 23:00:45,0.47757,0.47757
2019-01-02 00:00:15,,0.6033052750000001
2019-01-02 00:00:45,0.77147,0.77147
2019-01-02 01:00:15,0.68108,0.68108
2019-01-02 01:00:45,0.41822,0.41822
2019-01-02 02:00:15,0.67602,0.67602
2019-01-02 02:00:45,0.57329,0.57329
2019-01-02 03:00:15,0.6088,0.6088
2019-01-02 03:00:45,0.48268,0.48268
2019-01-02 04:00:15,0.50502,0.50502
2019-01-02 04:00:45,0.38845,0.38845
2019-01-02 05:00:15,0.15967,0.15967
2019-01-02 05:00:45,0.4405,0.4405
2019-01-02 06:00:15,0.458,0.458
2019-01-02 06:00:45,0.49393,0.49393
2019-01-02 07:00:15,0.37525,0.37525
2019-01-02 07:00:45,0.69774,0.69774
2019-01-02 08:00:15,0.99537,0.99537
2019-01-02 08:00:45,1.2154,1.2154
2019-01-02 09:00:15,1.0948,1.0948
2019-01-02 09:00:45,1.3081,1.3081
2019-01-02 10:00:15,1.0784,1.0784
2019-01-02 10:00:45,,0.6001911125000001
2019-01-02 11:00:15,0.65222,0.65222
2019-01-02 11:00:45,0.56864,0.56864
2019-01-02 12:00:15,0.4836,0.4836
2019-01-02 12:00:45,0.60713,0.60713
2019-01-02 13:00:15,,0.7441020175000002
2019-01-02 13:00:45,0.98868,0.98868
2019-01-02 14:00:15,1.1912,1.1912
2019-01-02 14:00:45,,0.9412113999999998
2019-01-02 15:00:15,,0.7154433300000003
2019-01-02 15:00:45,0.94637,0.94637
2019-01-02 16:00:15,1.1182,1.1182
2019-01-02 16:00:45,0.45276,0.45276
2019-01-02 17:00:15,0.44596,0.44596
2019-01-02 17:00:45,,0.4629487724999999
2019-01-02 18:00:15,,0.5100241924999998
2019-01-02 18:00:45,0.76337,0.76337
2019-01-02 19:00:15,0.63876,0.63876
2019-01-02 19:00:45,0.64244,0.64244
2019-01-02 20:00:15,0.70165,0.70165
2019-01-02 20:00:45,0.71511,0.71511
2019-01-02 21:00:15,0.5897,0.5897
2019-01-02 21:00:45,0.44535,0.44535
2019-01-02 22:00:15,0.39192,0.39192
2019-01-02 22:00:45,0.52964,0.52964
2019-01-02 23:00:15,0.61667,0.61667
2019-01-02 23:00:45,0.62193,0.62193
2019-01-03 00:00:15,0.56912,0.56912
2019-01-03 00:00:45,0.59336,0.59336
2019-01-03 01:00:15,0.59194,0.59194
2019-01-03 01:00:45,0.4705,0.4705
2019-01-03 02:00:15,0.60152,0.60152
2019-01-03 02:00:45,0.67385,0.67385
2019-01-03 03:00:15,0.49212,0.49212
2019-01-03 03:00:45,0.52099,0.52099
2019-01-03 04:00:15,,0.5668158100000005
2019-01-03 04:00:45,0.98026,0.98026
2019-01-03 05:00:15,0.72225,0.72225
2019-01-03 05:00:45,0.33185,0.33185
2019-01-03 06:00:15,,0.465548365
2019-01-03 06:00:45,,0.5691101124999998
2019-01-03 07:00:15,0.78346,0.78346
2019-01-03 07:00:45,,0.6575783700000001
2019-01-03 08:00:15,1.1511,1.1511
2019-01-03 08:00:45,1.1286,1.1286
2019-01-03 09:00:15,1.219,1.219
2019-01-03 09:00:45,1.2572,1.2572
2019-01-03 10:00:15,1.1234,1.1234
2019-01-03 10:00:45,1.3559,1.3559
2019-01-03 11:00:15,1.487,1.487
2019-01-03 11:00:45,1.2494,1.2494
2019-01-03 12:00:15,1.0229,1.0229
2019-01-03 12:00:45,1.0277,1.0277
2019-01-03 13:00:15,1.0183,1.0183
2019-01-03 13:00:45,0.92993,0.92993
2019-01-03 14:00:15,0.68969,0.68969
2019-01-03 14:00:45,1.1448,1.1448
2019-01-03 15:00:15,,0.9956739549999998
2019-01-03 15:00:45,0.98051,0.98051
2019-01-03 16:00:15,0.39835,0.39835
2019-01-03 16:00:45,0.36931,0.36931
2019-01-03 17:00:15,0.59007,0.59007
2019-01-03 17:00:45,0.44958,0.44958
2019-01-03 18:00:15,0.27416,0.27416
2019-01-03 18:00:45,0.5331,0.5331
2019-01-03 19:00:15,0.51966,0.51966
2019-01-03 19:00:45,0.5333,0.5333
2019-01-03 20:00:15,0.53078,0.53078
2019-01-03 20:00:45,0.24762,0.24762
2019-01-03 21:00:15,0.47253,0.47253
2019-01-03 21:00:45,0.41252,0.41252
2019-01-03 22:00:15,,0.46686187999999984
2019-01-03 22:00:45,0.45504,0.45504
2019-01-03 23:00:15,0.49161,0.49161
2019-01-03 23:00:45,0.47656,0.47656
2019-01-04 00:00:15,0.51131,0.51131
2019-01-04 00:00:45,0.4849,0.4849
2019-01-04 01:00:15,0.49297,0.49297
2019-01-04 01:00:45,0.55553,0.55553
2019-01-04 02:00:15,0.52092,0.52092
2019-01-04 02:00:45,0.57763,0.57763
2019-01-04 03:00:15,0.61584,0.61584
2019-01-04 03:00:45,0.58965,0.58965
2019-01-04 04:00:15,,0.5167430125
2019-01-04 04:00:45,0.5069,0.5069
2019-01-04 05:00:15,0.58517,0.58517
2019-01-04 05:00:45,0.51987,0.51987
2019-01-04 06:00:15,0.50263,0.50263
2019-01-04 06:00:45,0.58443,0.58443
2019-01-04 07:00:15,0.62672,0.62672
2019-01-04 07:00:45,0.33456,0.33456
2019-01-04 08:00:15,0.98179,0.98179
2019-01-04 08:00:45,-0.034634,-0.034634
2019-01-04 09:00:15,0.98321,0.98321
2019-01-04 09:00:45,1.4489,1.4489
2019-01-04 10:00:15,1.1518,1.1518
2019-01-04 10:00:45,1.3869,1.3869
2019-01-04 11:00:15,0.8424,0.8424
2019-01-04 11:00:45,0.51789,0.51789
2019-01-04 12:00:15,0.46812,0.46812
2019-01-04 12:00:45,1.3729,1.3729
2019-01-04 13:00:15,-0.2974,-0.2974
2019-01-04 13:00:45,0.74041,0.74041
2019-01-04 14:00:15,0.21281,0.21281
2019-01-04 14:00:45,0.22231,0.22231
2019-01-04 15:00:15,0.28402,0.28402
2019-01-04 15:00:45,0.29513,0.29513
2019-01-04 16:00:15,-0.065768,-0.065768
2019-01-04 16:00:45,0.12448,0.12448
2019-01-04 17:00:15,-0.053262,-0.053262
2019-01-04 17:00:45,0.87795,0.87795
2019-01-04 18:00:15,0.14373,0.14373
2019-01-04 18:00:45,0.005951,0.005951
2019-01-04 19:00:15,0.31668,0.31668
2019-01-04 19:00:45,0.25011,0.25011
2019-01-04 20:00:15,-0.004851,-0.004851
2019-01-04 20:00:45,0.5833,0.5833
2019-01-04 21:00:15,0.7065,0.7065
2019-01-04 21:00:45,0.35416,0.35416
2019-01-04 22:00:15,0.52959,0.52959
2019-01-04 22:00:45,0.52442,0.52442
2019-01-04 23:00:15,0.48906,0.48906
2019-01-04 23:00:45,0.51622,0.51622
2019-01-05 00:00:15,0.064584,0.064584
2019-01-05 00:00:45,,0.4502919075
2019-01-05 01:00:15,0.88545,0.88545
2019-01-05 01:00:45,0.56907,0.56907
2019-01-05 02:00:15,0.44002,0.44002
2019-01-05 02:00:45,0.21641,0.21641
2019-01-05 03:00:15,0.41258,0.41258
2019-01-05 03:00:45,0.49359,0.49359
2019-01-05 04:00:15,0.16166,0.16166
2019-01-05 04:00:45,0.58526,0.58526
2019-01-05 05:00:15,0.28596,0.28596
2019-01-05 05:00:45,0.10019,0.10019
2019-01-05 06:00:15,0.37678,0.37678
2019-01-05 06:00:45,,0.47806992249999997
2019-01-05 07:00:15,0.59899,0.59899
2019-01-05 07:00:45,0.68454,0.68454
2019-01-05 08:00:15,0.14923,0.14923
2019-01-05 08:00:45,0.62575,0.62575
2019-01-05 09:00:15,0.7833,0.7833
2019-01-05 09:00:45,0.45575,0.45575
2019-01-05 10:00:15,1.0906,1.0906
2019-01-05 10:00:45,0.68833,0.68833
2019-01-05 11:00:15,0.346,0.346
2019-01-05 11:00:45,-0.22962,-0.22962
2019-01-05 12:00:15,-0.1443,-0.1443
2019-01-05 12:00:45,-0.011509,-0.011509
2019-01-05 13:00:15,0.0994,0.0994
2019-01-05 13:00:45,-0.15728,-0.15728
2019-01-05 14:00:15,-0.10359,-0.10359
2019-01-05 14:00:45,0.11277,0.11277
2019-01-05 15:00:15,-0.24068,-0.24068
2019-01-05 15:00:45,-0.1959,-0.1959
2019-01-05 16:00:15,-0.025723,-0.025723
2019-01-05 16:00:45,-0.066778,-0.066778
2019-01-05 17:00:15,,0.17845928999999996
2019-01-05 17:00:45,,0.2845691899999999
2019-01-05 18:00:15,0.41567,0.41567
2019-01-05 18:00:45,0.20813,0.20813
2019-01-05 19:00:15,0.34547,0.34547
2019-01-05 19:00:45,0.27198,0.27198
2019-01-05 20:00:15,0.12812,0.12812
2019-01-05 20:00:45,-0.042903,-0.042903
2019-01-05 21:00:15,0.4229,0.4229
2019-01-05 21:00:45,0.16259,0.16259
2019-01-05 22:00:15,0.24676,0.24676
2019-01-05 22:00:45,,0.4140846275000001
2019-01-05 23:00:15,1.0169,1.0169
2019-01-05 23:00:45,0.045935,0.045935
2019-01-06 00:00:15,-0.056799,-0.056799
2019-01-06 00:00:45,0.13599,0.13599
2019-01-06 01:00:15,-0.019208,-0.019208
2019-01-06 01:00:45,,0.09444226499999997
2019-01-06 02:00:15,,0.09560223249999997
2019-01-06 02:00:45,,0.10948234249999994
2019-01-06 03:00:15,0.088064,0.088064
2019-01-06 03:00:45,,0.08430198749999998
2019-01-06 04:00:15,,0.42691969500000004
2019-01-06 04:00:45,0.11565,0.11565
2019-01-06 05:00:15,,0.11401094999999996
2019-01-06 05:00:45,-0.15934,-0.15934
2019-01-06 06:00:15,0.21436,0.21436
2019-01-06 06:00:45,,0.063226615
2019-01-06 07:00:15,-0.15021,-0.15021
2019-01-06 07:00:45,-0.23304,-0.23304
2019-01-06 08:00:15,-0.050106,-0.050106
2019-01-06 08:00:45,-0.064113,-0.064113
2019-01-06 09:00:15,0.054434,0.054434
2019-01-06 09:00:45,0.048751,0.048751
2019-01-06 10:00:15,-0.010468,-0.010468
2019-01-06 10:00:45,-0.21566,-0.21566
2019-01-06 11:00:15,-0.28635,-0.28635
2019-01-06 11:00:45,-1.6017,-1.6017
2019-01-06 12:00:15,,-0.14484475749999998
2019-01-06 12:00:45,,0.08669705
2019-01-06 13:00:15,,0.15408044749999997
2019-01-06 13:00:45,,-0.06719905999999999
2019-01-06 14:00:15,,-0.132539445
2019-01-06 14:00:45,,-0.13551105250000003
2019-01-06 15:00:15,,-0.14107302750000006
2019-01-06 15:00:45,-0.37836,-0.37836
2019-01-06 16:00:15,-0.60044,-0.60044
2019-01-06 16:00:45,0.056462,0.056462
2019-01-06 17:00:15,,0.24963381250000005
2019-01-06 17:00:45,,0.1481107225
2019-01-06 18:00:15,0.254,0.254
2019-01-06 18:00:45,,0.25273168
2019-01-06 19:00:15,,0.22756945750000004
2019-01-06 19:00:45,,0.22429717499999996
2019-01-06 20:00:15,,0.187332415
2019-01-06 20:00:45,0.2351,0.2351
2019-01-06 21:00:15,0.041788,0.041788
2019-01-06 21:00:45,-0.093372,-0.093372
2019-01-06 22:00:15,0.10157,0.10157
2019-01-06 22:00:45,-0.050309,-0.050309
2019-01-06 23:00:15,,0.00655475
2019-01-06 23:00:45,,0.00034387
2019-01-07 00:00:15,,0.003321337499999999
2019-01-07 00:00:45,,-0.0195289775
2019-01-07 01:00:15,,-0.017375465
2019-01-07 01:00:45,,0.34918820250000004
2019-01-07 02:00:15,,0.25712831
2019-01-07 02:00:45,,-0.008495932500000004
2019-01-07 03:00:15,,0.3416456125
2019-01-07 03:00:45,,0.2923188825000001
2019-01-07 04:00:15,,0.31519527500000005
2019-01-07 04:00:45,,0.2837309600000001
2019-01-07 05:00:15,,0.30758605
2019-01-07 05:00:45,,0.283803595
2019-01-07 06:00:15,,0.3257346200000001
2019-01-07 06:00:45,,0.3542096675
2019-01-07 07:00:15,,0.302206025
2019-01-07 07:00:45,,0.3069692925
2019-01-07 08:00:15,,0.5033504050000002
2019-01-07 08:00:45,,-0.22857021000000002
2019-01-07 09:00:15,,-0.3956339350000001
2019-01-07 09:00:45,,-0.5422389324999998
2019-01-07 10:00:15,,-0.4018226124999999
2019-01-07 10:00:45,,-0.372368065
2019-01-07 11:00:15,,-0.38123991
2019-01-07 11:00:45,,-0.39513388
2019-01-07 12:00:15,,-0.41444567499999996
2019-01-07 12:00:45,,-0.35619698499999997
2019-01-07 13:00:15,,-0.3512598075
2019-01-07 13:00:45,,-0.41832793499999993
2019-01-07 14:00:15,,-0.37845929
2019-01-07 14:00:45,,-0.30287141250000005
2019-01-07 15:00:15,,-0.2862727749999999
2019-01-07 15:00:45,,-0.23967213
2019-01-07 16:00:15,,-0.1729143075
2019-01-07 16:00:45,,-0.08264739499999998
2019-01-07 17:00:15,,-0.009607167500000001
2019-01-07 17:00:45,,-0.041332574999999996
2019-01-07 18:00:15,,-0.07634700750000001
2019-01-07 18:00:45,,-0.037027884999999996
2019-01-07 19:00:15,,-0.029739389999999997
2019-01-07 19:00:45,,-0.0476735675
2019-01-07 20:00:15,,-0.028395632499999997
2019-01-07 20:00:45,,-0.043457945
2019-01-07 21:00:15,,-0.034692672499999994
2019-01-07 21:00:45,,-0.025239002499999996
2019-01-07 22:00:15,,-0.0314323925
2019-01-07 22:00:45,,-0.04787881
2019-01-07 23:00:15,,-0.032012355000000006
2019-01-07 23:00:45,,-0.012296502500000006
2019-01-08 00:00:15,0.53301,0.53301
2019-01-08 00:00:45,0.10241,0.10241
2019-01-08 01:00:15,0.023191,0.023191
2019-01-08 01:00:45,-0.1384,-0.1384
2019-01-08 02:00:15,0.022881,0.022881
2019-01-08 02:00:45,0.62666,0.62666
2019-01-08 03:00:15,0.48065,0.48065
2019-01-08 03:00:45,0.19352,0.19352
2019-01-08 04:00:15,0.27581,0.27581
2019-01-08 04:00:45,0.25782,0.25782
2019-01-08 05:00:15,1.2149,1.2149
2019-01-08 05:00:45,0.50423,0.50423
2019-01-08 06:00:15,0.76657,0.76657
2019-01-08 06:00:45,0.055525,0.055525
2019-01-08 07:00:15,0.26432,0.26432
2019-01-08 07:00:45,0.33186,0.33186
2019-01-08 08:00:15,0.90159,0.90159
2019-01-08 08:00:45,0.96162,0.96162
2019-01-08 09:00:15,-0.040762,-0.040762
2019-01-08 09:00:45,-0.84666,-0.84666
2019-01-08 10:00:15,-0.11834,-0.11834
2019-01-08 10:00:45,-0.29982,-0.29982
2019-01-08 11:00:15,0.32893,0.32893
2019-01-08 11:00:45,-0.63074,-0.63074
2019-01-08 12:00:15,-0.34647,-0.34647
2019-01-08 12:00:45,-0.22707,-0.22707
2019-01-08 13:00:15,0.28586,0.28586
2019-01-08 13:00:45,-0.020564,-0.020564
2019-01-08 14:00:15,0.44802,0.44802
2019-01-08 14:00:45,0.25145,0.25145
2019-01-08 15:00:15,0.22506,0.22506
2019-01-08 15:00:45,0.21264,0.21264
2019-01-08 16:00:15,0.32057,0.32057
2019-01-08 16:00:45,0.27674,0.27674
2019-01-08 17:00:15,-0.076829,-0.076829
2019-01-08 17:00:45,0.034808,0.034808
2019-01-08 18:00:15,0.020288,0.020288
2019-01-08 18:00:45,-0.010367,-0.010367
2019-01-08 19:00:15,-0.039692,-0.039692
2019-01-08 19:00:45,-0.000693,-0.000693
2019-01-08 20:00:15,-0.031923,-0.031923
2019-01-08 20:00:45,,-0.007373074999999998
2019-01-08 21:00:15,-0.060311,-0.060311
2019-01-08 21:00:45,-0.062815,-0.062815
2019-01-08 22:00:15,0.070093,0.070093
2019-01-08 22:00:45,0.011982,0.011982
2019-01-08 23:00:15,0.32657,0.32657
2019-01-08 23:00:45,,0.10829502
2019-01-09 00:00:15,-0.0077,-0.0077
2019-01-09 00:00:45,0.026437,0.026437
2019-01-09 01:00:15,0.30656,0.30656
2019-01-09 01:00:45,0.33662,0.33662
2019-01-09 02:00:15,0.33216,0.33216
2019-01-09 02:00:45,0.4427,0.4427
2019-01-09 03:00:15,0.13248,0.13248
2019-01-09 03:00:45,0.70829,0.70829
2019-01-09 04:00:15,1.2105,1.2105
2019-01-09 04:00:45,,0.576276085
2019-01-09 05:00:15,0.61177,0.61177
2019-01-09 05:00:45,0.3529,0.3529
2019-01-09 06:00:15,0.14461,0.14461
2019-01-09 06:00:45,,0.3475021225
2019-01-09 07:00:15,0.26579,0.26579
2019-01-09 07:00:45,0.20942,0.20942
2019-01-09 08:00:15,0.58882,0.58882
2019-01-09 08:00:45,0.80718,0.80718
2019-01-09 09:00:15,1.3768,1.3768
2019-01-09 09:00:45,,-0.14611668
2019-01-09 10:00:15,0.36765,0.36765
2019-01-09 10:00:45,0.70354,0.70354
2019-01-09 11:00:15,-1.038,-1.038
2019-01-09 11:00:45,-0.87936,-0.87936
2019-01-09 12:00:15,-0.97602,-0.97602
2019-01-09 12:00:45,-0.21256,-0.21256
2019-01-09 13:00:15,-0.29288,-0.29288
2019-01-09 13:00:45,-0.30783,-0.30783
2019-01-09 14:00:15,0.12094,0.12094
2019-01-09 14:00:45,-0.036337,-0.036337
2019-01-09 15:00:15,-0.072526,-0.072526
2019-01-09 15:00:45,-0.027245,-0.027245
2019-01-09 16:00:15,0.16213,0.16213
2019-01-09 16:00:45,,0.06564111
2019-01-09 17:00:15,0.14327,0.14327
2019-01-09 17:00:45,-0.013023,-0.013023
2019-01-09 18:00:15,-0.10386,-0.10386
2019-01-09 18:00:45,0.43272,0.43272
2019-01-09 19:00:15,,0.12167513500000005
2019-01-09 19:00:45,,0.06503047999999999
2019-01-09 20:00:15,,0.07695432250000002
2019-01-09 20:00:45,,0.07125486749999997
2019-01-09 21:00:15,,0.028000434999999997
2019-01-09 21:00:45,,0.09393814499999997
2019-01-09 22:00:15,,0.07266552749999997
2019-01-09 22:00:45,,0.0274737475
2019-01-09 23:00:15,,0.04617149999999999
2019-01-09 23:00:45,,-0.012090752500000001
2019-01-10 00:00:15,0.018498,0.018498
2019-01-10 00:00:45,0.060123,0.060123
2019-01-10 01:00:15,-0.049311,-0.049311
2019-01-10 01:00:45,,0.11970298500000004
2019-01-10 02:00:15,,0.09749659499999998
2019-01-10 02:00:45,-0.013533,-0.013533
2019-01-10 03:00:15,-0.062709,-0.062709
2019-01-10 03:00:45,,-0.031137032499999995
2019-01-10 04:00:15,0.088817,0.088817
2019-01-10 04:00:45,-0.02885,-0.02885
2019-01-10 05:00:15,,0.34047839750000003
2019-01-10 05:00:45,,0.3642447875
2019-01-10 06:00:15,,0.005872349999999996
2019-01-10 06:00:45,0.5807,0.5807
2019-01-10 07:00:15,0.76604,0.76604
2019-01-10 07:00:45,0.2355,0.2355
2019-01-10 08:00:15,-0.74185,-0.74185
2019-01-10 08:00:45,-0.72865,-0.72865
2019-01-10 09:00:15,-0.30608,-0.30608
2019-01-10 09:00:45,-1.6562,-1.6562
2019-01-10 10:00:15,-0.80665,-0.80665
2019-01-10 10:00:45,-0.28763,-0.28763
2019-01-10 11:00:15,-0.96536,-0.96536
2019-01-10 11:00:45,0.58498,0.58498
2019-01-10 12:00:15,0.74806,0.74806
2019-01-10 12:00:45,-0.041917,-0.041917
2019-01-10 13:00:15,0.11318,0.11318
2019-01-10 13:00:45,-0.56854,-0.56854
2019-01-10 14:00:15,,-0.22900654499999995
2019-01-10 14:00:45,0.12227,0.12227
2019-01-10 15:00:15,,0.06963364000000001
2019-01-10 15:00:45,,-0.013640717499999983
2019-01-10 16:00:15,,-0.09450515749999999
2019-01-10 16:00:45,,0.040317544999999996
2019-01-10 17:00:15,,0.22910345750000002
2019-01-10 17:00:45,,0.3910129000000001
2019-01-10 18:00:15,,0.413171115
2019-01-10 18:00:45,,0.41694780749999993
2019-01-10 19:00:15,,0.4720380624999999
2019-01-10 19:00:45,,0.4483291575
2019-01-10 20:00:15,,0.46909113500000005
2019-01-10 20:00:45,,0.46037973000000004
2019-01-10 21:00:15,,0.44464795749999997
2019-01-10 21:00:45,,0.45951846249999995
2019-01-10 22:00:15,,0.46851725999999994
2019-01-10 22:00:45,,0.5161303525000001
2019-01-10 23:00:15,,0.5495904900000002
2019-01-10 23:00:45,,0.5285236050000002
2019-01-11 00:00:15,,0.473718815
2019-01-11 00:00:45,,0.47983151000000007
2019-01-11 01:00:15,0.6285,0.6285
2019-01-11 01:00:45,,0.49288740000000003
2019-01-11 02:00:15,,0.5201438925000001
2019-01-11 02:00:45,,0.45292169750000005
2019-01-11 03:00:15,,0.5070582975
2019-01-11 03:00:45,,0.5461349325000001
2019-01-11 04:00:15,,0.5612975725
2019-01-11 04:00:45,,0.5935267650000001
2019-01-11 05:00:15,,0.5908196750000001
2019-01-11 05:00:45,,0.4365115200000001
2019-01-11 06:00:15,,0.43360364500000004
2019-01-11 06:00:45,,0.46231092000000007
2019-01-11 07:00:15,,0.27646664499999996
2019-01-11 07:00:45,,0.03986719
2019-01-11 08:00:15,,0.026942352499999996
2019-01-11 08:00:45,,-0.004994572500000006
2019-01-11 09:00:15,,-0.1322400725
2019-01-11 09:00:45,,-0.170615015
2019-01-11 10:00:15,,-0.20241581999999997
2019-01-11 10:00:45,,-0.16511636750000003
2019-01-11 11:00:15,,-0.19941808999999994
2019-01-11 11:00:45,,-0.105986495
2019-01-11 12:00:15,,-0.08236305000000001
2019-01-11 12:00:45,,-0.0505428675
2019-01-11 13:00:15,,-0.07750252750000002
2019-01-11 13:00:45,,-0.16421615750000002
2019-01-11 14:00:15,,-0.0942295075
2019-01-11 14:00:45,,-0.049905047500000015
2019-01-11 15:00:15,,0.04447070500000002
2019-01-11 15:00:45,,-0.11064313999999999
2019-01-11 16:00:15,,-0.19163235250000002
2019-01-11 16:00:45,,-0.0964633425
2019-01-11 17:00:15,,0.02611040500000001
2019-01-11 17:00:45,,0.0338311875
2019-01-11 18:00:15,,0.04547712249999999
2019-01-11 18:00:45,,-0.024763632500000004
2019-01-11 19:00:15,,0.010617859999999996
2019-01-11 19:00:45,,0.002131195
2019-01-11 20:00:15,,0.0626386575
2019-01-11 20:00:45,,0.054015367499999994
2019-01-11 21:00:15,,0.0936041575
2019-01-11 21:00:45,,0.07262577249999999
2019-01-11 22:00:15,,0.054324382500000004
2019-01-11 22:00:45,,0.04443202249999999
2019-01-11 23:00:15,,-0.014915465
2019-01-11 23:00:45,,0.025411434999999996
2019-01-12 00:00:15,0.039827,0.039827
2019-01-12 00:00:45,0.078842,0.078842
2019-01-12 01:00:15,0.048933,0.048933
2019-01-12 01:00:45,0.051148,0.051148
2019-01-12 02:00:15,0.000704,0.000704
2019-01-12 02:00:45,-0.006319,-0.006319
2019-01-12 03:00:15,0.017539,0.017539
2019-01-12 03:00:45,-0.044808,-0.044808
2019-01-12 04:00:15,0.038722,0.038722
2019-01-12 04:00:45,0.11658,0.11658
2019-01-12 05:00:15,0.35795,0.35795
2019-01-12 05:00:45,0.39094,0.39094
2019-01-12 06:00:15,0.004492,0.004492
2019-01-12 06:00:45,-0.18321,-0.18321
2019-01-12 07:00:15,0.31203,0.31203
2019-01-12 07:00:45,-0.067647,-0.067647
2019-01-12 08:00:15,0.0295,0.0295
2019-01-12 08:00:45,-0.30833,-0.30833
2019-01-12 09:00:15,-0.5984,-0.5984
2019-01-12 09:00:45,-0.75165,-0.75165
2019-01-12 10:00:15,-0.45723,-0.45723
2019-01-12 10:00:45,-0.85786,-0.85786
2019-01-12 11:00:15,0.062446,0.062446
2019-01-12 11:00:45,-0.068677,-0.068677
2019-01-12 12:00:15,0.17199,0.17199
2019-01-12 12:00:45,0.071026,0.071026
2019-01-12 13:00:15,-0.042447,-0.042447
2019-01-12 13:00:45,-0.072106,-0.072106
2019-01-12 14:00:15,-0.21896,-0.21896
2019-01-12 14:00:45,0.16584,0.16584
2019-01-12 15:00:15,-0.15019,-0.15019
2019-01-12 15:00:45,-0.21777,-0.21777
2019-01-12 16:00:15,-0.081843,-0.081843
2019-01-12 16:00:45,0.026105,0.026105
2019-01-12 17:00:15,0.16455,0.16455
2019-01-12 17:00:45,0.039613,0.039613
2019-01-12 18:00:15,-0.003875,-0.003875
2019-01-12 18:00:45,-0.057794,-0.057794
2019-01-12 19:00:15,-0.031374,-0.031374
2019-01-12 19:00:45,-0.001653,-0.001653
2019-01-12 20:00:15,-0.10989,-0.10989
2019-01-12 20:00:45,-0.071057,-0.071057
2019-01-12 21:00:15,-0.082756,-0.082756
2019-01-12 21:00:45,-0.1059,-0.1059
2019-01-12 22:00:15,-0.040733,-0.040733
2019-01-12 22:00:45,-0.11956,-0.11956
2019-01-12 23:00:15,,-0.0909259675
2019-01-12 23:00:45,,-0.08423168500000001
2019-01-13 00:00:15,-0.067819,-0.067819
2019-01-13 00:00:45,-0.03017,-0.03017
2019-01-13 01:00:15,-0.090834,-0.090834
2019-01-13 01:00:45,-0.11054,-0.11054
2019-01-13 02:00:15,-0.16095,-0.16095
2019-01-13 02:00:45,-0.073357,-0.073357
2019-01-13 03:00:15,-0.050245,-0.050245
2019-01-13 03:00:45,-0.1189,-0.1189
2019-01-13 04:00:15,-0.1445,-0.1445
2019-01-13 04:00:45,-0.1518,-0.1518
2019-01-13 05:00:15,0.30971,0.30971
2019-01-13 05:00:45,-0.12459,-0.12459
2019-01-13 06:00:15,0.09452,0.09452
2019-01-13 06:00:45,,0.1579131275
2019-01-13 07:00:15,,0.069492955
2019-01-13 07:00:45,-0.11443,-0.11443
2019-01-13 08:00:15,-0.26092,-0.26092
2019-01-13 08:00:45,-0.23309,-0.23309
2019-01-13 09:00:15,-0.32984,-0.32984
2019-01-13 09:00:45,-0.42324,-0.42324
2019-01-13 10:00:15,-0.13315,-0.13315
2019-01-13 10:00:45,-0.17554,-0.17554
2019-01-13 11:00:15,-0.088389,-0.088389
2019-01-13 11:00:45,-0.4746,-0.4746
2019-01-13 12:00:15,-0.12583,-0.12583
2019-01-13 12:00:45,-0.21217,-0.21217
2019-01-13 13:00:15,-0.20151,-0.20151
2019-01-13 13:00:45,-0.077215,-0.077215
2019-01-13 14:00:15,-0.028489,-0.028489
2019-01-13 14:00:45,0.68982,0.68982
2019-01-13 15:00:15,,0.01761943500000001
2019-01-13 15:00:45,,-0.06991693000000002
2019-01-13 16:00:15,,-0.08017922499999998
2019-01-13 16:00:45,,-0.0161123875
2019-01-13 17:00:15,,0.4480926300000001
2019-01-13 17:00:45,1.2748,1.2748
2019-01-13 18:00:15,,0.5455245
2019-01-13 18:00:45,,0.5550799025
2019-01-13 19:00:15,,0.4663910124999999
2019-01-13 19:00:45,,0.47896354500000005
2019-01-13 20:00:15,,0.45613976000000006
2019-01-13 20:00:45,,0.4765637875
2019-01-13 21:00:15,,0.4564401575
2019-01-13 21:00:45,,0.46387424499999996
2019-01-13 22:00:15,,0.47539345
2019-01-13 22:00:45,,0.47479870500000004
2019-01-13 23:00:15,,0.44401035499999997
2019-01-13 23:00:45,,0.27888957249999996
2019-01-14 00:00:15,0.172,0.172
2019-01-14 00:00:45,0.11927,0.11927
2019-01-14 01:00:15,,0.24857755749999993
2019-01-14 01:00:45,0.27782,0.27782
2019-01-14 02:00:15,-0.013881,-0.013881
2019-01-14 02:00:45,,0.2503415124999999
2019-01-14 03:00:15,-0.15762,-0.15762
2019-01-14 03:00:45,0.41069,0.41069
2019-01-14 04:00:15,1.0166,1.0166
2019-01-14 04:00:45,0.13811,0.13811
2019-01-14 05:00:15,,0.2341661274999999
2019-01-14 05:00:45,0.099926,0.099926
2019-01-14 06:00:15,,0.21070012249999995
2019-01-14 06:00:45,,0.45353297
2019-01-14 07:00:15,0.32776,0.32776
2019-01-14 07:00:45,-0.037943,-0.037943
2019-01-14 08:00:15,-0.16334,-0.16334
2019-01-14 08:00:45,-0.13606,-0.13606
2019-01-14 09:00:15,0.019202,0.019202
2019-01-14 09:00:45,0.34047,0.34047
2019-01-14 10:00:15,0.41242,0.41242
2019-01-14 10:00:45,-0.0646,-0.0646
2019-01-14 11:00:15,-0.11047,-0.11047
2019-01-14 11:00:45,0.075601,0.075601
2019-01-14 12:00:15,0.16912,0.16912
2019-01-14 12:00:45,-0.014707,-0.014707
2019-01-14 13:00:15,-0.097345,-0.097345
2019-01-14 13:00:45,-0.06645,-0.06645
2019-01-14 14:00:15,0.048181,0.048181
2019-01-14 14:00:45,-0.090345,-0.090345
2019-01-14 15:00:15,0.005479,0.005479
2019-01-14 15:00:45,0.015122,0.015122
2019-01-14 16:00:15,0.09924,0.09924
2019-01-14 16:00:45,0.03738,0.03738
2019-01-14 17:00:15,,0.0457703075
2019-01-14 17:00:45,-0.02127,-0.02127
2019-01-14 18:00:15,0.017352,0.017352
2019-01-14 18:00:45,-0.104,-0.104
2019-01-14 19:00:15,0.12884,0.12884
2019-01-14 19:00:45,,0.013424727499999997
2019-01-14 20:00:15,-0.067895,-0.067895
2019-01-14 20:00:45,0.022901,0.022901
2019-01-14 21:00:15,-0.077261,-0.077261
2019-01-14 21:00:45,-0.069251,-0.069251
2019-01-14 22:00:15,-0.00534,-0.00534
2019-01-14 22:00:45,-0.010781,-0.010781
2019-01-14 23:00:15,0.11933,0.11933
2019-01-14 23:00:45,0.1074,0.1074
2019-01-15 00:00:15,,0.3857806675
2019-01-15 00:00:45,0.085135,0.085135
2019-01-15 01:00:15,0.029575,0.029575
2019-01-15 01:00:45,,0.07574246250000001
2019-01-15 02:00:15,-0.052758,-0.052758
2019-01-15 02:00:45,0.39712,0.39712
2019-01-15 03:00:15,,0.4778009250000001
2019-01-15 03:00:45,,0.442667975
2019-01-15 04:00:15,,0.40306006250000015
2019-01-15 04:00:45,0.1987,0.1987
2019-01-15 05:00:15,0.48129,0.48129
2019-01-15 05:00:45,0.33814,0.33814
2019-01-15 06:00:15,0.39548,0.39548
2019-01-15 06:00:45,0.38131,0.38131
2019-01-15 07:00:15,0.89668,0.89668
2019-01-15 07:00:45,0.38167,0.38167
2019-01-15 08:00:15,0.9185,0.9185
2019-01-15 08:00:45,0.78801,0.78801
2019-01-15 09:00:15,-0.28243,-0.28243
2019-01-15 09:00:45,-0.13796,-0.13796
2019-01-15 10:00:15,0.33891,0.33891
2019-01-15 10:00:45,-0.19758,-0.19758
2019-01-15 11:00:15,0.20019,0.20019
2019-01-15 11:00:45,-0.46459,-0.46459
2019-01-15 12:00:15,-0.41814,-0.41814
2019-01-15 12:00:45,0.05966,0.05966
2019-01-15 13:00:15,-0.27194,-0.27194
2019-01-15 13:00:45,-0.055659,-0.055659
2019-01-15 14:00:15,-0.13987,-0.13987
2019-01-15 14:00:45,-0.1173,-0.1173
2019-01-15 15:00:15,0.051526,0.051526
2019-01-15 15:00:45,0.08359,0.08359
2019-01-15 16:00:15,0.027486,0.027486
2019-01-15 16:00:45,0.066121,0.066121
2019-01-15 17:00:15,-0.021654,-0.021654
2019-01-15 17:00:45,-0.005779,-0.005779
2019-01-15 18:00:15,-0.08594,-0.08594
2019-01-15 18:00:45,-0.016752,-0.016752
2019-01-15 19:00:15,-0.00415,-0.00415
2019-01-15 19:00:45,0.068885,0.068885
2019-01-15 20:00:15,0.050274,0.050274
2019-01-15 20:00:45,-0.042288,-0.042288
2019-01-15 21:00:15,0.00817,0.00817
2019-01-15 21:00:45,-0.012869,-0.012869
2019-01-15 22:00:15,0.039242,0.039242
2019-01-15 22:00:45,0.11056,0.11056
2019-01-15 23:00:15,0.18633,0.18633
2019-01-15 23:00:45,1.4962,1.4962
2019-01-16 00:00:15,,0.45433221
2019-01-16 00:00:45,,0.4540662050000001
2019-01-16 01:00:15,,0.4676329925000001
2019-01-16 01:00:45,,0.4808511375000001
2019-01-16 02:00:15,,0.19383784999999998
2019-01-16 02:00:45,0.6364,0.6364
2019-01-16 03:00:15,0.74879,0.74879
2019-01-16 03:00:45,0.1491,0.1491
2019-01-16 04:00:15,,0.45087772749999994
2019-01-16 04:00:45,1.6436,1.6436
2019-01-16 05:00:15,,0.3529108725
2019-01-16 05:00:45,,0.57132604
2019-01-16 06:00:15,,0.6681276725
2019-01-16 06:00:45,,0.4246132775
2019-01-16 07:00:15,,0.4424342949999999
2019-01-16 07:00:45,,0.49578348250000015
2019-01-16 08:00:15,,-0.157533455
2019-01-16 08:00:45,-0.75918,-0.75918
2019-01-16 09:00:15,,-0.2132814825
2019-01-16 09:00:45,-1.1602,-1.1602
2019-01-16 10:00:15,0.50941,0.50941
2019-01-16 10:00:45,1.3713,1.3713
2019-01-16 11:00:15,0.13879,0.13879
2019-01-16 11:00:45,-0.37784,-0.37784
2019-01-16 12:00:15,0.021589,0.021589
2019-01-16 12:00:45,0.38375,0.38375
2019-01-16 13:00:15,0.1232,0.1232
2019-01-16 13:00:45,-0.048304,-0.048304
2019-01-16 14:00:15,0.27118,0.27118
2019-01-16 14:00:45,-0.35486,-0.35486
2019-01-16 15:00:15,-0.033783,-0.033783
2019-01-16 15:00:45,0.62067,0.62067
2019-01-16 16:00:15,0.73751,0.73751
2019-01-16 16:00:45,0.47419,0.47419
2019-01-16 17:00:15,0.63891,0.63891
2019-01-16 17:00:45,0.98277,0.98277
2019-01-16 18:00:15,0.027942,0.027942
2019-01-16 18:00:45,0.42778,0.42778
2019-01-16 19:00:15,-0.059495,-0.059495
2019-01-16 19:00:45,-0.011008,-0.011008
2019-01-16 20:00:15,-0.041624,-0.041624
2019-01-16 20:00:45,-0.006183,-0.006183
2019-01-16 21:00:15,-0.067651,-0.067651
2019-01-16 21:00:45,0.005656,0.005656
2019-01-16 22:00:15,-0.044391,-0.044391
2019-01-16 22:00:45,-0.02892,-0.02892
2019-01-16 23:00:15,0.02288,0.02288
2019-01-16 23:00:45,0.14256,0.14256
2019-01-17 00:00:15,-0.038167,-0.038167
2019-01-17 00:00:45,-0.055936,-0.055936
2019-01-17 01:00:15,0.010649,0.010649
2019-01-17 01:00:45,0.074682,0.074682
2019-01-17 02:00:15,-0.18264,-0.18264
2019-01-17 02:00:45,-0.10022,-0.10022
2019-01-17 03:00:15,-0.17428,-0.17428
2019-01-17 03:00:45,,-0.0384159325
2019-01-17 04:00:15,0.11553,0.11553
2019-01-17 04:00:45,-0.068766,-0.068766
2019-01-17 05:00:15,0.006781,0.006781
2019-01-17 05:00:45,-0.10552,-0.10552
2019-01-17 06:00:15,-0.1278,-0.1278
2019-01-17 06:00:45,-0.13235,-0.13235
2019-01-17 07:00:15,-0.07214,-0.07214
2019-01-17 07:00:45,-0.063519,-0.063519
2019-01-17 08:00:15,-0.37043,-0.37043
2019-01-17 08:00:45,-0.35564,-0.35564
2019-01-17 09:00:15,-0.16602,-0.16602
2019-01-17 09:00:45,-0.56872,-0.56872
2019-01-17 10:00:15,-0.027229,-0.027229
2019-01-17 10:00:45,0.24289,0.24289
2019-01-17 11:00:15,0.31977,0.31977
2019-01-17 11:00:45,0.4405,0.4405
2019-01-17 12:00:15,-0.78113,-0.78113
2019-01-17 12:00:45,-0.60144,-0.60144
2019-01-17 13:00:15,-0.072235,-0.072235
2019-01-17 13:00:45,0.17072,0.17072
2019-01-17 14:00:15,0.27718,0.27718
2019-01-17 14:00:45,0.08086,0.08086
2019-01-17 15:00:15,0.040169,0.040169
2019-01-17 15:00:45,0.18809,0.18809
2019-01-17 16:00:15,0.16227,0.16227
2019-01-17 16:00:45,0.39753,0.39753
2019-01-17 17:00:15,0.1369,0.1369
2019-01-17 17:00:45,0.11568,0.11568
2019-01-17 18:00:15,0.16911,0.16911
2019-01-17 18:00:45,0.17989,0.17989
2019-01-17 19:00:15,0.41477,0.41477
2019-01-17 19:00:45,0.4764,0.4764
2019-01-17 20:00:15,0.25842,0.25842
2019-01-17 20:00:45,0.1613,0.1613
2019-01-17 21:00:15,0.14814,0.14814
2019-01-17 21:00:45,0.038586,0.038586
2019-01-17 22:00:15,0.017682,0.017682
2019-01-17 22:00:45,0.061786,0.061786
2019-01-17 23:00:15,-0.000881,-0.000881
2019-01-17 23:00:45,0.23297,0.23297
2019-01-18 00:00:15,0.20973,0.20973
2019-01-18 00:00:45,0.078451,0.078451
2019-01-18 01:00:15,0.20384,0.20384
2019-01-18 01:00:45,0.35993,0.35993
2019-01-18 02:00:15,0.42612,0.42612
2019-01-18 02:00:45,0.71106,0.71106
2019-01-18 03:00:15,0.50915,0.50915
2019-01-18 03:00:45,0.36609,0.36609
2019-01-18 04:00:15,0.28471,0.28471
2019-01-18 04:00:45,0.44717,0.44717
2019-01-18 05:00:15,0.61489,0.61489
2019-01-18 05:00:45,0.49788,0.49788
2019-01-18 06:00:15,0.30378,0.30378
2019-01-18 06:00:45,0.057754,0.057754
2019-01-18 07:00:15,0.44318,0.44318
2019-01-18 07:00:45,0.50962,0.50962
2019-01-18 08:00:15,0.30755,0.30755
2019-01-18 08:00:45,0.57436,0.57436
2019-01-18 09:00:15,,0.11308032250000002
2019-01-18 09:00:45,,0.5551567449999999
2019-01-18 10:00:15,,0.27502149249999996
2019-01-18 10:00:45,1.803,1.803
2019-01-18 11:00:15,,0.7467063275
2019-01-18 11:00:45,1.7749,1.7749
2019-01-18 12:00:15,0.79067,0.79067
2019-01-18 12:00:45,1.914,1.914
2019-01-18 13:00:15,1.4117,1.4117
2019-01-18 13:00:45,1.7751,1.7751
2019-01-18 14:00:15,,1.1367564999999997
2019-01-18 14:00:45,,1.1752106849999997
2019-01-18 15:00:15,0.74972,0.74972
2019-01-18 15:00:45,0.99658,0.99658
2019-01-18 16:00:15,1.8231,1.8231
2019-01-18 16:00:45,1.2008,1.2008
2019-01-18 17:00:15,0.01534,0.01534
2019-01-18 17:00:45,0.16895,0.16895
2019-01-18 18:00:15,0.0095,0.0095
2019-01-18 18:00:45,,-0.048591892499999984
2019-01-18 19:00:15,-0.088556,-0.088556
2019-01-18 19:00:45,-0.071142,-0.071142
2019-01-18 20:00:15,0.034501,0.034501
2019-01-18 20:00:45,0.05973,0.05973
2019-01-18 21:00:15,-0.04076,-0.04076
2019-01-18 21:00:45,-0.039399,-0.039399
2019-01-18 22:00:15,0.020976,0.020976
2019-01-18 22:00:45,-0.020597,-0.020597
2019-01-18 23:00:15,0.0482,0.0482
2019-01-18 23:00:45,-0.1614,-0.1614
2019-01-19 00:00:15,-0.028806,-0.028806
2019-01-19 00:00:45,-0.008896,-0.008896
2019-01-19 01:00:15,-0.086506,-0.086506
2019-01-19 01:00:45,0.30524,0.30524
2019-01-19 02:00:15,-0.009538,-0.009538
2019-01-19 02:00:45,0.29029,0.29029
2019-01-19 03:00:15,0.26756,0.26756
2019-01-19 03:00:45,0.25356,0.25356
2019-01-19 04:00:15,0.25923,0.25923
2019-01-19 04:00:45,0.27177,0.27177
2019-01-19 05:00:15,0.26185,0.26185
2019-01-19 05:00:45,0.30437,0.30437
2019-01-19 06:00:15,0.25972,0.25972
2019-01-19 06:00:45,0.37231,0.37231
2019-01-19 07:00:15,0.32167,0.32167
2019-01-19 07:00:45,0.32155,0.32155
2019-01-19 08:00:15,0.069424,0.069424
2019-01-19 08:00:45,-0.26021,-0.26021
2019-01-19 09:00:15,-0.26263,-0.26263
2019-01-19 09:00:45,-0.5093,-0.5093
2019-01-19 10:00:15,-0.71906,-0.71906
2019-01-19 10:00:45,-0.43024,-0.43024
2019-01-19 11:00:15,-0.16379,-0.16379
2019-01-19 11:00:45,-0.21848,-0.21848
2019-01-19 12:00:15,-0.14487,-0.14487
2019-01-19 12:00:45,-0.21738,-0.21738
2019-01-19 13:00:15,-0.17086,-0.17086
2019-01-19 13:00:45,-0.51628,-0.51628
2019-01-19 14:00:15,-0.10911,-0.10911
2019-01-19 14:00:45,-0.40848,-0.40848
2019-01-19 15:00:15,-0.35033,-0.35033
2019-01-19 15:00:45,-0.27217,-0.27217
2019-01-19 16:00:15,-0.12838,-0.12838
2019-01-19 16:00:45,-0.080438,-0.080438
2019-01-19 17:00:15,0.023032,0.023032
2019-01-19 17:00:45,-0.15604,-0.15604
2019-01-19 18:00:15,-0.14797,-0.14797
2019-01-19 18:00:45,-0.1764,-0.1764
2019-01-19 19:00:15,-0.068457,-0.068457
2019-01-19 19:00:45,-0.080036,-0.080036
2019-01-19 20:00:15,0.031127,0.031127
2019-01-19 20:00:45,-0.032171,-0.032171
2019-01-19 21:00:15,,-0.0054729349999999965
2019-01-19 21:00:45,-0.045854,-0.045854
2019-01-19 22:00:15,-0.029375,-0.029375
2019-01-19 22:00:45,-0.096707,-0.096707
2019-01-19 23:00:15,-0.14619,-0.14619
2019-01-19 23:00:45,0.015606,0.015606
2019-01-20 00:00:15,-0.063656,-0.063656
2019-01-20 00:00:45,-0.000562,-0.000562
2019-01-20 01:00:15,-0.077786,-0.077786
2019-01-20 01:00:45,-0.17399,-0.17399
2019-01-20 02:00:15,-0.008967,-0.008967
2019-01-20 02:00:45,-0.13575,-0.13575
2019-01-20 03:00:15,0.22412,0.22412
2019-01-20 03:00:45,0.27285,0.27285
2019-01-20 04:00:15,-0.10169,-0.10169
2019-01-20 04:00:45,0.044104,0.044104
2019-01-20 05:00:15,-0.042819,-0.042819
2019-01-20 05:00:45,0.29612,0.29612
2019-01-20 06:00:15,0.21506,0.21506
2019-01-20 06:00:45,0.19084,0.19084
2019-01-20 07:00:15,,0.33240636749999997
2019-01-20 07:00:45,0.35486,0.35486
2019-01-20 08:00:15,0.48284,0.48284
2019-01-20 08:00:45,-0.49324,-0.49324
2019-01-20 09:00:15,-0.35405,-0.35405
2019-01-20 09:00:45,-0.83801,-0.83801
2019-01-20 10:00:15,-0.15152,-0.15152
2019-01-20 10:00:45,-0.087655,-0.087655
2019-01-20 11:00:15,-0.9942,-0.9942
2019-01-20 11:00:45,-0.65685,-0.65685
2019-01-20 12:00:15,-0.59356,-0.59356
2019-01-20 12:00:45,-0.69651,-0.69651
2019-01-20 13:00:15,-0.306,-0.306
2019-01-20 13:00:45,-0.71327,-0.71327
2019-01-20 14:00:15,-0.25528,-0.25528
2019-01-20 14:00:45,-1.0258,-1.0258
2019-01-20 15:00:15,-0.41266,-0.41266
2019-01-20 15:00:45,-0.2797,-0.2797
2019-01-20 16:00:15,-0.11007,-0.11007
2019-01-20 16:00:45,-0.001678,-0.001678
2019-01-20 17:00:15,0.030412,0.030412
2019-01-20 17:00:45,0.038784,0.038784
2019-01-20 18:00:15,-0.014544,-0.014544
2019-01-20 18:00:45,0.003528,0.003528
2019-01-20 19:00:15,-0.14369,-0.14369
2019-01-20 19:00:45,-0.048384,-0.048384
2019-01-20 20:00:15,-0.011856,-0.011856
2019-01-20 20:00:45,-0.091933,-0.091933
2019-01-20 21:00:15,-0.093857,-0.093857
2019-01-20 21:00:45,0.025922,0.025922
2019-01-20 22:00:15,-0.11544,-0.11544
2019-01-20 22:00:45,-0.005744,-0.005744
2019-01-20 23:00:15,-0.001424,-0.001424
2019-01-20 23:00:45,-0.093324,-0.093324
2019-01-21 00:00:15,0.27036,0.27036
2019-01-21 00:00:45,0.35176,0.35176
2019-01-21 01:00:15,0.29537,0.29537
2019-01-21 01:00:45,0.24515,0.24515
2019-01-21 02:00:15,0.12801,0.12801
2019-01-21 02:00:45,0.12754,0.12754
2019-01-21 03:00:15,0.3357,0.3357
2019-01-21 03:00:45,0.29032,0.29032
2019-01-21 04:00:15,0.3813,0.3813
2019-01-21 04:00:45,0.094991,0.094991
2019-01-21 05:00:15,0.085752,0.085752
2019-01-21 05:00:45,0.32209,0.32209
2019-01-21 06:00:15,0.19088,0.19088
2019-01-21 06:00:45,-0.038504,-0.038504
2019-01-21 07:00:15,0.28011,0.28011
2019-01-21 07:00:45,0.083771,0.083771
2019-01-21 08:00:15,0.12859,0.12859
2019-01-21 08:00:45,0.053765,0.053765
2019-01-21 09:00:15,0.18496,0.18496
2019-01-21 09:00:45,0.038658,0.038658
2019-01-21 10:00:15,0.25256,0.25256
2019-01-21 10:00:45,0.0605,0.0605
2019-01-21 11:00:15,0.14346,0.14346
2019-01-21 11:00:45,0.31805,0.31805
2019-01-21 12:00:15,0.19381,0.19381
2019-01-21 12:00:45,0.41773,0.41773
2019-01-21 13:00:15,0.83036,0.83036
2019-01-21 13:00:45,0.36013,0.36013
2019-01-21 14:00:15,1.0953,1.0953
2019-01-21 14:00:45,,1.3067463049999997
2019-01-21 15:00:15,1.5784,1.5784
2019-01-21 15:00:45,,1.1905494499999998
2019-01-21 16:00:15,1.2465,1.2465
2019-01-21 16:00:45,1.2122,1.2122
2019-01-21 17:00:15,0.78513,0.78513
2019-01-21 17:00:45,0.35247,0.35247
2019-01-21 18:00:15,0.11706,0.11706
2019-01-21 18:00:45,0.13883,0.13883
2019-01-21 19:00:15,0.54413,0.54413
2019-01-21 19:00:45,0.69198,0.69198
2019-01-21 20:00:15,0.96509,0.96509
2019-01-21 20:00:45,0.19892,0.19892
2019-01-21 21:00:15,0.16175,0.16175
2019-01-21 21:00:45,-0.089123,-0.089123
2019-01-21 22:00:15,0.35174,0.35174
2019-01-21 22:00:45,0.11542,0.11542
2019-01-21 23:00:15,0.54301,0.54301
2019-01-21 23:00:45,0.27253,0.27253
2019-01-22 00:00:15,0.28624,0.28624
2019-01-22 00:00:45,0.035387,0.035387
2019-01-22 01:00:15,-0.025213,-0.025213
2019-01-22 01:00:45,-0.032134,-0.032134
2019-01-22 02:00:15,0.086725,0.086725
2019-01-22 02:00:45,0.086615,0.086615
2019-01-22 03:00:15,-0.029837,-0.029837
2019-01-22 03:00:45,-0.050635,-0.050635
2019-01-22 04:00:15,-0.14066,-0.14066
2019-01-22 04:00:45,0.18986,0.18986
2019-01-22 05:00:15,0.24828,0.24828
2019-01-22 05:00:45,-0.14308,-0.14308
2019-01-22 06:00:15,0.092464,0.092464
2019-01-22 06:00:45,0.033907,0.033907
2019-01-22 07:00:15,0.17196,0.17196
2019-01-22 07:00:45,0.18554,0.18554
2019-01-22 08:00:15,-0.37155,-0.37155
2019-01-22 08:00:45,-0.56046,-0.56046
2019-01-22 09:00:15,-0.31909,-0.31909
2019-01-22 09:00:45,0.004495,0.004495
2019-01-22 10:00:15,0.10786,0.10786
2019-01-22 10:00:45,0.28858,0.28858
2019-01-22 11:00:15,-0.22093,-0.22093
2019-01-22 11:00:45,-0.14821,-0.14821
2019-01-22 12:00:15,-0.17067,-0.17067
2019-01-22 12:00:45,0.10964,0.10964
2019-01-22 13:00:15,-0.47404,-0.47404
2019-01-22 13:00:45,-0.25476,-0.25476
2019-01-22 14:00:15,-0.27814,-0.27814
2019-01-22 14:00:45,-0.59258,-0.59258
2019-01-22 15:00:15,-0.28494,-0.28494
2019-01-22 15:00:45,-0.23411,-0.23411
2019-01-22 16:00:15,-0.27003,-0.27003
2019-01-22 16:00:45,-0.1487,-0.1487
2019-01-22 17:00:15,,1.086499999999966e-05
2019-01-22 17:00:45,,-0.040637795000000004
2019-01-22 18:00:15,,-0.044682052499999986
2019-01-22 18:00:45,,-0.017617715000000006
2019-01-22 19:00:15,-0.022617,-0.022617
2019-01-22 19:00:45,-0.025581,-0.025581
2019-01-22 20:00:15,-0.01939,-0.01939
2019-01-22 20:00:45,,0.004553994999999998
2019-01-22 21:00:15,-0.007359,-0.007359
2019-01-22 21:00:45,0.25912,0.25912
2019-01-22 22:00:15,0.32312,0.32312
2019-01-22 22:00:45,0.33113,0.33113
2019-01-22 23:00:15,0.35951,0.35951
2019-01-22 23:00:45,0.32743,0.32743
2019-01-23 00:00:15,0.56848,0.56848
2019-01-23 00:00:45,0.28177,0.28177
2019-01-23 01:00:15,0.28896,0.28896
2019-01-23 01:00:45,0.36469,0.36469
2019-01-23 02:00:15,0.39952,0.39952
2019-01-23 02:00:45,0.42694,0.42694
2019-01-23 03:00:15,0.36867,0.36867
2019-01-23 03:00:45,0.34721,0.34721
2019-01-23 04:00:15,0.39473,0.39473
2019-01-23 04:00:45,0.22853,0.22853
2019-01-23 05:00:15,0.075663,0.075663
2019-01-23 05:00:45,0.43663,0.43663
2019-01-23 06:00:15,0.34674,0.34674
2019-01-23 06:00:45,0.51498,0.51498
2019-01-23 07:00:15,0.4438,0.4438
2019-01-23 07:00:45,0.3335,0.3335
2019-01-23 08:00:15,0.87648,0.87648
2019-01-23 08:00:45,1.0627,1.0627
2019-01-23 09:00:15,1.464,1.464
2019-01-23 09:00:45,,1.1248132249999998
2019-01-23 10:00:15,0.32964,0.32964
2019-01-23 10:00:45,0.050669,0.050669
2019-01-23 11:00:15,0.004346,0.004346
2019-01-23 11:00:45,-0.28103,-0.28103
2019-01-23 12:00:15,-0.14238,-0.14238
2019-01-23 12:00:45,-0.35508,-0.35508
2019-01-23 13:00:15,-0.4676,-0.4676
2019-01-23 13:00:45,-0.68057,-0.68057
2019-01-23 14:00:15,-0.65584,-0.65584
2019-01-23 14:00:45,-0.87247,-0.87247
2019-01-23 15:00:15,-0.62144,-0.62144
2019-01-23 15:00:45,-0.25071,-0.25071
2019-01-23 16:00:15,-0.36396,-0.36396
2019-01-23 16:00:45,-0.28287,-0.28287
2019-01-23 17:00:15,-0.02507,-0.02507
2019-01-23 17:00:45,,-0.012873604999999998
2019-01-23 18:00:15,0.007501,0.007501
2019-01-23 18:00:45,0.007488,0.007488
2019-01-23 19:00:15,-0.003888,-0.003888
2019-01-23 19:00:45,-0.012688,-0.012688
2019-01-23 20:00:15,-0.004033,-0.004033
2019-01-23 20:00:45,-0.018196,-0.018196
2019-01-23 21:00:15,-0.049731,-0.049731
2019-01-23 21:00:45,-0.072097,-0.072097
2019-01-23 22:00:15,-0.063517,-0.063517
2019-01-23 22:00:45,-0.17953,-0.17953
2019-01-23 23:00:15,-0.022525,-0.022525
2019-01-23 23:00:45,-0.1121,-0.1121
2019-01-24 00:00:15,0.28019,0.28019
2019-01-24 00:00:45,0.40644,0.40644
2019-01-24 01:00:15,-0.1012,-0.1012
2019-01-24 01:00:45,0.20647,0.20647
2019-01-24 02:00:15,0.23169,0.23169
2019-01-24 02:00:45,0.24686,0.24686
2019-01-24 03:00:15,0.14072,0.14072
2019-01-24 03:00:45,0.26955,0.26955
2019-01-24 04:00:15,0.296,0.296
2019-01-24 04:00:45,0.34927,0.34927
2019-01-24 05:00:15,0.47527,0.47527
2019-01-24 05:00:45,0.45458,0.45458
2019-01-24 06:00:15,0.36992,0.36992
2019-01-24 06:00:45,0.33812,0.33812
2019-01-24 07:00:15,0.24037,0.24037
2019-01-24 07:00:45,-0.32685,-0.32685
2019-01-24 08:00:15,,-0.20659973750000007
2019-01-24 08:00:45,-0.10564,-0.10564
2019-01-24 09:00:15,0.20058,0.20058
2019-01-24 09:00:45,0.42951,0.42951
2019-01-24 10:00:15,0.32928,0.32928
2019-01-24 10:00:45,-0.66637,-0.66637
2019-01-24 11:00:15,-0.29267,-0.29267
2019-01-24 11:00:45,0.078459,0.078459
2019-01-24 12:00:15,-0.18695,-0.18695
2019-01-24 12:00:45,-0.25708,-0.25708
2019-01-24 13:00:15,-0.46708,-0.46708
2019-01-24 13:00:45,-0.30361,-0.30361
2019-01-24 14:00:15,-0.44401,-0.44401
2019-01-24 14:00:45,-0.063731,-0.063731
2019-01-24 15:00:15,-0.22103,-0.22103
2019-01-24 15:00:45,0.23196,0.23196
2019-01-24 16:00:15,0.22357,0.22357
2019-01-24 16:00:45,-0.05879,-0.05879
2019-01-24 17:00:15,-0.052558,-0.052558
2019-01-24 17:00:45,0.036119,0.036119
2019-01-24 18:00:15,-0.036999,-0.036999
2019-01-24 18:00:45,-0.049404,-0.049404
2019-01-24 19:00:15,-0.004568,-0.004568
2019-01-24 19:00:45,-0.1495,-0.1495
2019-01-24 20:00:15,,-0.0167100425
2019-01-24 20:00:45,0.024163,0.024163
2019-01-24 21:00:15,0.013701,0.013701
2019-01-24 21:00:45,0.33207,0.33207
2019-01-24 22:00:15,0.23324,0.23324
2019-01-24 22:00:45,-0.028405,-0.028405
2019-01-24 23:00:15,-0.036168,-0.036168
2019-01-24 23:00:45,-0.003801,-0.003801
2019-01-25 00:00:15,-0.039589,-0.039589
2019-01-25 00:00:45,-0.066219,-0.066219
2019-01-25 01:00:15,-0.022004,-0.022004
2019-01-25 01:00:45,-0.031424,-0.031424
2019-01-25 02:00:15,0.35477,0.35477
2019-01-25 02:00:45,0.31837,0.31837
2019-01-25 03:00:15,0.34267,0.34267
2019-01-25 03:00:45,0.33146,0.33146
2019-01-25 04:00:15,0.34353,0.34353
2019-01-25 04:00:45,0.3515,0.3515
2019-01-25 05:00:15,0.27721,0.27721
2019-01-25 05:00:45,0.24425,0.24425
2019-01-25 06:00:15,0.29991,0.29991
2019-01-25 06:00:45,0.20515,0.20515
2019-01-25 07:00:15,0.23466,0.23466
2019-01-25 07:00:45,-0.60396,-0.60396
2019-01-25 08:00:15,0.46855,0.46855
2019-01-25 08:00:45,0.63825,0.63825
2019-01-25 09:00:15,-0.27453,-0.27453
2019-01-25 09:00:45,-0.12395,-0.12395
2019-01-25 10:00:15,-0.17103,-0.17103
2019-01-25 10:00:45,-0.47305,-0.47305
2019-01-25 11:00:15,-0.14824,-0.14824
2019-01-25 11:00:45,-0.49165,-0.49165
2019-01-25 12:00:15,-0.49719,-0.49719
2019-01-25 12:00:45,-0.45156,-0.45156
2019-01-25 13:00:15,-0.23746,-0.23746
2019-01-25 13:00:45,-0.40874,-0.40874
2019-01-25 14:00:15,-0.47109,-0.47109
2019-01-25 14:00:45,-0.63793,-0.63793
2019-01-25 15:00:15,-0.28591,-0.28591
2019-01-25 15:00:45,-0.31957,-0.31957
2019-01-25 16:00:15,-0.33464,-0.33464
2019-01-25 16:00:45,-0.051075,-0.051075
2019-01-25 17:00:15,0.041077,0.041077
2019-01-25 17:00:45,-0.044149,-0.044149
2019-01-25 18:00:15,-0.12889,-0.12889
2019-01-25 18:00:45,-0.12988,-0.12988
2019-01-25 19:00:15,-0.099656,-0.099656
2019-01-25 19:00:45,-0.12491,-0.12491
2019-01-25 20:00:15,-0.071683,-0.071683
2019-01-25 20:00:45,-0.010921,-0.010921
2019-01-25 21:00:15,-0.008948,-0.008948
2019-01-25 21:00:45,-0.060705,-0.060705
2019-01-25 22:00:15,-0.032214,-0.032214
2019-01-25 22:00:45,-0.034081,-0.034081
2019-01-25 23:00:15,0.64053,0.64053
2019-01-25 23:00:45,0.74886,0.74886
2019-01-26 00:00:15,0.38981,0.38981
2019-01-26 00:00:45,0.3455,0.3455
2019-01-26 01:00:15,0.58338,0.58338
2019-01-26 01:00:45,0.64953,0.64953
2019-01-26 02:00:15,0.30466,0.30466
2019-01-26 02:00:45,,0.4003301849999999
2019-01-26 03:00:15,0.12258,0.12258
2019-01-26 03:00:45,0.28173,0.28173
2019-01-26 04:00:15,0.17317,0.17317
2019-01-26 04:00:45,0.1782,0.1782
2019-01-26 05:00:15,0.098481,0.098481
2019-01-26 05:00:45,0.51905,0.51905
2019-01-26 06:00:15,0.45021,0.45021
2019-01-26 06:00:45,0.4146,0.4146
2019-01-26 07:00:15,0.32438,0.32438
2019-01-26 07:00:45,0.085646,0.085646
2019-01-26 08:00:15,-0.53822,-0.53822
2019-01-26 08:00:45,0.73474,0.73474
2019-01-26 09:00:15,-0.10123,-0.10123
2019-01-26 09:00:45,-0.30556,-0.30556
2019-01-26 10:00:15,-0.035054,-0.035054
2019-01-26 10:00:45,-0.26863,-0.26863
2019-01-26 11:00:15,-0.48578,-0.48578
2019-01-26 11:00:45,-0.37159,-0.37159
2019-01-26 12:00:15,-0.3375,-0.3375
2019-01-26 12:00:45,-0.33879,-0.33879
2019-01-26 13:00:15,-0.4163,-0.4163
2019-01-26 13:00:45,-0.31032,-0.31032
2019-01-26 14:00:15,-0.35391,-0.35391
2019-01-26 14:00:45,-0.48656,-0.48656
2019-01-26 15:00:15,-0.18115,-0.18115
2019-01-26 15:00:45,-0.19028,-0.19028
2019-01-26 16:00:15,-0.25979,-0.25979
2019-01-26 16:00:45,-0.091792,-0.091792
2019-01-26 17:00:15,-0.031563,-0.031563
2019-01-26 17:00:45,-0.15738,-0.15738
2019-01-26 18:00:15,0.20927,0.20927
2019-01-26 18:00:45,0.052227,0.052227
2019-01-26 19:00:15,0.054826,0.054826
2019-01-26 19:00:45,0.055009,0.055009
2019-01-26 20:00:15,0.053198,0.053198
2019-01-26 20:00:45,,-0.04583768499999999
2019-01-26 21:00:15,-0.081144,-0.081144
2019-01-26 21:00:45,,-0.04819628499999999
2019-01-26 22:00:15,-0.12076,-0.12076
2019-01-26 22:00:45,-0.028011,-0.028011
2019-01-26 23:00:15,0.11339,0.11339
2019-01-26 23:00:45,0.26178,0.26178
2019-01-27 00:00:15,0.25837,0.25837
2019-01-27 00:00:45,0.33716,0.33716
2019-01-27 01:00:15,0.3619,0.3619
2019-01-27 01:00:45,0.15766,0.15766
2019-01-27 02:00:15,0.29571,0.29571
2019-01-27 02:00:45,0.13036,0.13036
2019-01-27 03:00:15,0.33844,0.33844
2019-01-27 03:00:45,0.1441,0.1441
2019-01-27 04:00:15,0.36136,0.36136
2019-01-27 04:00:45,0.35606,0.35606
2019-01-27 05:00:15,0.28351,0.28351
2019-01-27 05:00:45,0.24283,0.24283
2019-01-27 06:00:15,0.071146,0.071146
2019-01-27 06:00:45,0.28628,0.28628
2019-01-27 07:00:15,0.25702,0.25702
2019-01-27 07:00:45,0.65984,0.65984
2019-01-27 08:00:15,0.61416,0.61416
2019-01-27 08:00:45,0.7251,0.7251
2019-01-27 09:00:15,-0.78517,-0.78517
2019-01-27 09:00:45,,-0.6507038125
2019-01-27 10:00:15,-1.3799,-1.3799
2019-01-27 10:00:45,,-0.7567733849999998
2019-01-27 11:00:15,,-0.8059418749999999
2019-01-27 11:00:45,-0.54442,-0.54442
2019-01-27 12:00:15,-0.92765,-0.92765
2019-01-27 12:00:45,-0.71192,-0.71192
2019-01-27 13:00:15,-1.3103,-1.3103
2019-01-27 13:00:45,-0.56162,-0.56162
2019-01-27 14:00:15,-0.36415,-0.36415
2019-01-27 14:00:45,-0.41606,-0.41606
2019-01-27 15:00:15,-0.064706,-0.064706
2019-01-27 15:00:45,-0.20781,-0.20781
2019-01-27 16:00:15,0.000373,0.000373
2019-01-27 16:00:45,-0.09519,-0.09519
2019-01-27 17:00:15,0.084632,0.084632
2019-01-27 17:00:45,-0.06382,-0.06382
2019-01-27 18:00:15,-0.08373,-0.08373
2019-01-27 18:00:45,-0.15025,-0.15025
2019-01-27 19:00:15,-0.03701,-0.03701
2019-01-27 19:00:45,-0.075911,-0.075911
2019-01-27 20:00:15,-0.006316,-0.006316
2019-01-27 20:00:45,-0.075162,-0.075162
2019-01-27 21:00:15,0.060285,0.060285
2019-01-27 21:00:45,,-0.061408164999999994
2019-01-27 22:00:15,,-0.039388022499999994
2019-01-27 22:00:45,-0.011719,-0.011719
2019-01-27 23:00:15,0.047891,0.047891
2019-01-27 23:00:45,0.21044,0.21044
2019-01-28 00:00:15,0.16959,0.16959
2019-01-28 00:00:45,0.23674,0.23674
2019-01-28 01:00:15,-0.08703,-0.08703
2019-01-28 01:00:45,0.48696,0.48696
2019-01-28 02:00:15,0.080283,0.080283
2019-01-28 02:00:45,0.32413,0.32413
2019-01-28 03:00:15,0.39299,0.39299
2019-01-28 03:00:45,0.41569,0.41569
2019-01-28 04:00:15,0.31405,0.31405
2019-01-28 04:00:45,,0.33825790500000014
2019-01-28 05:00:15,0.33793,0.33793
2019-01-28 05:00:45,0.37449,0.37449
2019-01-28 06:00:15,0.43162,0.43162
2019-01-28 06:00:45,0.40045,0.40045
2019-01-28 07:00:15,0.45209,0.45209
2019-01-28 07:00:45,0.25443,0.25443
2019-01-28 08:00:15,-0.77456,-0.77456
2019-01-28 08:00:45,-0.94507,-0.94507
2019-01-28 09:00:15,-1.0062,-1.0062
2019-01-28 09:00:45,-0.16826,-0.16826
2019-01-28 10:00:15,-0.44151,-0.44151
2019-01-28 10:00:45,0.06897,0.06897
2019-01-28 11:00:15,0.36278,0.36278
2019-01-28 11:00:45,-0.32934,-0.32934
2019-01-28 12:00:15,-0.78478,-0.78478
2019-01-28 12:00:45,-0.080709,-0.080709
2019-01-28 13:00:15,-0.21875,-0.21875
2019-01-28 13:00:45,-0.26481,-0.26481
2019-01-28 14:00:15,-0.36524,-0.36524
2019-01-28 14:00:45,-0.39406,-0.39406
2019-01-28 15:00:15,-0.25374,-0.25374
2019-01-28 15:00:45,-0.378,-0.378
2019-01-28 16:00:15,-0.13746,-0.13746
2019-01-28 16:00:45,-0.03258,-0.03258
2019-01-28 17:00:15,0.079905,0.079905
2019-01-28 17:00:45,,-0.0032272399999999975
2019-01-28 18:00:15,0.10886,0.10886
2019-01-28 18:00:45,-0.05708,-0.05708
2019-01-28 19:00:15,0.065488,0.065488
2019-01-28 19:00:45,,-0.0162469125
2019-01-28 20:00:15,,-0.019120445
2019-01-28 20:00:45,,0.041057944999999985
2019-01-28 21:00:15,-0.19976,-0.19976
2019-01-28 21:00:45,,-0.07444755999999998
2019-01-28 22:00:15,0.25103,0.25103
2019-01-28 22:00:45,0.22179,0.22179
2019-01-28 23:00:15,0.23714,0.23714
2019-01-28 23:00:45,0.31627,0.31627
2019-01-29 00:00:15,0.39714,0.39714
2019-01-29 00:00:45,0.21255,0.21255
2019-01-29 01:00:15,0.22877,0.22877
2019-01-29 01:00:45,0.36265,0.36265
2019-01-29 02:00:15,0.38325,0.38325
2019-01-29 02:00:45,0.22604,0.22604
2019-01-29 03:00:15,,0.32353429749999996
2019-01-29 03:00:45,0.38835,0.38835
2019-01-29 04:00:15,0.40309,0.40309
2019-01-29 04:00:45,0.33355,0.33355
2019-01-29 05:00:15,0.34246,0.34246
2019-01-29 05:00:45,0.36817,0.36817
2019-01-29 06:00:15,0.29252,0.29252
2019-01-29 06:00:45,0.19062,0.19062
2019-01-29 07:00:15,0.099799,0.099799
2019-01-29 07:00:45,0.43118,0.43118
2019-01-29 08:00:15,0.48232,0.48232
2019-01-29 08:00:45,0.27173,0.27173
2019-01-29 09:00:15,0.71741,0.71741
2019-01-29 09:00:45,0.61123,0.61123
2019-01-29 10:00:15,0.23546,0.23546
2019-01-29 10:00:45,0.32957,0.32957
2019-01-29 11:00:15,-0.77335,-0.77335
2019-01-29 11:00:45,-0.18889,-0.18889
2019-01-29 12:00:15,-1.1169,-1.1169
2019-01-29 12:00:45,-0.6998,-0.6998
2019-01-29 13:00:15,-0.41387,-0.41387
2019-01-29 13:00:45,-0.2284,-0.2284
2019-01-29 14:00:15,-0.38454,-0.38454
2019-01-29 14:00:45,0.010239,0.010239
2019-01-29 15:00:15,-0.053543,-0.053543
2019-01-29 15:00:45,-0.070846,-0.070846
2019-01-29 16:00:15,-0.02647,-0.02647
2019-01-29 16:00:45,-0.026933,-0.026933
2019-01-29 17:00:15,-0.19146,-0.19146
2019-01-29 17:00:45,-0.07411,-0.07411
2019-01-29 18:00:15,-0.065805,-0.065805
2019-01-29 18:00:45,-0.038923,-0.038923
2019-01-29 19:00:15,-0.028113,-0.028113
2019-01-29 19:00:45,-0.018713,-0.018713
2019-01-29 20:00:15,-0.047768,-0.047768
2019-01-29 20:00:45,-0.037381,-0.037381
2019-01-29 21:00:15,-0.017896,-0.017896
2019-01-29 21:00:45,,-0.010158032500000002
2019-01-29 22:00:15,-0.012571,-0.012571
2019-01-29 22:00:45,-0.10404,-0.10404
2019-01-29 23:00:15,0.094549,0.094549
2019-01-29 23:00:45,-0.18036,-0.18036
2019-01-30 00:00:15,-0.012673,-0.012673
2019-01-30 00:00:45,-0.069687,-0.069687
2019-01-30 01:00:15,-0.003369,-0.003369
2019-01-30 01:00:45,,0.25202236250000004
2019-01-30 02:00:15,0.37977,0.37977
2019-01-30 02:00:45,,0.3181550975
2019-01-30 03:00:15,,0.31830506
2019-01-30 03:00:45,0.24396,0.24396
2019-01-30 04:00:15,0.30356,0.30356
2019-01-30 04:00:45,0.38485,0.38485
2019-01-30 05:00:15,0.38026,0.38026
2019-01-30 05:00:45,,0.31451681500000006
2019-01-30 06:00:15,0.3843,0.3843
2019-01-30 06:00:45,,0.34393717
2019-01-30 07:00:15,0.070928,0.070928
2019-01-30 07:00:45,0.35472,0.35472
2019-01-30 08:00:15,0.68188,0.68188
2019-01-30 08:00:45,1.3743,1.3743
2019-01-30 09:00:15,1.1592,1.1592
2019-01-30 09:00:45,0.025295,0.025295
2019-01-30 10:00:15,-0.077828,-0.077828
2019-01-30 10:00:45,-0.23542,-0.23542
2019-01-30 11:00:15,0.50713,0.50713
2019-01-30 11:00:45,-0.32067,-0.32067
2019-01-30 12:00:15,-0.53212,-0.53212
2019-01-30 12:00:45,0.063542,0.063542
2019-01-30 13:00:15,-0.4534,-0.4534
2019-01-30 13:00:45,-0.17929,-0.17929
2019-01-30 14:00:15,-0.46585,-0.46585
2019-01-30 14:00:45,-0.072651,-0.072651
2019-01-30 15:00:15,-0.43085,-0.43085
2019-01-30 15:00:45,-0.3363,-0.3363
2019-01-30 16:00:15,-0.22167,-0.22167
2019-01-30 16:00:45,-0.011432,-0.011432
2019-01-30 17:00:15,-0.041026,-0.041026
2019-01-30 17:00:45,,-0.00346792749999999
2019-01-30 18:00:15,-0.10386,-0.10386
2019-01-30 18:00:45,0.084884,0.084884
2019-01-30 19:00:15,-0.003043,-0.003043
2019-01-30 19:00:45,-0.1291,-0.1291
2019-01-30 20:00:15,-0.063217,-0.063217
2019-01-30 20:00:45,,-0.04996338499999997
2019-01-30 21:00:15,-0.085328,-0.085328
2019-01-30 21:00:45,-0.010191,-0.010191
2019-01-30 22:00:15,-0.073356,-0.073356
2019-01-30 22:00:45,-0.0321,-0.0321
2019-01-30 23:00:15,0.013897,0.013897
2019-01-30 23:00:45,-0.047503,-0.047503
2019-01-31 00:00:15,-0.045813,-0.045813
2019-01-31 00:00:45,0.005395,0.005395
2019-01-31 01:00:15,0.20853,0.20853
2019-01-31 01:00:45,0.86076,0.86076
2019-01-31 02:00:15,,0.33189350249999994
2019-01-31 02:00:45,0.995,0.995
2019-01-31 03:00:15,0.78061,0.78061
2019-01-31 03:00:45,0.34367,0.34367
2019-01-31 04:00:15,0.40511,0.40511
2019-01-31 04:00:45,0.44614,0.44614
2019-01-31 05:00:15,0.42458,0.42458
2019-01-31 05:00:45,0.17778,0.17778
2019-01-31 06:00:15,0.40939,0.40939
2019-01-31 06:00:45,0.34253,0.34253
2019-01-31 07:00:15,0.36982,0.36982
2019-01-31 07:00:45,0.71025,0.71025
2019-01-31 08:00:15,0.23642,0.23642
2019-01-31 08:00:45,,-0.5778192175000001
2019-01-31 09:00:15,-1.0211,-1.0211
2019-01-31 09:00:45,-0.29151,-0.29151
2019-01-31 10:00:15,-0.40557,-0.40557
2019-01-31 10:00:45,-1.0583,-1.0583
2019-01-31 11:00:15,0.35839,0.35839
2019-01-31 11:00:45,-0.17991,-0.17991
2019-01-31 12:00:15,-0.99428,-0.99428
2019-01-31 12:00:45,-0.51245,-0.51245
2019-01-31 13:00:15,0.19219,0.19219
2019-01-31 13:00:45,-0.52264,-0.52264
2019-01-31 14:00:15,-0.3644,-0.3644
2019-01-31 14:00:45,-0.17824,-0.17824
2019-01-31 15:00:15,-0.15269,-0.15269
2019-01-31 15:00:45,-0.15948,-0.15948
2019-01-31 16:00:15,-0.16877,-0.16877
2019-01-31 16:00:45,-0.007322,-0.007322
2019-01-31 17:00:15,0.006968,0.006968
2019-01-31 17:00:45,0.052413,0.052413
2019-01-31 18:00:15,-0.07588,-0.07588
2019-01-31 18:00:45,-0.10781,-0.10781
2019-01-31 19:00:15,-0.081963,-0.081963
2019-01-31 19:00:45,-0.056917,-0.056917
2019-01-31 20:00:15,-0.05447,-0.05447
2019-01-31 20:00:45,-0.089562,-0.089562
2019-01-31 21:00:15,-0.026149,-0.026149
2019-01-31 21:00:45,,0.007299435
2019-01-31 22:00:15,-0.00593,-0.00593
2019-01-31 22:00:45,0.002297,0.002297
2019-01-31 23:00:15,-0.034649,-0.034649
2019-01-31 23:00:45,0.009784,0.009784
2019-02-01 00:00:15,,-0.030825552500000002
2019-02-01 00:00:45,0.14566,0.14566
2019-02-01 01:00:15,-0.029081,-0.029081
2019-02-01 01:00:45,0.011002,0.011002
2019-02-01 02:00:15,-0.078436,-0.078436
2019-02-01 02:00:45,-0.067225,-0.067225
2019-02-01 03:00:15,0.16124,0.16124
2019-02-01 03:00:45,0.025077,0.025077
2019-02-01 04:00:15,-0.00493,-0.00493
2019-02-01 04:00:45,-0.085709,-0.085709
2019-02-01 05:00:15,,1.4604999999999133e-05
2019-02-01 05:00:45,,-0.027064264999999997
2019-02-01 06:00:15,0.32737,0.32737
2019-02-01 06:00:45,0.67082,0.67082
2019-02-01 07:00:15,-0.62232,-0.62232
2019-02-01 07:00:45,0.53924,0.53924
2019-02-01 08:00:15,0.149,0.149
2019-02-01 08:00:45,-0.42375,-0.42375
2019-02-01 09:00:15,-0.45737,-0.45737
2019-02-01 09:00:45,-0.23697,-0.23697
2019-02-01 10:00:15,-0.81082,-0.81082
2019-02-01 10:00:45,-0.75899,-0.75899
2019-02-01 11:00:15,-0.22466,-0.22466
2019-02-01 11:00:45,-0.74184,-0.74184
2019-02-01 12:00:15,-0.91407,-0.91407
2019-02-01 12:00:45,-0.036691,-0.036691
2019-02-01 13:00:15,-0.2807,-0.2807
2019-02-01 13:00:45,-0.48964,-0.48964
2019-02-01 14:00:15,0.21937,0.21937
2019-02-01 14:00:45,-0.13548,-0.13548
2019-02-01 15:00:15,-0.12102,-0.12102
2019-02-01 15:00:45,-1.012,-1.012
2019-02-01 16:00:15,-0.054366,-0.054366
2019-02-01 16:00:45,-0.027094,-0.027094
2019-02-01 17:00:15,0.065825,0.065825
2019-02-01 17:00:45,0.007025,0.007025
2019-02-01 18:00:15,0.012439,0.012439
2019-02-01 18:00:45,0.001945,0.001945
2019-02-01 19:00:15,-0.035773,-0.035773
2019-02-01 19:00:45,-0.021177,-0.021177
2019-02-01 20:00:15,0.15175,0.15175
2019-02-01 20:00:45,-0.049791,-0.049791
2019-02-01 21:00:15,-0.033908,-0.033908
2019-02-01 21:00:45,-0.009543,-0.009543
2019-02-01 22:00:15,-0.044265,-0.044265
2019-02-01 22:00:45,-0.040751,-0.040751
2019-02-01 23:00:15,-0.000876,-0.000876
2019-02-01 23:00:45,0.024018,0.024018
2019-02-02 00:00:15,-0.028072,-0.028072
2019-02-02 00:00:45,-0.069506,-0.069506
2019-02-02 01:00:15,-0.008766,-0.008766
2019-02-02 01:00:45,-0.12202,-0.12202
2019-02-02 02:00:15,-0.033348,-0.033348
2019-02-02 02:00:45,0.053526,0.053526
2019-02-02 03:00:15,-0.017844,-0.017844
2019-02-02 03:00:45,-0.001497,-0.001497
2019-02-02 04:00:15,-0.008741,-0.008741
2019-02-02 04:00:45,-0.084196,-0.084196
2019-02-02 05:00:15,-0.18936,-0.18936
2019-02-02 05:00:45,-0.054091,-0.054091
2019-02-02 06:00:15,0.21332,0.21332
2019-02-02 06:00:45,-0.038029,-0.038029
2019-02-02 07:00:15,-0.12932,-0.12932
2019-02-02 07:00:45,-0.20271,-0.20271
2019-02-02 08:00:15,-0.79233,-0.79233
2019-02-02 08:00:45,-0.95559,-0.95559
2019-02-02 09:00:15,-1.0375,-1.0375
2019-02-02 09:00:45,,-0.7121304424999999
2019-02-02 10:00:15,-0.33199,-0.33199
2019-02-02 10:00:45,0.76289,0.76289
2019-02-02 11:00:15,-0.63213,-0.63213
2019-02-02 11:00:45,-0.11037,-0.11037
2019-02-02 12:00:15,-0.21879,-0.21879
2019-02-02 12:00:45,-0.63776,-0.63776
2019-02-02 13:00:15,-0.76475,-0.76475
2019-02-02 13:00:45,-0.38429,-0.38429
2019-02-02 14:00:15,0.073322,0.073322
2019-02-02 14:00:45,-0.11965,-0.11965
2019-02-02 15:00:15,-0.25653,-0.25653
2019-02-02 15:00:45,0.031331,0.031331
2019-02-02 16:00:15,-0.11484,-0.11484
2019-02-02 16:00:45,0.059692,0.059692
2019-02-02 17:00:15,0.15619,0.15619
2019-02-02 17:00:45,0.049155,0.049155
2019-02-02 18:00:15,-0.015382,-0.015382
2019-02-02 18:00:45,0.020644,0.020644
2019-02-02 19:00:15,0.092844,0.092844
2019-02-02 19:00:45,-0.004842,-0.004842
2019-02-02 20:00:15,-0.002556,-0.002556
2019-02-02 20:00:45,0.006902,0.006902
2019-02-02 21:00:15,-0.053737,-0.053737
2019-02-02 21:00:45,-0.021796,-0.021796
2019-02-02 22:00:15,-0.010549,-0.010549
2019-02-02 22:00:45,-0.10886,-0.10886
2019-02-02 23:00:15,0.40628,0.40628
2019-02-02 23:00:45,0.48722,0.48722
2019-02-03 00:00:15,0.37652,0.37652
2019-02-03 00:00:45,0.21668,0.21668
2019-02-03 01:00:15,-0.051976,-0.051976
2019-02-03 01:00:45,0.0525,0.0525
2019-02-03 02:00:15,-0.024605,-0.024605
2019-02-03 02:00:45,-0.019943,-0.019943
2019-02-03 03:00:15,-0.18119,-0.18119
2019-02-03 03:00:45,-0.091471,-0.091471
2019-02-03 04:00:15,-0.07041,-0.07041
2019-02-03 04:00:45,-0.024186,-0.024186
2019-02-03 05:00:15,-0.14028,-0.14028
2019-02-03 05:00:45,0.0067,0.0067
2019-02-03 06:00:15,-0.17013,-0.17013
2019-02-03 06:00:45,-0.10721,-0.10721
2019-02-03 07:00:15,-0.085581,-0.085581
2019-02-03 07:00:45,-0.21378,-0.21378
2019-02-03 08:00:15,0.035319,0.035319
2019-02-03 08:00:45,-0.20856,-0.20856
2019-02-03 09:00:15,-0.16313,-0.16313
2019-02-03 09:00:45,0.071534,0.071534
2019-02-03 10:00:15,0.27334,0.27334
2019-02-03 10:00:45,0.098773,0.098773
2019-02-03 11:00:15,-0.19277,-0.19277
2019-02-03 11:00:45,-0.43425,-0.43425
2019-02-03 12:00:15,0.054092,0.054092
2019-02-03 12:00:45,0.40415,0.40415
2019-02-03 13:00:15,0.52365,0.52365
2019-02-03 13:00:45,0.012062,0.012062
2019-02-03 14:00:15,0.12024,0.12024
2019-02-03 14:00:45,0.39664,0.39664
2019-02-03 15:00:15,0.37199,0.37199
2019-02-03 15:00:45,0.47468,0.47468
2019-02-03 16:00:15,0.67335,0.67335
2019-02-03 16:00:45,1.1587,1.1587
2019-02-03 17:00:15,,1.0244410350000002
2019-02-03 17:00:45,0.72881,0.72881
2019-02-03 18:00:15,0.85776,0.85776
2019-02-03 18:00:45,0.37193,0.37193
2019-02-03 19:00:15,0.74192,0.74192
2019-02-03 19:00:45,0.72867,0.72867
2019-02-03 20:00:15,0.30013,0.30013
2019-02-03 20:00:45,0.57194,0.57194
2019-02-03 21:00:15,0.041984,0.041984
2019-02-03 21:00:45,-0.02647,-0.02647
2019-02-03 22:00:15,0.070929,0.070929
2019-02-03 22:00:45,0.15676,0.15676
2019-02-03 23:00:15,0.046931,0.046931
2019-02-03 23:00:45,-0.083542,-0.083542
2019-02-04 00:00:15,-0.032076,-0.032076
2019-02-04 00:00:45,-0.032095,-0.032095
2019-02-04 01:00:15,-0.10577,-0.10577
2019-02-04 01:00:45,-0.073992,-0.073992
2019-02-04 02:00:15,-0.0113,-0.0113
2019-02-04 02:00:45,-0.021998,-0.021998
2019-02-04 03:00:15,-0.085369,-0.085369
2019-02-04 03:00:45,-0.15755,-0.15755
2019-02-04 04:00:15,-0.13097,-0.13097
2019-02-04 04:00:45,-0.078872,-0.078872
2019-02-04 05:00:15,-0.024568,-0.024568
2019-02-04 05:00:45,-0.074433,-0.074433
2019-02-04 06:00:15,-0.088937,-0.088937
2019-02-04 06:00:45,-0.004497,-0.004497
2019-02-04 07:00:15,0.037594,0.037594
2019-02-04 07:00:45,-0.12567,-0.12567
2019-02-04 08:00:15,-0.19418,-0.19418
2019-02-04 08:00:45,-0.22322,-0.22322
2019-02-04 09:00:15,-0.12957,-0.12957
2019-02-04 09:00:45,-0.16563,-0.16563
2019-02-04 10:00:15,-0.50332,-0.50332
2019-02-04 10:00:45,-0.30746,-0.30746
2019-02-04 11:00:15,-0.36283,-0.36283
2019-02-04 11:00:45,-0.20125,-0.20125
2019-02-04 12:00:15,-0.11835,-0.11835
2019-02-04 12:00:45,-0.1456,-0.1456
2019-02-04 13:00:15,0.14976,0.14976
2019-02-04 13:00:45,0.064973,0.064973
2019-02-04 14:00:15,0.45313,0.45313
2019-02-04 14:00:45,0.70426,0.70426
2019-02-04 15:00:15,0.208,0.208
2019-02-04 15:00:45,0.44196,0.44196
2019-02-04 16:00:15,0.49959,0.49959
2019-02-04 16:00:45,0.50104,0.50104
2019-02-04 17:00:15,0.27758,0.27758
2019-02-04 17:00:45,0.23456,0.23456
2019-02-04 18:00:15,0.3183,0.3183
2019-02-04 18:00:45,0.25464,0.25464
2019-02-04 19:00:15,0.18632,0.18632
2019-02-04 19:00:45,0.055838,0.055838
2019-02-04 20:00:15,0.16787,0.16787
2019-02-04 20:00:45,0.25599,0.25599
2019-02-04 21:00:15,0.30223,0.30223
2019-02-04 21:00:45,-0.1639,-0.1639
2019-02-04 22:00:15,-0.04328,-0.04328
2019-02-04 22:00:45,-0.030427,-0.030427
2019-02-04 23:00:15,-0.083737,-0.083737
2019-02-04 23:00:45,0.15364,0.15364
2019-02-05 00:00:15,0.29811,0.29811
2019-02-05 00:00:45,0.12877,0.12877
2019-02-05 01:00:15,0.38587,0.38587
2019-02-05 01:00:45,0.052021,0.052021
2019-02-05 02:00:15,0.17567,0.17567
2019-02-05 02:00:45,0.12165,0.12165
2019-02-05 03:00:15,0.077843,0.077843
2019-02-05 03:00:45,0.053334,0.053334
2019-02-05 04:00:15,0.20333,0.20333
2019-02-05 04:00:45,0.14355,0.14355
2019-02-05 05:00:15,0.090823,0.090823
2019-02-05 05:00:45,0.16102,0.16102
2019-02-05 06:00:15,-0.11526,-0.11526
2019-02-05 06:00:45,0.065709,0.065709
2019-02-05 07:00:15,0.15589,0.15589
2019-02-05 07:00:45,0.081956,0.081956
2019-02-05 08:00:15,0.13524,0.13524
2019-02-05 08:00:45,1.1261,1.1261
2019-02-05 09:00:15,0.031161,0.031161
2019-02-05 09:00:45,-0.14687,-0.14687
2019-02-05 10:00:15,0.1355,0.1355
2019-02-05 10:00:45,-0.28915,-0.28915
2019-02-05 11:00:15,-0.13295,-0.13295
2019-02-05 11:00:45,-0.51986,-0.51986
2019-02-05 12:00:15,0.11289,0.11289
2019-02-05 12:00:45,0.1616,0.1616
2019-02-05 13:00:15,-0.1219,-0.1219
2019-02-05 13:00:45,-0.1234,-0.1234
2019-02-05 14:00:15,0.33151,0.33151
2019-02-05 14:00:45,0.59792,0.59792
2019-02-05 15:00:15,0.5095,0.5095
2019-02-05 15:00:45,0.58415,0.58415
2019-02-05 16:00:15,0.70263,0.70263
2019-02-05 16:00:45,0.69323,0.69323
2019-02-05 17:00:15,0.75023,0.75023
2019-02-05 17:00:45,0.68823,0.68823
2019-02-05 18:00:15,0.57567,0.57567
2019-02-05 18:00:45,0.26763,0.26763
2019-02-05 19:00:15,0.70108,0.70108
2019-02-05 19:00:45,0.65579,0.65579
2019-02-05 20:00:15,0.14102,0.14102
2019-02-05 20:00:45,0.12268,0.12268
2019-02-05 21:00:15,-0.022273,-0.022273
2019-02-05 21:00:45,-0.023008,-0.023008
2019-02-05 22:00:15,0.047769,0.047769
2019-02-05 22:00:45,-0.021498,-0.021498
2019-02-05 23:00:15,-0.078204,-0.078204
2019-02-05 23:00:45,-0.036525,-0.036525
2019-02-06 00:00:15,-0.15225,-0.15225
2019-02-06 00:00:45,-0.1265,-0.1265
2019-02-06 01:00:15,-0.005099,-0.005099
2019-02-06 01:00:45,0.060356,0.060356
2019-02-06 02:00:15,0.098213,0.098213
2019-02-06 02:00:45,0.015343,0.015343
2019-02-06 03:00:15,-0.047225,-0.047225
2019-02-06 03:00:45,0.020169,0.020169
2019-02-06 04:00:15,0.065572,0.065572
2019-02-06 04:00:45,0.054391,0.054391
2019-02-06 05:00:15,0.078407,0.078407
2019-02-06 05:00:45,0.18713,0.18713
2019-02-06 06:00:15,0.25468,0.25468
2019-02-06 06:00:45,0.44113,0.44113
2019-02-06 07:00:15,0.27289,0.27289
2019-02-06 07:00:45,-0.077871,-0.077871
2019-02-06 08:00:15,-0.1499,-0.1499
2019-02-06 08:00:45,-0.1847,-0.1847
2019-02-06 09:00:15,0.16064,0.16064
2019-02-06 09:00:45,0.95903,0.95903
2019-02-06 10:00:15,0.95278,0.95278
2019-02-06 10:00:45,0.34764,0.34764
2019-02-06 11:00:15,0.87909,0.87909
2019-02-06 11:00:45,0.62459,0.62459
2019-02-06 12:00:15,0.93391,0.93391
2019-02-06 12:00:45,1.283,1.283
2019-02-06 13:00:15,1.0857,1.0857
2019-02-06 13:00:45,1.8494,1.8494
2019-02-06 14:00:15,1.8324,1.8324
2019-02-06 14:00:45,,2.0189633
2019-02-06 15:00:15,,2.1087363
2019-02-06 15:00:45,2.183,2.183
2019-02-06 16:00:15,2.1761,2.1761
2019-02-06 16:00:45,2.3656,2.3656
2019-02-06 17:00:15,1.5079,1.5079
2019-02-06 17:00:45,1.1797,1.1797
2019-02-06 18:00:15,1.004,1.004
2019-02-06 18:00:45,0.98173,0.98173
2019-02-06 19:00:15,0.85359,0.85359
2019-02-06 19:00:45,0.63201,0.63201
2019-02-06 20:00:15,0.78073,0.78073
2019-02-06 20:00:45,0.39594,0.39594
2019-02-06 21:00:15,0.060375,0.060375
2019-02-06 21:00:45,0.27202,0.27202
2019-02-06 22:00:15,0.262,0.262
2019-02-06 22:00:45,0.41804,0.41804
2019-02-06 23:00:15,0.36076,0.36076
2019-02-06 23:00:45,1.0062,1.0062
2019-02-07 00:00:15,0.60464,0.60464
2019-02-07 00:00:45,0.34436,0.34436
2019-02-07 01:00:15,0.3083,0.3083
2019-02-07 01:00:45,0.26418,0.26418
2019-02-07 02:00:15,0.60431,0.60431
2019-02-07 02:00:45,0.80238,0.80238
2019-02-07 03:00:15,0.55542,0.55542
2019-02-07 03:00:45,0.54467,0.54467
2019-02-07 04:00:15,0.46894,0.46894
2019-02-07 04:00:45,0.60965,0.60965
2019-02-07 05:00:15,0.61875,0.61875
2019-02-07 05:00:45,0.58733,0.58733
2019-02-07 06:00:15,0.10322,0.10322
2019-02-07 06:00:45,0.28788,0.28788
2019-02-07 07:00:15,0.36359,0.36359
2019-02-07 07:00:45,0.32664,0.32664
2019-02-07 08:00:15,0.57964,0.57964
2019-02-07 08:00:45,0.68357,0.68357
2019-02-07 09:00:15,1.0733,1.0733
2019-02-07 09:00:45,0.821,0.821
2019-02-07 10:00:15,0.62646,0.62646
2019-02-07 10:00:45,0.89346,0.89346
2019-02-07 11:00:15,0.30463,0.30463
2019-02-07 11:00:45,0.45822,0.45822
2019-02-07 12:00:15,-0.24464,-0.24464
2019-02-07 12:00:45,-0.47545,-0.47545
2019-02-07 13:00:15,-0.41538,-0.41538
2019-02-07 13:00:45,-0.61727,-0.61727
2019-02-07 14:00:15,-0.32895,-0.32895
2019-02-07 14:00:45,-0.095638,-0.095638
2019-02-07 15:00:15,-0.07094,-0.07094
2019-02-07 15:00:45,-0.17015,-0.17015
2019-02-07 16:00:15,0.059309,0.059309
2019-02-07 16:00:45,0.04534,0.04534
2019-02-07 17:00:15,0.088184,0.088184
2019-02-07 17:00:45,-0.18048,-0.18048
2019-02-07 18:00:15,-0.060017,-0.060017
2019-02-07 18:00:45,0.22333,0.22333
2019-02-07 19:00:15,0.17582,0.17582
2019-02-07 19:00:45,0.13383,0.13383
2019-02-07 20:00:15,0.16339,0.16339
2019-02-07 20:00:45,0.2328,0.2328
2019-02-07 21:00:15,0.14074,0.14074
2019-02-07 21:00:45,0.33034,0.33034
2019-02-07 22:00:15,0.33992,0.33992
2019-02-07 22:00:45,0.4111,0.4111
2019-02-07 23:00:15,0.38861,0.38861
2019-02-07 23:00:45,0.33076,0.33076
2019-02-08 00:00:15,,0.36008725
2019-02-08 00:00:45,0.64869,0.64869
2019-02-08 01:00:15,0.45928,0.45928
2019-02-08 01:00:45,0.37515,0.37515
2019-02-08 02:00:15,0.35679,0.35679
2019-02-08 02:00:45,0.12592,0.12592
2019-02-08 03:00:15,0.5676,0.5676
2019-02-08 03:00:45,0.3585,0.3585
2019-02-08 04:00:15,0.072886,0.072886
2019-02-08 04:00:45,0.4869,0.4869
2019-02-08 05:00:15,0.6185,0.6185
2019-02-08 05:00:45,0.46345,0.46345
2019-02-08 06:00:15,0.47058,0.47058
2019-02-08 06:00:45,0.42833,0.42833
2019-02-08 07:00:15,0.45168,0.45168
2019-02-08 07:00:45,0.10079,0.10079
2019-02-08 08:00:15,0.70138,0.70138
2019-02-08 08:00:45,0.38548,0.38548
2019-02-08 09:00:15,1.0703,1.0703
2019-02-08 09:00:45,0.88106,0.88106
2019-02-08 10:00:15,1.1825,1.1825
2019-02-08 10:00:45,0.42514,0.42514
2019-02-08 11:00:15,-0.23569,-0.23569
2019-02-08 11:00:45,-1.6453,-1.6453
2019-02-08 12:00:15,,-0.5558087275000001
2019-02-08 12:00:45,1.182,1.182
2019-02-08 13:00:15,-0.94295,-0.94295
2019-02-08 13:00:45,-0.18625,-0.18625
2019-02-08 14:00:15,-0.84777,-0.84777
2019-02-08 14:00:45,-0.56829,-0.56829
2019-02-08 15:00:15,-0.58229,-0.58229
2019-02-08 15:00:45,-0.39539,-0.39539
2019-02-08 16:00:15,-0.28448,-0.28448
2019-02-08 16:00:45,0.1631,0.1631
2019-02-08 17:00:15,-0.36097,-0.36097
2019-02-08 17:00:45,-0.1404,-0.1404
2019-02-08 18:00:15,-0.1206,-0.1206
2019-02-08 18:00:45,,-0.09852647999999997
2019-02-08 19:00:15,-0.087758,-0.087758
2019-02-08 19:00:45,-0.15823,-0.15823
2019-02-08 20:00:15,-0.15205,-0.15205
2019-02-08 20:00:45,,-0.12468890000000005
2019-02-08 21:00:15,-0.11993,-0.11993
2019-02-08 21:00:45,-0.16773,-0.16773
2019-02-08 22:00:15,,-0.1085648875
2019-02-08 22:00:45,-0.070988,-0.070988
2019-02-08 23:00:15,-0.036567,-0.036567
2019-02-08 23:00:45,,-0.06948282499999996
2019-02-09 00:00:15,,-0.03177742
2019-02-09 00:00:45,-0.020246,-0.020246
2019-02-09 01:00:15,-0.0432,-0.0432
2019-02-09 01:00:45,-0.18316,-0.18316
2019-02-09 02:00:15,-0.085283,-0.085283
2019-02-09 02:00:45,0.33476,0.33476
2019-02-09 03:00:15,0.22672,0.22672
2019-02-09 03:00:45,0.14419,0.14419
2019-02-09 04:00:15,0.069439,0.069439
2019-02-09 04:00:45,0.37141,0.37141
2019-02-09 05:00:15,0.3241,0.3241
2019-02-09 05:00:45,0.10128,0.10128
2019-02-09 06:00:15,0.092637,0.092637
2019-02-09 06:00:45,,0.27468483499999996
2019-02-09 07:00:15,0.74034,0.74034
2019-02-09 07:00:45,0.41162,0.41162
2019-02-09 08:00:15,0.86853,0.86853
2019-02-09 08:00:45,0.97171,0.97171
2019-02-09 09:00:15,1.3607,1.3607
2019-02-09 09:00:45,-0.47327,-0.47327
2019-02-09 10:00:15,-2.0221,-2.0221
2019-02-09 10:00:45,-0.035816,-0.035816
2019-02-09 11:00:15,-1.6062,-1.6062
2019-02-09 11:00:45,-0.43219,-0.43219
2019-02-09 12:00:15,-0.90638,-0.90638
2019-02-09 12:00:45,-0.43681,-0.43681
2019-02-09 13:00:15,-0.36636,-0.36636
2019-02-09 13:00:45,-0.1945,-0.1945
2019-02-09 14:00:15,0.16866,0.16866
2019-02-09 14:00:45,0.45995,0.45995
2019-02-09 15:00:15,0.39439,0.39439
2019-02-09 15:00:45,0.71951,0.71951
2019-02-09 16:00:15,0.54269,0.54269
2019-02-09 16:00:45,0.47312,0.47312
2019-02-09 17:00:15,0.15918,0.15918
2019-02-09 17:00:45,0.26915,0.26915
2019-02-09 18:00:15,0.35177,0.35177
2019-02-09 18:00:45,0.29737,0.29737
2019-02-09 19:00:15,0.6421,0.6421
2019-02-09 19:00:45,0.97935,0.97935
2019-02-09 20:00:15,0.56652,0.56652
2019-02-09 20:00:45,0.79592,0.79592
2019-02-09 21:00:15,0.36151,0.36151
2019-02-09 21:00:45,0.63027,0.63027
2019-02-09 22:00:15,0.47029,0.47029
2019-02-09 22:00:45,-0.13087,-0.13087
2019-02-09 23:00:15,0.68773,0.68773
2019-02-09 23:00:45,0.59738,0.59738
2019-02-10 00:00:15,0.48759,0.48759
2019-02-10 00:00:45,0.32142,0.32142
2019-02-10 01:00:15,0.22407,0.22407
2019-02-10 01:00:45,0.06966,0.06966
2019-02-10 02:00:15,0.047609,0.047609
2019-02-10 02:00:45,-0.11099,-0.11099
2019-02-10 03:00:15,-0.057016,-0.057016
2019-02-10 03:00:45,-0.11374,-0.11374
2019-02-10 04:00:15,,-0.06097438750000003
2019-02-10 04:00:45,-0.094671,-0.094671
2019-02-10 05:00:15,-0.055391,-0.055391
2019-02-10 05:00:45,0.008382,0.008382
2019-02-10 06:00:15,-0.056417,-0.056417
2019-02-10 06:00:45,0.060127,0.060127
2019-02-10 07:00:15,-0.26324,-0.26324
2019-02-10 07:00:45,-0.23714,-0.23714
2019-02-10 08:00:15,-0.32287,-0.32287
2019-02-10 08:00:45,-0.40717,-0.40717
2019-02-10 09:00:15,-0.044446,-0.044446
2019-02-10 09:00:45,-0.088384,-0.088384
2019-02-10 10:00:15,0.020929,0.020929
2019-02-10 10:00:45,-0.29096,-0.29096
2019-02-10 11:00:15,-0.17101,-0.17101
2019-02-10 11:00:45,-0.41272,-0.41272
2019-02-10 12:00:15,-0.085874,-0.085874
2019-02-10 12:00:45,-0.36297,-0.36297
2019-02-10 13:00:15,0.079122,0.079122
2019-02-10 13:00:45,0.010377,0.010377
2019-02-10 14:00:15,0.16685,0.16685
2019-02-10 14:00:45,0.55873,0.55873
2019-02-10 15:00:15,0.48402,0.48402
2019-02-10 15:00:45,0.33116,0.33116
2019-02-10 16:00:15,0.41656,0.41656
2019-02-10 16:00:45,0.18931,0.18931
2019-02-10 17:00:15,0.26038,0.26038
2019-02-10 17:00:45,0.1044,0.1044
2019-02-10 18:00:15,0.41645,0.41645
2019-02-10 18:00:45,0.51452,0.51452
2019-02-10 19:00:15,0.71921,0.71921
2019-02-10 19:00:45,0.88807,0.88807
2019-02-10 20:00:15,0.75809,0.75809
2019-02-10 20:00:45,0.47326,0.47326
2019-02-10 21:00:15,0.49067,0.49067
2019-02-10 21:00:45,0.094452,0.094452
2019-02-10 22:00:15,0.04635,0.04635
2019-02-10 22:00:45,0.074856,0.074856
2019-02-10 23:00:15,0.052151,0.052151
2019-02-10 23:00:45,0.30261,0.30261
2019-02-11 00:00:15,0.083463,0.083463
2019-02-11 00:00:45,0.14037,0.14037
2019-02-11 01:00:15,0.012939,0.012939
2019-02-11 01:00:45,-0.011487,-0.011487
2019-02-11 02:00:15,-0.008129,-0.008129
2019-02-11 02:00:45,0.041845,0.041845
2019-02-11 03:00:15,-0.10144,-0.10144
2019-02-11 03:00:45,-0.001726,-0.001726
2019-02-11 04:00:15,-0.11305,-0.11305
2019-02-11 04:00:45,0.086878,0.086878
2019-02-11 05:00:15,0.067325,0.067325
2019-02-11 05:00:45,0.1172,0.1172
2019-02-11 06:00:15,0.31522,0.31522
2019-02-11 06:00:45,0.17429,0.17429
2019-02-11 07:00:15,0.012565,0.012565
2019-02-11 07:00:45,0.030293,0.030293
2019-02-11 08:00:15,0.86837,0.86837
2019-02-11 08:00:45,1.1856,1.1856
2019-02-11 09:00:15,1.4992,1.4992
2019-02-11 09:00:45,,1.6144486650000007
2019-02-11 10:00:15,1.441,1.441
2019-02-11 10:00:45,1.3254,1.3254
2019-02-11 11:00:15,1.613,1.613
2019-02-11 11:00:45,1.4747,1.4747
2019-02-11 12:00:15,,1.5314089350000004
2019-02-11 12:00:45,,1.4478388249999998
2019-02-11 13:00:15,,1.4131965
2019-02-11 13:00:45,,1.6021690750000004
2019-02-11 14:00:15,,1.8912628000000011
2019-02-11 14:00:45,2.2203,2.2203
2019-02-11 15:00:15,1.9333,1.9333
2019-02-11 15:00:45,0.72694,0.72694
2019-02-11 16:00:15,1.1645,1.1645
2019-02-11 16:00:45,0.58667,0.58667
2019-02-11 17:00:15,0.51109,0.51109
2019-02-11 17:00:45,0.039139,0.039139
2019-02-11 18:00:15,0.06461,0.06461
2019-02-11 18:00:45,-0.029816,-0.029816
2019-02-11 19:00:15,0.015901,0.015901
2019-02-11 19:00:45,-0.15366,-0.15366
2019-02-11 20:00:15,0.20633,0.20633
2019-02-11 20:00:45,0.13478,0.13478
2019-02-11 21:00:15,0.27319,0.27319
2019-02-11 21:00:45,0.11252,0.11252
2019-02-11 22:00:15,0.25704,0.25704
2019-02-11 22:00:45,-0.063021,-0.063021
2019-02-11 23:00:15,0.1644,0.1644
2019-02-11 23:00:45,0.30456,0.30456
2019-02-12 00:00:15,0.29784,0.29784
2019-02-12 00:00:45,0.31161,0.31161
2019-02-12 01:00:15,0.26013,0.26013
2019-02-12 01:00:45,0.26564,0.26564
2019-02-12 02:00:15,0.14147,0.14147
2019-02-12 02:00:45,0.38611,0.38611
2019-02-12 03:00:15,0.441,0.441
2019-02-12 03:00:45,0.31253,0.31253
2019-02-12 04:00:15,0.36483,0.36483
2019-02-12 04:00:45,0.49727,0.49727
2019-02-12 05:00:15,0.41111,0.41111
2019-02-12 05:00:45,0.38454,0.38454
2019-02-12 06:00:15,0.39226,0.39226
2019-02-12 06:00:45,0.35964,0.35964
2019-02-12 07:00:15,,0.37392324499999996
2019-02-12 07:00:45,0.60606,0.60606
2019-02-12 08:00:15,0.13121,0.13121
2019-02-12 08:00:45,0.36585,0.36585
2019-02-12 09:00:15,0.79244,0.79244
2019-02-12 09:00:45,0.72702,0.72702
2019-02-12 10:00:15,-0.59908,-0.59908
2019-02-12 10:00:45,-0.28247,-0.28247
2019-02-12 11:00:15,-0.26113,-0.26113
2019-02-12 11:00:45,-1.2509,-1.2509
2019-02-12 12:00:15,-0.76203,-0.76203
2019-02-12 12:00:45,-0.60737,-0.60737
2019-02-12 13:00:15,-0.97674,-0.97674
2019-02-12 13:00:45,-0.32662,-0.32662
2019-02-12 14:00:15,-0.56773,-0.56773
2019-02-12 14:00:45,-0.75634,-0.75634
2019-02-12 15:00:15,-0.47043,-0.47043
2019-02-12 15:00:45,-0.29285,-0.29285
2019-02-12 16:00:15,-0.75305,-0.75305
2019-02-12 16:00:45,-0.26427,-0.26427
2019-02-12 17:00:15,-0.096651,-0.096651
2019-02-12 17:00:45,-0.059008,-0.059008
2019-02-12 18:00:15,-0.034105,-0.034105
2019-02-12 18:00:45,-0.007527,-0.007527
2019-02-12 19:00:15,0.001768,0.001768
2019-02-12 19:00:45,-0.079399,-0.079399
2019-02-12 20:00:15,,-0.07713669749999999
2019-02-12 20:00:45,-0.1028,-0.1028
2019-02-12 21:00:15,-0.16747,-0.16747
2019-02-12 21:00:45,-0.19137,-0.19137
2019-02-12 22:00:15,-0.1575,-0.1575
2019-02-12 22:00:45,-0.11546,-0.11546
2019-02-12 23:00:15,-0.10778,-0.10778
2019-02-12 23:00:45,-0.062653,-0.062653
2019-02-13 00:00:15,-0.10723,-0.10723
2019-02-13 00:00:45,0.32169,0.32169
2019-02-13 01:00:15,0.30457,0.30457
2019-02-13 01:00:45,0.16161,0.16161
2019-02-13 02:00:15,-0.057054,-0.057054
2019-02-13 02:00:45,0.22988,0.22988
2019-02-13 03:00:15,0.27866,0.27866
2019-02-13 03:00:45,0.26299,0.26299
2019-02-13 04:00:15,0.33383,0.33383
2019-02-13 04:00:45,0.35453,0.35453
2019-02-13 05:00:15,0.32028,0.32028
2019-02-13 05:00:45,0.40282,0.40282
2019-02-13 06:00:15,0.14267,0.14267
2019-02-13 06:00:45,0.33917,0.33917
2019-02-13 07:00:15,0.35172,0.35172
2019-02-13 07:00:45,0.67452,0.67452
2019-02-13 08:00:15,0.48704,0.48704
2019-02-13 08:00:45,0.66233,0.66233
2019-02-13 09:00:15,0.73715,0.73715
2019-02-13 09:00:45,0.59572,0.59572
2019-02-13 10:00:15,-0.41898,-0.41898
2019-02-13 10:00:45,-0.86329,-0.86329
2019-02-13 11:00:15,-0.044099,-0.044099
2019-02-13 11:00:45,-0.003147,-0.003147
2019-02-13 12:00:15,0.027752,0.027752
2019-02-13 12:00:45,0.066539,0.066539
2019-02-13 13:00:15,-0.035165,-0.035165
2019-02-13 13:00:45,-0.28818,-0.28818
2019-02-13 14:00:15,-0.22445,-0.22445
2019-02-13 14:00:45,-0.23441,-0.23441
2019-02-13 15:00:15,0.011073,0.011073
2019-02-13 15:00:45,-0.19161,-0.19161
2019-02-13 16:00:15,0.025658,0.025658
2019-02-13 16:00:45,0.045981,0.045981
2019-02-13 17:00:15,-0.80202,-0.80202
2019-02-13 17:00:45,,0.0636310625
2019-02-13 18:00:15,,0.0373594425
2019-02-13 18:00:45,0.084869,0.084869
2019-02-13 19:00:15,0.017239,0.017239
2019-02-13 19:00:45,,0.04976835000000002
2019-02-13 20:00:15,-0.019988,-0.019988
2019-02-13 20:00:45,,0.013941027500000005
2019-02-13 21:00:15,,-0.022909890000000002
2019-02-13 21:00:45,-0.077234,-0.077234
2019-02-13 22:00:15,,0.038565807500000014
2019-02-13 22:00:45,-0.066118,-0.066118
2019-02-13 23:00:15,-0.031963,-0.031963
2019-02-13 23:00:45,,-0.053711369999999994
2019-02-14 00:00:15,,-0.037637702499999995
2019-02-14 00:00:45,0.048417,0.048417
2019-02-14 01:00:15,0.026587,0.026587
2019-02-14 01:00:45,0.027882,0.027882
2019-02-14 02:00:15,0.18707,0.18707
2019-02-14 02:00:45,0.12326,0.12326
2019-02-14 03:00:15,0.19962,0.19962
2019-02-14 03:00:45,-0.054385,-0.054385
2019-02-14 04:00:15,,0.0177707075
2019-02-14 04:00:45,-0.041081,-0.041081
2019-02-14 05:00:15,-0.1373,-0.1373
2019-02-14 05:00:45,-0.10664,-0.10664
2019-02-14 06:00:15,0.048185,0.048185
2019-02-14 06:00:45,0.035013,0.035013
2019-02-14 07:00:15,0.29181,0.29181
2019-02-14 07:00:45,0.19261,0.19261
2019-02-14 08:00:15,-0.047668,-0.047668
2019-02-14 08:00:45,0.085182,0.085182
2019-02-14 09:00:15,0.013178,0.013178
2019-02-14 09:00:45,-0.10879,-0.10879
2019-02-14 10:00:15,-0.032135,-0.032135
2019-02-14 10:00:45,-0.00849,-0.00849
2019-02-14 11:00:15,-0.29066,-0.29066
2019-02-14 11:00:45,-0.02246,-0.02246
2019-02-14 12:00:15,-0.031857,-0.031857
2019-02-14 12:00:45,0.216,0.216
2019-02-14 13:00:15,,-0.05258851000000002
2019-02-14 13:00:45,,0.10402159750000001
2019-02-14 14:00:15,,0.020224534999999988
2019-02-14 14:00:45,,-0.11285605750000002
2019-02-14 15:00:15,,-0.11174591750000001
2019-02-14 15:00:45,,0.006778092500000004
2019-02-14 16:00:15,,-0.064906745
2019-02-14 16:00:45,1.3413,1.3413
2019-02-14 17:00:15,1.1034,1.1034
2019-02-14 17:00:45,0.063277,0.063277
2019-02-14 18:00:15,,0.3617307675
2019-02-14 18:00:45,,0.33984091500000013
2019-02-14 19:00:15,0.1344,0.1344
2019-02-14 19:00:45,,0.27558435000000003
2019-02-14 20:00:15,0.15527,0.15527
2019-02-14 20:00:45,,0.3227831825
2019-02-14 21:00:15,,0.20889285749999997
2019-02-14 21:00:45,-0.17433,-0.17433
2019-02-14 22:00:15,0.2037,0.2037
2019-02-14 22:00:45,0.081443,0.081443
2019-02-14 23:00:15,0.087657,0.087657
2019-02-14 23:00:45,-0.14634,-0.14634
2019-02-15 00:00:15,0.25136,0.25136
2019-02-15 00:00:45,0.027662,0.027662
2019-02-15 01:00:15,0.048901,0.048901
2019-02-15 01:00:45,0.39486,0.39486
2019-02-15 02:00:15,0.37648,0.37648
2019-02-15 02:00:45,0.73327,0.73327
2019-02-15 03:00:15,0.56781,0.56781
2019-02-15 03:00:45,0.34976,0.34976
2019-02-15 04:00:15,0.58132,0.58132
2019-02-15 04:00:45,0.31611,0.31611
2019-02-15 05:00:15,0.4368,0.4368
2019-02-15 05:00:45,0.50902,0.50902
2019-02-15 06:00:15,0.26873,0.26873
2019-02-15 06:00:45,,0.073559695
2019-02-15 07:00:15,0.39424,0.39424
2019-02-15 07:00:45,0.41443,0.41443
2019-02-15 08:00:15,0.50637,0.50637
2019-02-15 08:00:45,-0.33438,-0.33438
2019-02-15 09:00:15,-0.082167,-0.082167
2019-02-15 09:00:45,0.25378,0.25378
2019-02-15 10:00:15,0.70783,0.70783
2019-02-15 10:00:45,0.93092,0.93092
2019-02-15 11:00:15,0.74199,0.74199
2019-02-15 11:00:45,1.1809,1.1809
2019-02-15 12:00:15,1.0943,1.0943
2019-02-15 12:00:45,0.96698,0.96698
2019-02-15 13:00:15,0.55623,0.55623
2019-02-15 13:00:45,0.68384,0.68384
2019-02-15 14:00:15,0.58174,0.58174
2019-02-15 14:00:45,0.33433,0.33433
2019-02-15 15:00:15,0.28241,0.28241
2019-02-15 15:00:45,-0.017568,-0.017568
2019-02-15 16:00:15,0.057014,0.057014
2019-02-15 16:00:45,0.3172,0.3172
2019-02-15 17:00:15,0.24449,0.24449
2019-02-15 17:00:45,0.030769,0.030769
2019-02-15 18:00:15,0.069843,0.069843
2019-02-15 18:00:45,0.21124,0.21124
2019-02-15 19:00:15,0.078933,0.078933
2019-02-15 19:00:45,0.068954,0.068954
2019-02-15 20:00:15,0.022473,0.022473
2019-02-15 20:00:45,0.074557,0.074557
2019-02-15 21:00:15,0.13503,0.13503
2019-02-15 21:00:45,-0.015377,-0.015377
2019-02-15 22:00:15,-0.096911,-0.096911
2019-02-15 22:00:45,0.035406,0.035406
2019-02-15 23:00:15,0.14756,0.14756
2019-02-15 23:00:45,0.43142,0.43142
2019-02-16 00:00:15,-0.004871,-0.004871
2019-02-16 00:00:45,0.12183,0.12183
2019-02-16 01:00:15,0.66436,0.66436
2019-02-16 01:00:45,0.38608,0.38608
2019-02-16 02:00:15,0.13843,0.13843
2019-02-16 02:00:45,0.26938,0.26938
2019-02-16 03:00:15,0.004113,0.004113
2019-02-16 03:00:45,0.54771,0.54771
2019-02-16 04:00:15,1.2497,1.2497
2019-02-16 04:00:45,0.93727,0.93727
2019-02-16 05:00:15,0.69556,0.69556
2019-02-16 05:00:45,0.64068,0.64068
2019-02-16 06:00:15,0.47742,0.47742
2019-02-16 06:00:45,1.0098,1.0098
2019-02-16 07:00:15,0.78542,0.78542
2019-02-16 07:00:45,0.94152,0.94152
2019-02-16 08:00:15,0.69016,0.69016
2019-02-16 08:00:45,1.0832,1.0832
2019-02-16 09:00:15,0.95474,0.95474
2019-02-16 09:00:45,0.76592,0.76592
2019-02-16 10:00:15,-0.20739,-0.20739
2019-02-16 10:00:45,0.19288,0.19288
2019-02-16 11:00:15,0.90798,0.90798
2019-02-16 11:00:45,0.97095,0.97095
2019-02-16 12:00:15,0.72635,0.72635
2019-02-16 12:00:45,0.89747,0.89747
2019-02-16 13:00:15,0.73709,0.73709
2019-02-16 13:00:45,1.8541,1.8541
2019-02-16 14:00:15,1.859,1.859
2019-02-16 14:00:45,0.92617,0.92617
2019-02-16 15:00:15,2.0337,2.0337
2019-02-16 15:00:45,2.2414,2.2414
2019-02-16 16:00:15,1.4616,1.4616
2019-02-16 16:00:45,0.73097,0.73097
2019-02-16 17:00:15,0.36804,0.36804
2019-02-16 17:00:45,0.28605,0.28605
2019-02-16 18:00:15,0.60499,0.60499
2019-02-16 18:00:45,0.48491,0.48491
2019-02-16 19:00:15,0.75676,0.75676
2019-02-16 19:00:45,0.43935,0.43935
2019-02-16 20:00:15,0.12248,0.12248
2019-02-16 20:00:45,0.06419,0.06419
2019-02-16 21:00:15,0.06598,0.06598
2019-02-16 21:00:45,0.055186,0.055186
2019-02-16 22:00:15,0.041262,0.041262
2019-02-16 22:00:45,0.004082,0.004082
2019-02-16 23:00:15,0.27243,0.27243
2019-02-16 23:00:45,0.19885,0.19885
2019-02-17 00:00:15,-0.010226,-0.010226
2019-02-17 00:00:45,-0.1976,-0.1976
2019-02-17 01:00:15,-0.14437,-0.14437
2019-02-17 01:00:45,0.20051,0.20051
2019-02-17 02:00:15,,0.24123975000000009
2019-02-17 02:00:45,0.19142,0.19142
2019-02-17 03:00:15,0.13699,0.13699
2019-02-17 03:00:45,0.29529,0.29529
2019-02-17 04:00:15,0.26031,0.26031
2019-02-17 04:00:45,0.027702,0.027702
2019-02-17 05:00:15,0.24276,0.24276
2019-02-17 05:00:45,0.17407,0.17407
2019-02-17 06:00:15,0.29175,0.29175
2019-02-17 06:00:45,0.31963,0.31963
2019-02-17 07:00:15,0.27852,0.27852
2019-02-17 07:00:45,0.26634,0.26634
2019-02-17 08:00:15,0.44164,0.44164
2019-02-17 08:00:45,-0.4778,-0.4778
2019-02-17 09:00:15,-0.33044,-0.33044
2019-02-17 09:00:45,-0.81258,-0.81258
2019-02-17 10:00:15,-0.75702,-0.75702
2019-02-17 10:00:45,-0.51738,-0.51738
2019-02-17 11:00:15,-0.075898,-0.075898
2019-02-17 11:00:45,-0.24676,-0.24676
2019-02-17 12:00:15,-0.21049,-0.21049
2019-02-17 12:00:45,-0.10383,-0.10383
2019-02-17 13:00:15,0.45639,0.45639
2019-02-17 13:00:45,-0.54841,-0.54841
2019-02-17 14:00:15,-0.20842,-0.20842
2019-02-17 14:00:45,-0.2999,-0.2999
2019-02-17 15:00:15,0.23149,0.23149
2019-02-17 15:00:45,0.48531,0.48531
2019-02-17 16:00:15,0.37481,0.37481
2019-02-17 16:00:45,0.67344,0.67344
2019-02-17 17:00:15,0.46816,0.46816
2019-02-17 17:00:45,0.24309,0.24309
2019-02-17 18:00:15,0.37652,0.37652
2019-02-17 18:00:45,0.21748,0.21748
2019-02-17 19:00:15,0.14355,0.14355
2019-02-17 19:00:45,0.10088,0.10088
2019-02-17 20:00:15,0.071568,0.071568
2019-02-17 20:00:45,0.17709,0.17709
2019-02-17 21:00:15,0.001213,0.001213
2019-02-17 21:00:45,0.043839,0.043839
2019-02-17 22:00:15,-0.17953,-0.17953
2019-02-17 22:00:45,-0.07987,-0.07987
2019-02-17 23:00:15,-0.11892,-0.11892
2019-02-17 23:00:45,0.17591,0.17591
2019-02-18 00:00:15,0.096005,0.096005
2019-02-18 00:00:45,0.014974,0.014974
2019-02-18 01:00:15,-0.031474,-0.031474
2019-02-18 01:00:45,-0.099187,-0.099187
2019-02-18 02:00:15,-0.13535,-0.13535
2019-02-18 02:00:45,-0.10955,-0.10955
2019-02-18 03:00:15,0.2916,0.2916
2019-02-18 03:00:45,0.21184,0.21184
2019-02-18 04:00:15,0.23859,0.23859
2019-02-18 04:00:45,0.22447,0.22447
2019-02-18 05:00:15,0.18943,0.18943
2019-02-18 05:00:45,0.25682,0.25682
2019-02-18 06:00:15,0.36352,0.36352
2019-02-18 06:00:45,0.20568,0.20568
2019-02-18 07:00:15,0.035598,0.035598
2019-02-18 07:00:45,0.52506,0.52506
2019-02-18 08:00:15,-0.67998,-0.67998
2019-02-18 08:00:45,-0.74641,-0.74641
2019-02-18 09:00:15,-0.59272,-0.59272
2019-02-18 09:00:45,-0.6487,-0.6487
2019-02-18 10:00:15,-0.30676,-0.30676
2019-02-18 10:00:45,-0.77826,-0.77826
2019-02-18 11:00:15,-0.75522,-0.75522
2019-02-18 11:00:45,-0.72126,-0.72126
2019-02-18 12:00:15,-0.54411,-0.54411
2019-02-18 12:00:45,-0.51264,-0.51264
2019-02-18 13:00:15,-0.65502,-0.65502
2019-02-18 13:00:45,-0.51761,-0.51761
2019-02-18 14:00:15,-0.33768,-0.33768
2019-02-18 14:00:45,-0.34533,-0.34533
2019-02-18 15:00:15,-0.66882,-0.66882
2019-02-18 15:00:45,0.053138,0.053138
2019-02-18 16:00:15,-0.25288,-0.25288
2019-02-18 16:00:45,,0.11360660250000004
2019-02-18 17:00:15,-1.9374,-1.9374
2019-02-18 17:00:45,-1.2532,-1.2532
2019-02-18 18:00:15,,0.8399219925000002
2019-02-18 18:00:45,,1.3294796099999997
2019-02-18 19:00:15,,1.5232174599999995
2019-02-18 19:00:45,,1.5195321099999994
2019-02-18 20:00:15,,1.0380991924999998
2019-02-18 20:00:45,,1.0567583075
2019-02-18 21:00:15,,1.1412944075
2019-02-18 21:00:45,,1.0378248350000001
2019-02-18 22:00:15,,1.1994473024999996
2019-02-18 22:00:45,,1.3946002674999995
2019-02-18 23:00:15,,1.4209231499999997
2019-02-18 23:00:45,,0.42241730999999993
2019-02-19 00:00:15,,0.3776522425
2019-02-19 00:00:45,,0.6790175275000003
2019-02-19 01:00:15,,0.7359346575000002
2019-02-19 01:00:45,,0.9519268600000002
2019-02-19 02:00:15,,0.9669418275000002
2019-02-19 02:00:45,,0.6136825625000003
2019-02-19 03:00:15,-0.057104,-0.057104
2019-02-19 03:00:45,0.028355,0.028355
2019-02-19 04:00:15,1.6616,1.6616
2019-02-19 04:00:45,,0.4564516725000001
2019-02-19 05:00:15,-0.074248,-0.074248
2019-02-19 05:00:45,0.12816,0.12816
2019-02-19 06:00:15,0.003952,0.003952
2019-02-19 06:00:45,0.52423,0.52423
2019-02-19 07:00:15,0.23039,0.23039
2019-02-19 07:00:45,0.12059,0.12059
2019-02-19 08:00:15,0.63019,0.63019
2019-02-19 08:00:45,0.5977,0.5977
2019-02-19 09:00:15,-0.082978,-0.082978
2019-02-19 09:00:45,0.44869,0.44869
2019-02-19 10:00:15,-0.44433,-0.44433
2019-02-19 10:00:45,-0.39571,-0.39571
2019-02-19 11:00:15,0.16509,0.16509
2019-02-19 11:00:45,-0.033167,-0.033167
2019-02-19 12:00:15,0.69581,0.69581
2019-02-19 12:00:45,0.43622,0.43622
2019-02-19 13:00:15,0.99992,0.99992
2019-02-19 13:00:45,1.3314,1.3314
2019-02-19 14:00:15,,0.5332139575
2019-02-19 14:00:45,,0.4563455375000002
2019-02-19 15:00:15,,0.36979355750000004
2019-02-19 15:00:45,,0.39979206
2019-02-19 16:00:15,,0.54761079
2019-02-19 16:00:45,0.69565,0.69565
2019-02-19 17:00:15,0.76805,0.76805
2019-02-19 17:00:45,0.27447,0.27447
2019-02-19 18:00:15,0.27746,0.27746
2019-02-19 18:00:45,0.34556,0.34556
2019-02-19 19:00:15,0.37094,0.37094
2019-02-19 19:00:45,0.59281,0.59281
2019-02-19 20:00:15,0.33235,0.33235
2019-02-19 20:00:45,0.54238,0.54238
2019-02-19 21:00:15,0.4506,0.4506
2019-02-19 21:00:45,0.35775,0.35775
2019-02-19 22:00:15,0.42059,0.42059
2019-02-19 22:00:45,0.37984,0.37984
2019-02-19 23:00:15,0.31064,0.31064
2019-02-19 23:00:45,0.29845,0.29845
2019-02-20 00:00:15,0.31231,0.31231
2019-02-20 00:00:45,0.33068,0.33068
2019-02-20 01:00:15,0.37739,0.37739
2019-02-20 01:00:45,0.30861,0.30861
2019-02-20 02:00:15,0.33136,0.33136
2019-02-20 02:00:45,0.27913,0.27913
2019-02-20 03:00:15,0.29304,0.29304
2019-02-20 03:00:45,0.31873,0.31873
2019-02-20 04:00:15,0.34077,0.34077
2019-02-20 04:00:45,0.23198,0.23198
2019-02-20 05:00:15,0.27935,0.27935
2019-02-20 05:00:45,0.11637,0.11637
2019-02-20 06:00:15,0.62943,0.62943
2019-02-20 06:00:45,0.060286,0.060286
2019-02-20 07:00:15,0.36421,0.36421
2019-02-20 07:00:45,0.61896,0.61896
2019-02-20 08:00:15,0.61156,0.61156
2019-02-20 08:00:45,0.75801,0.75801
2019-02-20 09:00:15,0.33965,0.33965
2019-02-20 09:00:45,0.25825,0.25825
2019-02-20 10:00:15,-0.022318,-0.022318
2019-02-20 10:00:45,-0.19292,-0.19292
2019-02-20 11:00:15,-0.41677,-0.41677
2019-02-20 11:00:45,-0.3588,-0.3588
2019-02-20 12:00:15,0.12581,0.12581
2019-02-20 12:00:45,-0.14646,-0.14646
2019-02-20 13:00:15,-0.74371,-0.74371
2019-02-20 13:00:45,-0.5584,-0.5584
2019-02-20 14:00:15,-0.47532,-0.47532
2019-02-20 14:00:45,-0.75785,-0.75785
2019-02-20 15:00:15,-1.0385,-1.0385
2019-02-20 15:00:45,-0.57488,-0.57488
2019-02-20 16:00:15,-0.60716,-0.60716
2019-02-20 16:00:45,-0.51175,-0.51175
2019-02-20 17:00:15,-0.31864,-0.31864
2019-02-20 17:00:45,-0.11991,-0.11991
2019-02-20 18:00:15,-0.17565,-0.17565
2019-02-20 18:00:45,-0.10106,-0.10106
2019-02-20 19:00:15,-0.19534,-0.19534
2019-02-20 19:00:45,-0.1978,-0.1978
2019-02-20 20:00:15,-0.15323,-0.15323
2019-02-20 20:00:45,-0.064257,-0.064257
2019-02-20 21:00:15,0.08583,0.08583
2019-02-20 21:00:45,0.017983,0.017983
2019-02-20 22:00:15,0.12679,0.12679
2019-02-20 22:00:45,-0.14092,-0.14092
2019-02-20 23:00:15,-0.098269,-0.098269
2019-02-20 23:00:45,-0.19642,-0.19642
2019-02-21 00:00:15,-0.14007,-0.14007
2019-02-21 00:00:45,0.13386,0.13386
2019-02-21 01:00:15,0.2265,0.2265
2019-02-21 01:00:45,0.17705,0.17705
2019-02-21 02:00:15,0.11934,0.11934
2019-02-21 02:00:45,0.23902,0.23902
2019-02-21 03:00:15,0.22382,0.22382
2019-02-21 03:00:45,0.22958,0.22958
2019-02-21 04:00:15,0.38124,0.38124
2019-02-21 04:00:45,0.30109,0.30109
2019-02-21 05:00:15,0.3392,0.3392
2019-02-21 05:00:45,0.24697,0.24697
2019-02-21 06:00:15,-0.032906,-0.032906
2019-02-21 06:00:45,-0.004896,-0.004896
2019-02-21 07:00:15,-0.047689,-0.047689
2019-02-21 07:00:45,0.18344,0.18344
2019-02-21 08:00:15,0.51124,0.51124
2019-02-21 08:00:45,-0.20872,-0.20872
2019-02-21 09:00:15,-0.15296,-0.15296
2019-02-21 09:00:45,-0.32406,-0.32406
2019-02-21 10:00:15,-0.14881,-0.14881
2019-02-21 10:00:45,-0.38223,-0.38223
2019-02-21 11:00:15,-0.006196,-0.006196
2019-02-21 11:00:45,-0.25212,-0.25212
2019-02-21 12:00:15,-0.21187,-0.21187
2019-02-21 12:00:45,-0.59931,-0.59931
2019-02-21 13:00:15,0.072365,0.072365
2019-02-21 13:00:45,-0.18851,-0.18851
2019-02-21 14:00:15,-0.18203,-0.18203
2019-02-21 14:00:45,0.24637,0.24637
2019-02-21 15:00:15,0.35266,0.35266
2019-02-21 15:00:45,0.24595,0.24595
2019-02-21 16:00:15,0.50084,0.50084
2019-02-21 16:00:45,0.43562,0.43562
2019-02-21 17:00:15,0.57747,0.57747
2019-02-21 17:00:45,0.52809,0.52809
2019-02-21 18:00:15,0.53587,0.53587
2019-02-21 18:00:45,0.52063,0.52063
2019-02-21 19:00:15,0.42149,0.42149
2019-02-21 19:00:45,0.61085,0.61085
2019-02-21 20:00:15,0.30981,0.30981
2019-02-21 20:00:45,0.21186,0.21186
2019-02-21 21:00:15,0.22823,0.22823
2019-02-21 21:00:45,0.1227,0.1227
2019-02-21 22:00:15,-0.039148,-0.039148
2019-02-21 22:00:45,-0.004566,-0.004566
2019-02-21 23:00:15,0.14139,0.14139
2019-02-21 23:00:45,0.19728,0.19728
2019-02-22 00:00:15,0.12868,0.12868
2019-02-22 00:00:45,0.064457,0.064457
2019-02-22 01:00:15,0.20952,0.20952
2019-02-22 01:00:45,0.13885,0.13885
2019-02-22 02:00:15,0.19461,0.19461
2019-02-22 02:00:45,0.30816,0.30816
2019-02-22 03:00:15,0.4583,0.4583
2019-02-22 03:00:45,0.49495,0.49495
2019-02-22 04:00:15,0.71487,0.71487
2019-02-22 04:00:45,0.40558,0.40558
2019-02-22 05:00:15,0.38815,0.38815
2019-02-22 05:00:45,0.73673,0.73673
2019-02-22 06:00:15,0.80914,0.80914
2019-02-22 06:00:45,0.26414,0.26414
2019-02-22 07:00:15,0.1785,0.1785
2019-02-22 07:00:45,0.84833,0.84833
2019-02-22 08:00:15,0.76018,0.76018
2019-02-22 08:00:45,0.84368,0.84368
2019-02-22 09:00:15,0.4795,0.4795
2019-02-22 09:00:45,0.9832,0.9832
2019-02-22 10:00:15,1.5673,1.5673
2019-02-22 10:00:45,1.088,1.088
2019-02-22 11:00:15,0.49594,0.49594
2019-02-22 11:00:45,0.85696,0.85696
2019-02-22 12:00:15,0.12127,0.12127
2019-02-22 12:00:45,0.41992,0.41992
2019-02-22 13:00:15,0.25739,0.25739
2019-02-22 13:00:45,1.1795,1.1795
2019-02-22 14:00:15,1.0232,1.0232
2019-02-22 14:00:45,1.1755,1.1755
2019-02-22 15:00:15,0.83983,0.83983
2019-02-22 15:00:45,-2.221,-2.221
2019-02-22 16:00:15,,0.35254495
2019-02-22 16:00:45,,0.3677380475
2019-02-22 17:00:15,,0.7618792925000001
2019-02-22 17:00:45,,0.6271921050000002
2019-02-22 18:00:15,,0.7246587275000002
2019-02-22 18:00:45,,0.6783644400000002
2019-02-22 19:00:15,,1.1313333999999997
2019-02-22 19:00:45,-0.11976,-0.11976
2019-02-22 20:00:15,2.4703,2.4703
2019-02-22 20:00:45,0.44959,0.44959
2019-02-22 21:00:15,1.5066,1.5066
2019-02-22 21:00:45,,0.6774236675000003
2019-02-22 22:00:15,,0.6853902600000004
2019-02-22 22:00:45,,0.7830962400000002
2019-02-22 23:00:15,,0.7781751275000004
2019-02-22 23:00:45,0.97561,0.97561
2019-02-23 00:00:15,0.75295,0.75295
2019-02-23 00:00:45,0.68751,0.68751
2019-02-23 01:00:15,0.23593,0.23593
2019-02-23 01:00:45,0.37351,0.37351
2019-02-23 02:00:15,1.6456,1.6456
2019-02-23 02:00:45,2.0496,2.0496
2019-02-23 03:00:15,2.4339,2.4339
2019-02-23 03:00:45,1.4776,1.4776
2019-02-23 04:00:15,1.9639,1.9639
2019-02-23 04:00:45,2.0663,2.0663
2019-02-23 05:00:15,,2.132167075
2019-02-23 05:00:45,,2.0227205000000006
2019-02-23 06:00:15,,1.8302773400000003
2019-02-23 06:00:45,1.671,1.671
2019-02-23 07:00:15,2.4453,2.4453
2019-02-23 07:00:45,-0.59474,-0.59474
2019-02-23 08:00:15,,0.59404378
2019-02-23 08:00:45,,0.6337942675000001
2019-02-23 09:00:15,,0.6280082799999998
2019-02-23 09:00:45,,0.26343825500000007
2019-02-23 10:00:15,,0.3041324275000001
2019-02-23 10:00:45,,0.021848209999999993
2019-02-23 11:00:15,0.17171,0.17171
2019-02-23 11:00:45,0.13587,0.13587
2019-02-23 12:00:15,0.45188,0.45188
2019-02-23 12:00:45,0.18809,0.18809
2019-02-23 13:00:15,0.040543,0.040543
2019-02-23 13:00:45,-0.26262,-0.26262
2019-02-23 14:00:15,0.19445,0.19445
2019-02-23 14:00:45,0.35005,0.35005
2019-02-23 15:00:15,0.30881,0.30881
2019-02-23 15:00:45,0.38205,0.38205
2019-02-23 16:00:15,0.035289,0.035289
2019-02-23 16:00:45,-0.55681,-0.55681
2019-02-23 17:00:15,-0.10569,-0.10569
2019-02-23 17:00:45,-0.001432,-0.001432
2019-02-23 18:00:15,-0.013606,-0.013606
2019-02-23 18:00:45,-0.10941,-0.10941
2019-02-23 19:00:15,0.044841,0.044841
2019-02-23 19:00:45,0.053366,0.053366
2019-02-23 20:00:15,0.46966,0.46966
2019-02-23 20:00:45,0.45098,0.45098
2019-02-23 21:00:15,0.48033,0.48033
2019-02-23 21:00:45,0.40575,0.40575
2019-02-23 22:00:15,0.35145,0.35145
2019-02-23 22:00:45,0.37162,0.37162
2019-02-23 23:00:15,0.47151,0.47151
2019-02-23 23:00:45,0.36354,0.36354
2019-02-24 00:00:15,0.39829,0.39829
2019-02-24 00:00:45,0.33445,0.33445
2019-02-24 01:00:15,0.35745,0.35745
2019-02-24 01:00:45,0.40001,0.40001
2019-02-24 02:00:15,0.42656,0.42656
2019-02-24 02:00:45,0.2563,0.2563
2019-02-24 03:00:15,0.31158,0.31158
2019-02-24 03:00:45,0.44798,0.44798
2019-02-24 04:00:15,0.59047,0.59047
2019-02-24 04:00:45,0.32947,0.32947
2019-02-24 05:00:15,,0.4387019650000002
2019-02-24 05:00:45,0.46759,0.46759
2019-02-24 06:00:15,,0.3958707225000001
2019-02-24 06:00:45,0.30941,0.30941
2019-02-24 07:00:15,0.47902,0.47902
2019-02-24 07:00:45,0.64944,0.64944
2019-02-24 08:00:15,0.49569,0.49569
2019-02-24 08:00:45,0.66715,0.66715
2019-02-24 09:00:15,0.79715,0.79715
2019-02-24 09:00:45,0.43714,0.43714
2019-02-24 10:00:15,0.5078,0.5078
2019-02-24 10:00:45,-0.5136,-0.5136
2019-02-24 11:00:15,-0.8839,-0.8839
2019-02-24 11:00:45,,-0.5444870375000002
2019-02-24 12:00:15,-0.66113,-0.66113
2019-02-24 12:00:45,-0.29597,-0.29597
2019-02-24 13:00:15,-0.15217,-0.15217
2019-02-24 13:00:45,-0.36737,-0.36737
2019-02-24 14:00:15,-0.21287,-0.21287
2019-02-24 14:00:45,-0.8743,-0.8743
2019-02-24 15:00:15,0.10829,0.10829
2019-02-24 15:00:45,-0.19058,-0.19058
2019-02-24 16:00:15,-0.038739,-0.038739
2019-02-24 16:00:45,-0.005172,-0.005172
2019-02-24 17:00:15,-0.16787,-0.16787
2019-02-24 17:00:45,-0.052035,-0.052035
2019-02-24 18:00:15,-0.057224,-0.057224
2019-02-24 18:00:45,-0.047109,-0.047109
2019-02-24 19:00:15,-0.032911,-0.032911
2019-02-24 19:00:45,0.079758,0.079758
2019-02-24 20:00:15,-0.006202,-0.006202
2019-02-24 20:00:45,-0.07929,-0.07929
2019-02-24 21:00:15,-0.068981,-0.068981
2019-02-24 21:00:45,-0.010493,-0.010493
2019-02-24 22:00:15,-0.066831,-0.066831
2019-02-24 22:00:45,-0.06519,-0.06519
2019-02-24 23:00:15,,-0.021937847499999996
2019-02-24 23:00:45,-0.11789,-0.11789
2019-02-25 00:00:15,0.080688,0.080688
2019-02-25 00:00:45,0.045638,0.045638
2019-02-25 01:00:15,,-0.0352869125
2019-02-25 01:00:45,0.29835,0.29835
2019-02-25 02:00:15,0.43827,0.43827
2019-02-25 02:00:45,,-0.004281627499999999
2019-02-25 03:00:15,0.17626,0.17626
2019-02-25 03:00:45,-0.098063,-0.098063
2019-02-25 04:00:15,0.49095,0.49095
2019-02-25 04:00:45,0.044707,0.044707
2019-02-25 05:00:15,,0.28402505
2019-02-25 05:00:45,0.54922,0.54922
2019-02-25 06:00:15,0.021566,0.021566
2019-02-25 06:00:45,0.50594,0.50594
2019-02-25 07:00:15,-0.38616,-0.38616
2019-02-25 07:00:45,0.52218,0.52218
2019-02-25 08:00:15,0.10657,0.10657
2019-02-25 08:00:45,0.18223,0.18223
2019-02-25 09:00:15,-0.45918,-0.45918
2019-02-25 09:00:45,-0.62362,-0.62362
2019-02-25 10:00:15,-0.19165,-0.19165
2019-02-25 10:00:45,-1.1549,-1.1549
2019-02-25 11:00:15,-0.3832,-0.3832
2019-02-25 11:00:45,-0.24648,-0.24648
2019-02-25 12:00:15,0.030601,0.030601
2019-02-25 12:00:45,-0.074124,-0.074124
2019-02-25 13:00:15,-0.94603,-0.94603
2019-02-25 13:00:45,-0.45682,-0.45682
2019-02-25 14:00:15,-0.15346,-0.15346
2019-02-25 14:00:45,-0.089042,-0.089042
2019-02-25 15:00:15,,-0.1752904925
2019-02-25 15:00:45,,-0.16047752750000005
2019-02-25 16:00:15,,-0.15558822500000002
2019-02-25 16:00:45,-0.3658,-0.3658
2019-02-25 17:00:15,0.1431,0.1431
2019-02-25 17:00:45,0.2228,0.2228
2019-02-25 18:00:15,-0.056035,-0.056035
2019-02-25 18:00:45,0.030951,0.030951
2019-02-25 19:00:15,,-0.015152869999999999
2019-02-25 19:00:45,-0.10337,-0.10337
2019-02-25 20:00:15,-0.11277,-0.11277
2019-02-25 20:00:45,-0.15725,-0.15725
2019-02-25 21:00:15,-0.050894,-0.050894
2019-02-25 21:00:45,-0.051902,-0.051902
2019-02-25 22:00:15,-0.057204,-0.057204
2019-02-25 22:00:45,-0.13499,-0.13499
2019-02-25 23:00:15,-0.13698,-0.13698
2019-02-25 23:00:45,0.139,0.139
2019-02-26 00:00:15,0.053786,0.053786
2019-02-26 00:00:45,-0.035705,-0.035705
2019-02-26 01:00:15,-0.067857,-0.067857
2019-02-26 01:00:45,-0.12043,-0.12043
2019-02-26 02:00:15,-0.050296,-0.050296
2019-02-26 02:00:45,-0.042995,-0.042995
2019-02-26 03:00:15,0.041143,0.041143
2019-02-26 03:00:45,-0.0131,-0.0131
2019-02-26 04:00:15,0.007671,0.007671
2019-02-26 04:00:45,-0.036046,-0.036046
2019-02-26 05:00:15,0.013633,0.013633
2019-02-26 05:00:45,0.035239,0.035239
2019-02-26 06:00:15,-0.000361,-0.000361
2019-02-26 06:00:45,0.15196,0.15196
2019-02-26 07:00:15,-0.20843,-0.20843
2019-02-26 07:00:45,-0.85775,-0.85775
2019-02-26 08:00:15,-1.2964,-1.2964
2019-02-26 08:00:45,-1.1389,-1.1389
2019-02-26 09:00:15,-1.2147,-1.2147
2019-02-26 09:00:45,-0.91075,-0.91075
2019-02-26 10:00:15,-0.53483,-0.53483
2019-02-26 10:00:45,-0.57626,-0.57626
2019-02-26 11:00:15,-0.642,-0.642
2019-02-26 11:00:45,-1.1222,-1.1222
2019-02-26 12:00:15,-0.10154,-0.10154
2019-02-26 12:00:45,0.10131,0.10131
2019-02-26 13:00:15,0.33357,0.33357
2019-02-26 13:00:45,0.90551,0.90551
2019-02-26 14:00:15,0.24167,0.24167
2019-02-26 14:00:45,-0.40863,-0.40863
2019-02-26 15:00:15,-0.21138,-0.21138
2019-02-26 15:00:45,-0.45303,-0.45303
2019-02-26 16:00:15,-0.85595,-0.85595
2019-02-26 16:00:45,,0.2974029275000002
2019-02-26 17:00:15,0.48974,0.48974
2019-02-26 17:00:45,0.13645,0.13645
2019-02-26 18:00:15,0.052692,0.052692
2019-02-26 18:00:45,,0.020391987500000004
2019-02-26 19:00:15,0.052413,0.052413
2019-02-26 19:00:45,-0.073089,-0.073089
2019-02-26 20:00:15,0.004958,0.004958
2019-02-26 20:00:45,0.034033,0.034033
2019-02-26 21:00:15,0.021249,0.021249
2019-02-26 21:00:45,-0.011197,-0.011197
2019-02-26 22:00:15,,-0.05410451000000002
2019-02-26 22:00:45,-0.087459,-0.087459
2019-02-26 23:00:15,-0.044728,-0.044728
2019-02-26 23:00:45,-0.045809,-0.045809
2019-02-27 00:00:15,-0.042186,-0.042186
2019-02-27 00:00:45,,-0.040038475000000004
2019-02-27 01:00:15,-0.002025,-0.002025
2019-02-27 01:00:45,-0.050438,-0.050438
2019-02-27 02:00:15,-0.027882,-0.027882
2019-02-27 02:00:45,-0.065469,-0.065469
2019-02-27 03:00:15,-0.083352,-0.083352
2019-02-27 03:00:45,0.00759,0.00759
2019-02-27 04:00:15,0.018916,0.018916
2019-02-27 04:00:45,-0.14273,-0.14273
2019-02-27 05:00:15,0.099141,0.099141
2019-02-27 05:00:45,-0.02804,-0.02804
2019-02-27 06:00:15,-0.11495,-0.11495
2019-02-27 06:00:45,0.005576,0.005576
2019-02-27 07:00:15,-0.042625,-0.042625
2019-02-27 07:00:45,-0.38557,-0.38557
2019-02-27 08:00:15,-0.19262,-0.19262
2019-02-27 08:00:45,-0.53094,-0.53094
2019-02-27 09:00:15,-0.36203,-0.36203
2019-02-27 09:00:45,-0.33928,-0.33928
2019-02-27 10:00:15,0.000882,0.000882
2019-02-27 10:00:45,-0.35361,-0.35361
2019-02-27 11:00:15,-0.98426,-0.98426
2019-02-27 11:00:45,-0.68583,-0.68583
2019-02-27 12:00:15,-0.20776,-0.20776
2019-02-27 12:00:45,-0.55459,-0.55459
2019-02-27 13:00:15,-0.31088,-0.31088
2019-02-27 13:00:45,-0.40064,-0.40064
2019-02-27 14:00:15,-0.11651,-0.11651
2019-02-27 14:00:45,-0.18654,-0.18654
2019-02-27 15:00:15,-0.13796,-0.13796
2019-02-27 15:00:45,0.000481,0.000481
2019-02-27 16:00:15,0.13989,0.13989
2019-02-27 16:00:45,-0.054444,-0.054444
2019-02-27 17:00:15,0.023688,0.023688
2019-02-27 17:00:45,0.20705,0.20705
2019-02-27 18:00:15,0.013472,0.013472
2019-02-27 18:00:45,0.020348,0.020348
2019-02-27 19:00:15,0.093529,0.093529
2019-02-27 19:00:45,0.049789,0.049789
2019-02-27 20:00:15,-0.009933,-0.009933
2019-02-27 20:00:45,0.063387,0.063387
2019-02-27 21:00:15,0.059165,0.059165
2019-02-27 21:00:45,-0.022314,-0.022314
2019-02-27 22:00:15,0.038373,0.038373
2019-02-27 22:00:45,-0.017409,-0.017409
2019-02-27 23:00:15,-0.060104,-0.060104
2019-02-27 23:00:45,-0.040056,-0.040056
2019-02-28 00:00:15,-0.035962,-0.035962
2019-02-28 00:00:45,-0.04371,-0.04371
2019-02-28 01:00:15,-0.054373,-0.054373
2019-02-28 01:00:45,-0.074116,-0.074116
2019-02-28 02:00:15,-0.052534,-0.052534
2019-02-28 02:00:45,-0.067214,-0.067214
2019-02-28 03:00:15,-0.001358,-0.001358
2019-02-28 03:00:45,-0.036778,-0.036778
2019-02-28 04:00:15,-0.078117,-0.078117
2019-02-28 04:00:45,-0.098018,-0.098018
2019-02-28 05:00:15,-0.10778,-0.10778
2019-02-28 05:00:45,-0.060999,-0.060999
2019-02-28 06:00:15,-0.001804,-0.001804
2019-02-28 06:00:45,-0.053311,-0.053311
2019-02-28 07:00:15,-0.30493,-0.30493
2019-02-28 07:00:45,-0.58214,-0.58214
2019-02-28 08:00:15,-0.19038,-0.19038
2019-02-28 08:00:45,-0.22484,-0.22484
2019-02-28 09:00:15,0.075238,0.075238
2019-02-28 09:00:45,0.60082,0.60082
2019-02-28 10:00:15,0.56475,0.56475
2019-02-28 10:00:45,0.28602,0.28602
2019-02-28 11:00:15,0.2818,0.2818
2019-02-28 11:00:45,-0.068934,-0.068934
2019-02-28 12:00:15,0.40512,0.40512
2019-02-28 12:00:45,0.27526,0.27526
2019-02-28 13:00:15,0.80896,0.80896
2019-02-28 13:00:45,0.54927,0.54927
2019-02-28 14:00:15,0.56539,0.56539
2019-02-28 14:00:45,0.90648,0.90648
2019-02-28 15:00:15,0.87091,0.87091
2019-02-28 15:00:45,1.1608,1.1608
2019-02-28 16:00:15,0.74287,0.74287
2019-02-28 16:00:45,0.86471,0.86471
2019-02-28 17:00:15,0.52818,0.52818
2019-02-28 17:00:45,0.24332,0.24332
2019-02-28 18:00:15,-0.005955,-0.005955
2019-02-28 18:00:45,-0.015166,-0.015166
2019-02-28 19:00:15,0.032941,0.032941
2019-02-28 19:00:45,-0.058778,-0.058778
2019-02-28 20:00:15,0.19341,0.19341
2019-02-28 20:00:45,-0.058449,-0.058449
2019-02-28 21:00:15,-0.053852,-0.053852
2019-02-28 21:00:45,-0.035521,-0.035521
2019-02-28 22:00:15,0.022573,0.022573
2019-02-28 22:00:45,,-0.022477565
2019-02-28 23:00:15,-0.079236,-0.079236
2019-02-28 23:00:45,-0.14241,-0.14241
2019-03-01 00:00:15,,-0.047355980000000006
2019-03-01 00:00:45,,-0.029905755000000003
2019-03-01 01:00:15,-0.013354,-0.013354
2019-03-01 01:00:45,0.020235,0.020235
2019-03-01 02:00:15,-0.14371,-0.14371
2019-03-01 02:00:45,-0.09404,-0.09404
2019-03-01 03:00:15,-0.078567,-0.078567
2019-03-01 03:00:45,-0.059577,-0.059577
2019-03-01 04:00:15,-0.009016,-0.009016
2019-03-01 04:00:45,,0.017902545
2019-03-01 05:00:15,-0.057281,-0.057281
2019-03-01 05:00:45,-0.088932,-0.088932
2019-03-01 06:00:15,-0.093064,-0.093064
2019-03-01 06:00:45,0.026387,0.026387
2019-03-01 07:00:15,-0.049375,-0.049375
2019-03-01 07:00:45,-0.098683,-0.098683
2019-03-01 08:00:15,-0.11154,-0.11154
2019-03-01 08:00:45,-0.14944,-0.14944
2019-03-01 09:00:15,-0.24428,-0.24428
2019-03-01 09:00:45,-0.20062,-0.20062
2019-03-01 10:00:15,0.074205,0.074205
2019-03-01 10:00:45,-0.21172,-0.21172
2019-03-01 11:00:15,0.51141,0.51141
2019-03-01 11:00:45,-0.57566,-0.57566
2019-03-01 12:00:15,0.47816,0.47816
2019-03-01 12:00:45,0.18685,0.18685
2019-03-01 13:00:15,0.50276,0.50276
2019-03-01 13:00:45,0.4783,0.4783
2019-03-01 14:00:15,0.46374,0.46374
2019-03-01 14:00:45,0.272,0.272
2019-03-01 15:00:15,0.31935,0.31935
2019-03-01 15:00:45,0.41819,0.41819
2019-03-01 16:00:15,0.35157,0.35157
2019-03-01 16:00:45,0.12892,0.12892
2019-03-01 17:00:15,0.13661,0.13661
2019-03-01 17:00:45,-0.073887,-0.073887
2019-03-01 18:00:15,0.057393,0.057393
2019-03-01 18:00:45,0.10395,0.10395
2019-03-01 19:00:15,-0.006525,-0.006525
2019-03-01 19:00:45,0.093543,0.093543
2019-03-01 20:00:15,-0.008252,-0.008252
2019-03-01 20:00:45,0.027246,0.027246
2019-03-01 21:00:15,-0.004162,-0.004162
2019-03-01 21:00:45,0.06166,0.06166
2019-03-01 22:00:15,0.026912,0.026912
2019-03-01 22:00:45,0.070541,0.070541
2019-03-01 23:00:15,-0.046976,-0.046976
2019-03-01 23:00:45,-0.020743,-0.020743
2019-03-02 00:00:15,-0.038494,-0.038494
2019-03-02 00:00:45,-0.035103,-0.035103
2019-03-02 01:00:15,0.006688,0.006688
2019-03-02 01:00:45,-0.015678,-0.015678
2019-03-02 02:00:15,-0.010359,-0.010359
2019-03-02 02:00:45,0.038584,0.038584
2019-03-02 03:00:15,0.089428,0.089428
2019-03-02 03:00:45,0.040502,0.040502
2019-03-02 04:00:15,0.096261,0.096261
2019-03-02 04:00:45,0.040009,0.040009
2019-03-02 05:00:15,-0.12804,-0.12804
2019-03-02 05:00:45,0.002883,0.002883
2019-03-02 06:00:15,-0.035217,-0.035217
2019-03-02 06:00:45,-0.14125,-0.14125
2019-03-02 07:00:15,-0.097042,-0.097042
2019-03-02 07:00:45,-0.037394,-0.037394
2019-03-02 08:00:15,-0.19009,-0.19009
2019-03-02 08:00:45,-0.40322,-0.40322
2019-03-02 09:00:15,0.077104,0.077104
2019-03-02 09:00:45,0.19506,0.19506
2019-03-02 10:00:15,0.95125,0.95125
2019-03-02 10:00:45,,-0.29769009750000003
2019-03-02 11:00:15,-0.35234,-0.35234
2019-03-02 11:00:45,-0.89277,-0.89277
2019-03-02 12:00:15,-0.80286,-0.80286
2019-03-02 12:00:45,-0.47346,-0.47346
2019-03-02 13:00:15,-0.45365,-0.45365
2019-03-02 13:00:45,-0.18224,-0.18224
2019-03-02 14:00:15,0.34393,0.34393
2019-03-02 14:00:45,0.33326,0.33326
2019-03-02 15:00:15,0.65714,0.65714
2019-03-02 15:00:45,1.534,1.534
2019-03-02 16:00:15,,2.0522856749999994
2019-03-02 16:00:45,,1.8442346499999995
2019-03-02 17:00:15,,1.4239558275000002
2019-03-02 17:00:45,,1.6982774174999995
2019-03-02 18:00:15,,1.7308882674999997
2019-03-02 18:00:45,0.56726,0.56726
2019-03-02 19:00:15,1.61,1.61
2019-03-02 19:00:45,1.1905,1.1905
2019-03-02 20:00:15,0.95998,0.95998
2019-03-02 20:00:45,0.53415,0.53415
2019-03-02 21:00:15,0.21071,0.21071
2019-03-02 21:00:45,0.050289,0.050289
2019-03-02 22:00:15,0.018376,0.018376
2019-03-02 22:00:45,-0.007795,-0.007795
2019-03-02 23:00:15,-0.01888,-0.01888
2019-03-02 23:00:45,0.010374,0.010374
2019-03-03 00:00:15,0.039064,0.039064
2019-03-03 00:00:45,0.22026,0.22026
2019-03-03 01:00:15,-0.011889,-0.011889
2019-03-03 01:00:45,0.053369,0.053369
2019-03-03 02:00:15,0.15318,0.15318
2019-03-03 02:00:45,0.077097,0.077097
2019-03-03 03:00:15,-0.12503,-0.12503
2019-03-03 03:00:45,-0.090509,-0.090509
2019-03-03 04:00:15,-0.03152,-0.03152
2019-03-03 04:00:45,0.085275,0.085275
2019-03-03 05:00:15,0.024529,0.024529
2019-03-03 05:00:45,0.041083,0.041083
2019-03-03 06:00:15,-0.063502,-0.063502
2019-03-03 06:00:45,-0.072911,-0.072911
2019-03-03 07:00:15,-0.062328,-0.062328
2019-03-03 07:00:45,-0.16854,-0.16854
2019-03-03 08:00:15,-0.17654,-0.17654
2019-03-03 08:00:45,0.012881,0.012881
2019-03-03 09:00:15,0.17986,0.17986
2019-03-03 09:00:45,0.3677,0.3677
2019-03-03 10:00:15,0.12845,0.12845
2019-03-03 10:00:45,-0.18619,-0.18619
2019-03-03 11:00:15,-0.39648,-0.39648
2019-03-03 11:00:45,0.068164,0.068164
2019-03-03 12:00:15,-0.51363,-0.51363
2019-03-03 12:00:45,-0.55747,-0.55747
2019-03-03 13:00:15,-1.3675,-1.3675
2019-03-03 13:00:45,-1.4208,-1.4208
2019-03-03 14:00:15,-0.15137,-0.15137
2019-03-03 14:00:45,-1.1299,-1.1299
2019-03-03 15:00:15,-0.022211,-0.022211
2019-03-03 15:00:45,-0.55966,-0.55966
2019-03-03 16:00:15,0.55252,0.55252
2019-03-03 16:00:45,-0.078828,-0.078828
2019-03-03 17:00:15,-0.13902,-0.13902
2019-03-03 17:00:45,0.08727,0.08727
2019-03-03 18:00:15,0.39776,0.39776
2019-03-03 18:00:45,0.13665,0.13665
2019-03-03 19:00:15,-0.006899,-0.006899
2019-03-03 19:00:45,0.13383,0.13383
2019-03-03 20:00:15,0.018752,0.018752
2019-03-03 20:00:45,0.037474,0.037474
2019-03-03 21:00:15,-0.073365,-0.073365
2019-03-03 21:00:45,,0.015847074999999988
2019-03-03 22:00:15,0.099536,0.099536
2019-03-03 22:00:45,-0.078501,-0.078501
2019-03-03 23:00:15,,0.15860289749999998
2019-03-03 23:00:45,,0.0262586225
2019-03-04 00:00:15,-0.11517,-0.11517
2019-03-04 00:00:45,-0.12616,-0.12616
2019-03-04 01:00:15,0.003592,0.003592
2019-03-04 01:00:45,-0.066965,-0.066965
2019-03-04 02:00:15,-0.060345,-0.060345
2019-03-04 02:00:45,-0.13122,-0.13122
2019-03-04 03:00:15,-0.096522,-0.096522
2019-03-04 03:00:45,-0.12625,-0.12625
2019-03-04 04:00:15,,-0.03940410249999998
2019-03-04 04:00:45,0.25587,0.25587
2019-03-04 05:00:15,-0.16579,-0.16579
2019-03-04 05:00:45,,-0.0710714075
2019-03-04 06:00:15,,-0.0164206475
2019-03-04 06:00:45,-0.089672,-0.089672
2019-03-04 07:00:15,-0.12012,-0.12012
2019-03-04 07:00:45,,-0.378063555
2019-03-04 08:00:15,-0.24819,-0.24819
2019-03-04 08:00:45,-0.94807,-0.94807
2019-03-04 09:00:15,-0.018104,-0.018104
2019-03-04 09:00:45,0.52724,0.52724
2019-03-04 10:00:15,-0.29042,-0.29042
2019-03-04 10:00:45,-0.2892,-0.2892
2019-03-04 11:00:15,-0.15537,-0.15537
2019-03-04 11:00:45,-0.60153,-0.60153
2019-03-04 12:00:15,-0.09552,-0.09552
2019-03-04 12:00:45,-0.24281,-0.24281
2019-03-04 13:00:15,-0.17426,-0.17426
2019-03-04 13:00:45,-0.61455,-0.61455
2019-03-04 14:00:15,-0.62466,-0.62466
2019-03-04 14:00:45,-0.34498,-0.34498
2019-03-04 15:00:15,0.032745,0.032745
2019-03-04 15:00:45,-0.055839,-0.055839
2019-03-04 16:00:15,-0.32862,-0.32862
2019-03-04 16:00:45,-0.18685,-0.18685
2019-03-04 17:00:15,0.16713,0.16713
2019-03-04 17:00:45,-0.12999,-0.12999
2019-03-04 18:00:15,-0.072616,-0.072616
2019-03-04 18:00:45,-0.073409,-0.073409
2019-03-04 19:00:15,-0.062364,-0.062364
2019-03-04 19:00:45,0.006609,0.006609
2019-03-04 20:00:15,-0.052625,-0.052625
2019-03-04 20:00:45,0.006479,0.006479
2019-03-04 21:00:15,0.049102,0.049102
2019-03-04 21:00:45,-0.096769,-0.096769
2019-03-04 22:00:15,0.18248,0.18248
2019-03-04 22:00:45,-0.06266,-0.06266
2019-03-04 23:00:15,-0.15177,-0.15177
2019-03-04 23:00:45,-0.016572,-0.016572
2019-03-05 00:00:15,-0.040827,-0.040827
2019-03-05 00:00:45,0.059624,0.059624
2019-03-05 01:00:15,-0.057129,-0.057129
2019-03-05 01:00:45,-0.006647,-0.006647
2019-03-05 02:00:15,-0.026656,-0.026656
2019-03-05 02:00:45,,-0.020680897500000003
2019-03-05 03:00:15,0.023676,0.023676
2019-03-05 03:00:45,,-0.007435692499999998
2019-03-05 04:00:15,0.20778,0.20778
2019-03-05 04:00:45,,-0.016692645000000002
2019-03-05 05:00:15,0.001473,0.001473
2019-03-05 05:00:45,0.015992,0.015992
2019-03-05 06:00:15,0.053797,0.053797
2019-03-05 06:00:45,0.00553,0.00553
2019-03-05 07:00:15,-0.5581,-0.5581
2019-03-05 07:00:45,-0.57117,-0.57117
2019-03-05 08:00:15,-0.50716,-0.50716
2019-03-05 08:00:45,0.33012,0.33012
2019-03-05 09:00:15,-0.52143,-0.52143
2019-03-05 09:00:45,-0.4303,-0.4303
2019-03-05 10:00:15,-0.10848,-0.10848
2019-03-05 10:00:45,-0.76572,-0.76572
2019-03-05 11:00:15,-1.1687,-1.1687
2019-03-05 11:00:45,-0.78992,-0.78992
2019-03-05 12:00:15,-0.86197,-0.86197
2019-03-05 12:00:45,-0.28154,-0.28154
2019-03-05 13:00:15,,-0.9420493099999998
2019-03-05 13:00:45,-0.55014,-0.55014
2019-03-05 14:00:15,-1.2003,-1.2003
2019-03-05 14:00:45,-0.39045,-0.39045
2019-03-05 15:00:15,-0.71343,-0.71343
2019-03-05 15:00:45,-0.55467,-0.55467
2019-03-05 16:00:15,-0.4284,-0.4284
2019-03-05 16:00:45,-0.18123,-0.18123
2019-03-05 17:00:15,-0.084677,-0.084677
2019-03-05 17:00:45,0.063343,0.063343
2019-03-05 18:00:15,0.068351,0.068351
2019-03-05 18:00:45,0.014081,0.014081
2019-03-05 19:00:15,0.016395,0.016395
2019-03-05 19:00:45,0.18909,0.18909
2019-03-05 20:00:15,0.047556,0.047556
2019-03-05 20:00:45,-0.056609,-0.056609
2019-03-05 21:00:15,-0.075872,-0.075872
2019-03-05 21:00:45,0.10621,0.10621
2019-03-05 22:00:15,0.30571,0.30571
2019-03-05 22:00:45,0.24478,0.24478
2019-03-05 23:00:15,0.2101,0.2101
2019-03-05 23:00:45,0.37239,0.37239
2019-03-06 00:00:15,0.35828,0.35828
2019-03-06 00:00:45,0.26749,0.26749
2019-03-06 01:00:15,0.14509,0.14509
2019-03-06 01:00:45,-0.023537,-0.023537
2019-03-06 02:00:15,-0.016361,-0.016361
2019-03-06 02:00:45,-0.078764,-0.078764
2019-03-06 03:00:15,-0.002508,-0.002508
2019-03-06 03:00:45,-0.010695,-0.010695
2019-03-06 04:00:15,-0.11034,-0.11034
2019-03-06 04:00:45,-0.11905,-0.11905
2019-03-06 05:00:15,0.034527,0.034527
2019-03-06 05:00:45,-0.083174,-0.083174
2019-03-06 06:00:15,0.00928,0.00928
2019-03-06 06:00:45,-0.055978,-0.055978
2019-03-06 07:00:15,-0.26756,-0.26756
2019-03-06 07:00:45,0.44107,0.44107
2019-03-06 08:00:15,-0.17363,-0.17363
2019-03-06 08:00:45,-0.1372,-0.1372
2019-03-06 09:00:15,-0.69579,-0.69579
2019-03-06 09:00:45,-0.32006,-0.32006
2019-03-06 10:00:15,-0.27762,-0.27762
2019-03-06 10:00:45,-0.46349,-0.46349
2019-03-06 11:00:15,-0.59927,-0.59927
2019-03-06 11:00:45,-0.77539,-0.77539
2019-03-06 12:00:15,-0.56781,-0.56781
2019-03-06 12:00:45,-0.74059,-0.74059
2019-03-06 13:00:15,-0.81655,-0.81655
2019-03-06 13:00:45,-0.78369,-0.78369
2019-03-06 14:00:15,-0.38172,-0.38172
2019-03-06 14:00:45,-0.2776,-0.2776
2019-03-06 15:00:15,-0.28756,-0.28756
2019-03-06 15:00:45,0.33754,0.33754
2019-03-06 16:00:15,0.90411,0.90411
2019-03-06 16:00:45,1.0573,1.0573
2019-03-06 17:00:15,0.98799,0.98799
2019-03-06 17:00:45,0.87266,0.87266
2019-03-06 18:00:15,0.99427,0.99427
2019-03-06 18:00:45,0.94192,0.94192
2019-03-06 19:00:15,0.76059,0.76059
2019-03-06 19:00:45,0.35302,0.35302
2019-03-06 20:00:15,0.14514,0.14514
2019-03-06 20:00:45,0.27374,0.27374
2019-03-06 21:00:15,0.19921,0.19921
2019-03-06 21:00:45,0.16039,0.16039
2019-03-06 22:00:15,0.24962,0.24962
2019-03-06 22:00:45,0.044806,0.044806
2019-03-06 23:00:15,0.072559,0.072559
2019-03-06 23:00:45,0.19308,0.19308
2019-03-07 00:00:15,0.073551,0.073551
2019-03-07 00:00:45,0.11341,0.11341
2019-03-07 01:00:15,0.23752,0.23752
2019-03-07 01:00:45,0.032177,0.032177
2019-03-07 02:00:15,0.22035,0.22035
2019-03-07 02:00:45,-0.12696,-0.12696
2019-03-07 03:00:15,-0.052443,-0.052443
2019-03-07 03:00:45,0.059281,0.059281
2019-03-07 04:00:15,-0.046668,-0.046668
2019-03-07 04:00:45,-0.033063,-0.033063
2019-03-07 05:00:15,0.057545,0.057545
2019-03-07 05:00:45,-0.094462,-0.094462
2019-03-07 06:00:15,-0.023889,-0.023889
2019-03-07 06:00:45,-0.045884,-0.045884
2019-03-07 07:00:15,-0.18363,-0.18363
2019-03-07 07:00:45,-0.13266,-0.13266
2019-03-07 08:00:15,-0.12221,-0.12221
2019-03-07 08:00:45,-0.14065,-0.14065
2019-03-07 09:00:15,-0.12057,-0.12057
2019-03-07 09:00:45,-0.01497,-0.01497
2019-03-07 10:00:15,-0.051186,-0.051186
2019-03-07 10:00:45,-0.050879,-0.050879
2019-03-07 11:00:15,-0.31902,-0.31902
2019-03-07 11:00:45,0.12941,0.12941
2019-03-07 12:00:15,-0.2197,-0.2197
2019-03-07 12:00:45,-0.44397,-0.44397
2019-03-07 13:00:15,0.2218,0.2218
2019-03-07 13:00:45,,1.387599335
2019-03-07 14:00:15,,2.8230868749999996
2019-03-07 14:00:45,3.2506,3.2506
2019-03-07 15:00:15,3.2842,3.2842
2019-03-07 15:00:45,2.5083,2.5083
2019-03-07 16:00:15,,2.458126149999999
2019-03-07 16:00:45,2.7411,2.7411
2019-03-07 17:00:15,1.6973,1.6973
2019-03-07 17:00:45,1.1693,1.1693
2019-03-07 18:00:15,0.81786,0.81786
2019-03-07 18:00:45,0.66252,0.66252
2019-03-07 19:00:15,0.19166,0.19166
2019-03-07 19:00:45,0.17272,0.17272
2019-03-07 20:00:15,0.27848,0.27848
2019-03-07 20:00:45,0.43416,0.43416
2019-03-07 21:00:15,0.4754,0.4754
2019-03-07 21:00:45,-0.03194,-0.03194
2019-03-07 22:00:15,0.024951,0.024951
2019-03-07 22:00:45,-0.002137,-0.002137
2019-03-07 23:00:15,0.051738,0.051738
2019-03-07 23:00:45,0.070687,0.070687
2019-03-08 00:00:15,-0.050751,-0.050751
2019-03-08 00:00:45,0.17311,0.17311
2019-03-08 01:00:15,0.10342,0.10342
2019-03-08 01:00:45,0.042715,0.042715
2019-03-08 02:00:15,-0.008535,-0.008535
2019-03-08 02:00:45,0.18952,0.18952
2019-03-08 03:00:15,,0.028382639999999994
2019-03-08 03:00:45,-0.004811,-0.004811
2019-03-08 04:00:15,-0.087754,-0.087754
2019-03-08 04:00:45,0.000441,0.000441
2019-03-08 05:00:15,-0.15174,-0.15174
2019-03-08 05:00:45,-0.067489,-0.067489
2019-03-08 06:00:15,-0.001643,-0.001643
2019-03-08 06:00:45,-0.025444,-0.025444
2019-03-08 07:00:15,-0.1069,-0.1069
2019-03-08 07:00:45,-0.22653,-0.22653
2019-03-08 08:00:15,-0.36535,-0.36535
2019-03-08 08:00:45,-0.25805,-0.25805
2019-03-08 09:00:15,-0.28479,-0.28479
2019-03-08 09:00:45,-0.25977,-0.25977
2019-03-08 10:00:15,0.25252,0.25252
2019-03-08 10:00:45,0.22699,0.22699
2019-03-08 11:00:15,0.26145,0.26145
2019-03-08 11:00:45,0.50626,0.50626
2019-03-08 12:00:15,0.5915,0.5915
2019-03-08 12:00:45,0.97829,0.97829
2019-03-08 13:00:15,1.1752,1.1752
2019-03-08 13:00:45,1.7749,1.7749
2019-03-08 14:00:15,2.0604,2.0604
2019-03-08 14:00:45,2.7363,2.7363
2019-03-08 15:00:15,1.8453,1.8453
2019-03-08 15:00:45,1.9611,1.9611
2019-03-08 16:00:15,2.2535,2.2535
2019-03-08 16:00:45,2.1749,2.1749
2019-03-08 17:00:15,0.85589,0.85589
2019-03-08 17:00:45,2.0101,2.0101
2019-03-08 18:00:15,1.0042,1.0042
2019-03-08 18:00:45,1.7286,1.7286
2019-03-08 19:00:15,2.6732,2.6732
2019-03-08 19:00:45,,1.785426549999999
2019-03-08 20:00:15,,1.6702197324999999
2019-03-08 20:00:45,1.6049,1.6049
2019-03-08 21:00:15,0.9929,0.9929
2019-03-08 21:00:45,0.43551,0.43551
2019-03-08 22:00:15,1.5185,1.5185
2019-03-08 22:00:45,2.6356,2.6356
2019-03-08 23:00:15,1.1245,1.1245
2019-03-08 23:00:45,0.83925,0.83925
2019-03-09 00:00:15,0.94199,0.94199
2019-03-09 00:00:45,1.0721,1.0721
2019-03-09 01:00:15,0.52797,0.52797
2019-03-09 01:00:45,0.30824,0.30824
2019-03-09 02:00:15,0.28391,0.28391
2019-03-09 02:00:45,0.19278,0.19278
2019-03-09 03:00:15,0.32816,0.32816
2019-03-09 03:00:45,0.10177,0.10177
2019-03-09 04:00:15,0.047713,0.047713
2019-03-09 04:00:45,0.19473,0.19473
2019-03-09 05:00:15,0.44519,0.44519
2019-03-09 05:00:45,0.32441,0.32441
2019-03-09 06:00:15,0.32959,0.32959
2019-03-09 06:00:45,-0.018153,-0.018153
2019-03-09 07:00:15,-0.15128,-0.15128
2019-03-09 07:00:45,-0.34824,-0.34824
2019-03-09 08:00:15,-0.29661,-0.29661
2019-03-09 08:00:45,-0.42162,-0.42162
2019-03-09 09:00:15,-0.60362,-0.60362
2019-03-09 09:00:45,-0.76217,-0.76217
2019-03-09 10:00:15,-0.18262,-0.18262
2019-03-09 10:00:45,-0.19845,-0.19845
2019-03-09 11:00:15,-0.57411,-0.57411
2019-03-09 11:00:45,-0.36687,-0.36687
2019-03-09 12:00:15,-0.98265,-0.98265
2019-03-09 12:00:45,-0.29181,-0.29181
2019-03-09 13:00:15,-1.2229,-1.2229
2019-03-09 13:00:45,-0.070861,-0.070861
2019-03-09 14:00:15,0.30123,0.30123
2019-03-09 14:00:45,-0.54213,-0.54213
2019-03-09 15:00:15,-0.72399,-0.72399
2019-03-09 15:00:45,-0.96068,-0.96068
2019-03-09 16:00:15,-0.75811,-0.75811
2019-03-09 16:00:45,-0.47287,-0.47287
2019-03-09 17:00:15,-0.091458,-0.091458
2019-03-09 17:00:45,0.077445,0.077445
2019-03-09 18:00:15,0.16335,0.16335
2019-03-09 18:00:45,0.3043,0.3043
2019-03-09 19:00:15,0.40441,0.40441
2019-03-09 19:00:45,0.4822,0.4822
2019-03-09 20:00:15,0.40167,0.40167
2019-03-09 20:00:45,0.10198,0.10198
2019-03-09 21:00:15,-0.000133,-0.000133
2019-03-09 21:00:45,0.10848,0.10848
2019-03-09 22:00:15,0.005864,0.005864
2019-03-09 22:00:45,-0.021272,-0.021272
2019-03-09 23:00:15,0.10666,0.10666
2019-03-09 23:00:45,-0.004414,-0.004414
2019-03-10 00:00:15,-0.041617,-0.041617
2019-03-10 00:00:45,-0.067454,-0.067454
2019-03-10 01:00:15,-0.083853,-0.083853
2019-03-10 01:00:45,-0.071863,-0.071863
2019-03-10 02:00:15,-0.005734,-0.005734
2019-03-10 02:00:45,-0.061811,-0.061811
2019-03-10 03:00:15,0.065037,0.065037
2019-03-10 03:00:45,-0.14858,-0.14858
2019-03-10 04:00:15,-0.097519,-0.097519
2019-03-10 04:00:45,-0.076091,-0.076091
2019-03-10 05:00:15,-0.0225,-0.0225
2019-03-10 05:00:45,-0.014082,-0.014082
2019-03-10 06:00:15,,-0.0018826374999999988
2019-03-10 06:00:45,-0.36969,-0.36969
2019-03-10 07:00:15,-0.21293,-0.21293
2019-03-10 07:00:45,-0.19512,-0.19512
2019-03-10 08:00:15,-0.42352,-0.42352
2019-03-10 08:00:45,,-0.6046903675
2019-03-10 09:00:15,-1.158,-1.158
2019-03-10 09:00:45,-0.40818,-0.40818
2019-03-10 10:00:15,0.34501,0.34501
2019-03-10 10:00:45,-1.0074,-1.0074
2019-03-10 11:00:15,0.35471,0.35471
2019-03-10 11:00:45,-0.28567,-0.28567
2019-03-10 12:00:15,-0.48471,-0.48471
2019-03-10 12:00:45,-0.54076,-0.54076
2019-03-10 13:00:15,-0.46322,-0.46322
2019-03-10 13:00:45,-0.49939,-0.49939
2019-03-10 14:00:15,-0.41852,-0.41852
2019-03-10 14:00:45,-0.42172,-0.42172
2019-03-10 15:00:15,-0.28812,-0.28812
2019-03-10 15:00:45,-0.013825,-0.013825
2019-03-10 16:00:15,0.028905,0.028905
2019-03-10 16:00:45,0.38607,0.38607
2019-03-10 17:00:15,0.66836,0.66836
2019-03-10 17:00:45,0.68905,0.68905
2019-03-10 18:00:15,0.71176,0.71176
2019-03-10 18:00:45,0.56313,0.56313
2019-03-10 19:00:15,0.39248,0.39248
2019-03-10 19:00:45,0.80318,0.80318
2019-03-10 20:00:15,0.65957,0.65957
2019-03-10 20:00:45,0.63717,0.63717
2019-03-10 21:00:15,0.47906,0.47906
2019-03-10 21:00:45,0.45755,0.45755
2019-03-10 22:00:15,0.21038,0.21038
2019-03-10 22:00:45,-0.068055,-0.068055
2019-03-10 23:00:15,-0.063069,-0.063069
2019-03-10 23:00:45,0.12844,0.12844
2019-03-11 00:00:15,0.06132,0.06132
2019-03-11 00:00:45,-0.063897,-0.063897
2019-03-11 01:00:15,0.074218,0.074218
2019-03-11 01:00:45,0.087535,0.087535
2019-03-11 02:00:15,0.015457,0.015457
2019-03-11 02:00:45,0.016623,0.016623
2019-03-11 03:00:15,0.037889,0.037889
2019-03-11 03:00:45,0.10753,0.10753
2019-03-11 04:00:15,0.080084,0.080084
2019-03-11 04:00:45,0.065803,0.065803
2019-03-11 05:00:15,0.053977,0.053977
2019-03-11 05:00:45,0.18089,0.18089
2019-03-11 06:00:15,,0.45097801
2019-03-11 06:00:45,,-0.04882188
2019-03-11 07:00:15,,-0.4504676825
2019-03-11 07:00:45,,-0.07531090499999998
2019-03-11 08:00:15,,-0.0365842475
2019-03-11 08:00:45,,-1.0897234700000002
2019-03-11 09:00:15,-2.5759,-2.5759
2019-03-11 09:00:45,-0.35948,-0.35948
2019-03-11 10:00:15,-0.41086,-0.41086
2019-03-11 10:00:45,,-0.3672423825000001
2019-03-11 11:00:15,-0.64547,-0.64547
2019-03-11 11:00:45,,-0.5379686050000001
2019-03-11 12:00:15,-0.78886,-0.78886
2019-03-11 12:00:45,0.19233,0.19233
2019-03-11 13:00:15,-0.7528,-0.7528
2019-03-11 13:00:45,-0.48729,-0.48729
2019-03-11 14:00:15,-0.33954,-0.33954
2019-03-11 14:00:45,-0.46788,-0.46788
2019-03-11 15:00:15,-0.19647,-0.19647
2019-03-11 15:00:45,-0.25438,-0.25438
2019-03-11 16:00:15,,0.6093400175
2019-03-11 16:00:45,2.632,2.632
2019-03-11 17:00:15,,0.07623888000000001
2019-03-11 17:00:45,0.29682,0.29682
2019-03-11 18:00:15,0.3391,0.3391
2019-03-11 18:00:45,0.25115,0.25115
2019-03-11 19:00:15,1.6616,1.6616
2019-03-11 19:00:45,,1.0322458024999999
2019-03-11 20:00:15,,0.5529600875000003
2019-03-11 20:00:45,,0.5750011725
2019-03-11 21:00:15,,0.6411073575
2019-03-11 21:00:45,,0.6257575925000001
2019-03-11 22:00:15,,0.39301297500000004
2019-03-11 22:00:45,,0.36210722
2019-03-11 23:00:15,,0.6275680874999999
2019-03-11 23:00:45,0.094666,0.094666
2019-03-12 00:00:15,0.42029,0.42029
2019-03-12 00:00:45,0.18175,0.18175
2019-03-12 01:00:15,0.079378,0.079378
2019-03-12 01:00:45,0.48826,0.48826
2019-03-12 02:00:15,0.075299,0.075299
2019-03-12 02:00:45,0.432,0.432
2019-03-12 03:00:15,,0.19333500750000002
2019-03-12 03:00:45,,0.8467047624999999
2019-03-12 04:00:15,0.43229,0.43229
2019-03-12 04:00:45,,0.7244176900000001
2019-03-12 05:00:15,3.0897,3.0897
2019-03-12 05:00:45,,0.9323926299999998
2019-03-12 06:00:15,1.0925,1.0925
2019-03-12 06:00:45,0.67906,0.67906
2019-03-12 07:00:15,0.43495,0.43495
2019-03-12 07:00:45,-0.89353,-0.89353
2019-03-12 08:00:15,-0.31548,-0.31548
2019-03-12 08:00:45,-0.22641,-0.22641
2019-03-12 09:00:15,0.18962,0.18962
2019-03-12 09:00:45,-0.29452,-0.29452
2019-03-12 10:00:15,-0.16576,-0.16576
2019-03-12 10:00:45,-0.41762,-0.41762
2019-03-12 11:00:15,-0.16961,-0.16961
2019-03-12 11:00:45,,0.1058490475
2019-03-12 12:00:15,-1.6444,-1.6444
2019-03-12 12:00:45,,0.3330503075
2019-03-12 13:00:15,,-0.06143869250000002
2019-03-12 13:00:45,,0.256721145
2019-03-12 14:00:15,,0.7552670975000002
2019-03-12 14:00:45,2.9444,2.9444
2019-03-12 15:00:15,0.011069,0.011069
2019-03-12 15:00:45,,0.5935872099999998
2019-03-12 16:00:15,,0.5951701425
2019-03-12 16:00:45,,0.22511993
2019-03-12 17:00:15,,0.14002013749999997
2019-03-12 17:00:45,,0.15433761250000008
2019-03-12 18:00:15,,0.16594276999999996
2019-03-12 18:00:45,,0.30225156250000007
2019-03-12 19:00:15,,0.6896526950000001
2019-03-12 19:00:45,,0.4494496525
2019-03-12 20:00:15,,0.54947544
2019-03-12 20:00:45,,0.5030908575
2019-03-12 21:00:15,,0.9873295200000004
2019-03-12 21:00:45,,0.7570130450000004
2019-03-12 22:00:15,,0.5711138700000002
2019-03-12 22:00:45,,0.5984737225000002
2019-03-12 23:00:15,,0.7503368850000002
2019-03-12 23:00:45,0.63226,0.63226
2019-03-13 00:00:15,0.63216,0.63216
2019-03-13 00:00:45,0.53061,0.53061
2019-03-13 01:00:15,0.19694,0.19694
2019-03-13 01:00:45,0.10787,0.10787
2019-03-13 02:00:15,0.25047,0.25047
2019-03-13 02:00:45,0.43159,0.43159
2019-03-13 03:00:15,0.58279,0.58279
2019-03-13 03:00:45,0.53283,0.53283
2019-03-13 04:00:15,0.89691,0.89691
2019-03-13 04:00:45,0.82344,0.82344
2019-03-13 05:00:15,1.2565,1.2565
2019-03-13 05:00:45,1.2468,1.2468
2019-03-13 06:00:15,0.66483,0.66483
2019-03-13 06:00:45,0.46375,0.46375
2019-03-13 07:00:15,0.55728,0.55728
2019-03-13 07:00:45,1.5624,1.5624
2019-03-13 08:00:15,0.39581,0.39581
2019-03-13 08:00:45,1.3474,1.3474
2019-03-13 09:00:15,1.3676,1.3676
2019-03-13 09:00:45,1.9175,1.9175
2019-03-13 10:00:15,0.95128,0.95128
2019-03-13 10:00:45,0.36687,0.36687
2019-03-13 11:00:15,0.87593,0.87593
2019-03-13 11:00:45,-2.1735,-2.1735
2019-03-13 12:00:15,1.7627,1.7627
2019-03-13 12:00:45,0.98027,0.98027
2019-03-13 13:00:15,2.21,2.21
2019-03-13 13:00:45,1.7377,1.7377
2019-03-13 14:00:15,1.2546,1.2546
2019-03-13 14:00:45,2.7691,2.7691
2019-03-13 15:00:15,,2.1009338250000003
2019-03-13 15:00:45,,2.1128499750000005
2019-03-13 16:00:15,2.6351,2.6351
2019-03-13 16:00:45,1.9328,1.9328
2019-03-13 17:00:15,3.0047,3.0047
2019-03-13 17:00:45,2.5835,2.5835
2019-03-13 18:00:15,1.9981,1.9981
2019-03-13 18:00:45,1.1539,1.1539
2019-03-13 19:00:15,1.1878,1.1878
2019-03-13 19:00:45,0.64413,0.64413
2019-03-13 20:00:15,0.77117,0.77117
2019-03-13 20:00:45,0.59994,0.59994
2019-03-13 21:00:15,0.71528,0.71528
2019-03-13 21:00:45,0.76675,0.76675
2019-03-13 22:00:15,0.79807,0.79807
2019-03-13 22:00:45,0.77022,0.77022
2019-03-13 23:00:15,0.54609,0.54609
2019-03-13 23:00:45,0.83792,0.83792
2019-03-14 00:00:15,0.57833,0.57833
2019-03-14 00:00:45,0.19844,0.19844
2019-03-14 01:00:15,0.19747,0.19747
2019-03-14 01:00:45,0.32871,0.32871
2019-03-14 02:00:15,-0.14076,-0.14076
2019-03-14 02:00:45,-0.066171,-0.066171
2019-03-14 03:00:15,-0.004659,-0.004659
2019-03-14 03:00:45,0.064121,0.064121
2019-03-14 04:00:15,0.11997,0.11997
2019-03-14 04:00:45,0.072626,0.072626
2019-03-14 05:00:15,0.052881,0.052881
2019-03-14 05:00:45,0.39784,0.39784
2019-03-14 06:00:15,0.39718,0.39718
2019-03-14 06:00:45,-0.015758,-0.015758
2019-03-14 07:00:15,0.16499,0.16499
2019-03-14 07:00:45,-0.22266,-0.22266
2019-03-14 08:00:15,-0.19916,-0.19916
2019-03-14 08:00:45,-0.22406,-0.22406
2019-03-14 09:00:15,-0.60035,-0.60035
2019-03-14 09:00:45,0.1492,0.1492
2019-03-14 10:00:15,-0.2292,-0.2292
2019-03-14 10:00:45,-0.43811,-0.43811
2019-03-14 11:00:15,0.27375,0.27375
2019-03-14 11:00:45,-0.11858,-0.11858
2019-03-14 12:00:15,-0.16449,-0.16449
2019-03-14 12:00:45,-0.23038,-0.23038
2019-03-14 13:00:15,-0.84434,-0.84434
2019-03-14 13:00:45,-0.81088,-0.81088
2019-03-14 14:00:15,-1.0982,-1.0982
2019-03-14 14:00:45,-0.36219,-0.36219
2019-03-14 15:00:15,-0.49822,-0.49822
2019-03-14 15:00:45,0.13629,0.13629
2019-03-14 16:00:15,0.11607,0.11607
2019-03-14 16:00:45,-0.04435,-0.04435
2019-03-14 17:00:15,0.042359,0.042359
2019-03-14 17:00:45,-0.049312,-0.049312
2019-03-14 18:00:15,-0.079735,-0.079735
2019-03-14 18:00:45,-0.095568,-0.095568
2019-03-14 19:00:15,-0.092055,-0.092055
2019-03-14 19:00:45,-0.0341,-0.0341
2019-03-14 20:00:15,-0.052779,-0.052779
2019-03-14 20:00:45,-0.09941,-0.09941
2019-03-14 21:00:15,-0.18476,-0.18476
2019-03-14 21:00:45,-0.18462,-0.18462
2019-03-14 22:00:15,-0.14189,-0.14189
2019-03-14 22:00:45,,-0.087869255
2019-03-14 23:00:15,,-0.11866032250000001
2019-03-14 23:00:45,,-0.12169927250000002
2019-03-15 00:00:15,,-0.11418077749999998
2019-03-15 00:00:45,,-0.1004505125
2019-03-15 01:00:15,,-0.023923285000000002
2019-03-15 01:00:45,,-0.015185742500000002
2019-03-15 02:00:15,,0.0018606500000000019
2019-03-15 02:00:45,,-0.001149604999999997
2019-03-15 03:00:15,,-0.019952154999999996
2019-03-15 03:00:45,,-0.11324003750000003
2019-03-15 04:00:15,-0.12631,-0.12631
2019-03-15 04:00:45,,-0.055394137499999996
2019-03-15 05:00:15,0.21149,0.21149
2019-03-15 05:00:45,0.31702,0.31702
2019-03-15 06:00:15,0.37049,0.37049
2019-03-15 06:00:45,0.32818,0.32818
2019-03-15 07:00:15,-0.28072,-0.28072
2019-03-15 07:00:45,-0.35761,-0.35761
2019-03-15 08:00:15,-0.74551,-0.74551
2019-03-15 08:00:45,-1.0905,-1.0905
2019-03-15 09:00:15,-0.574,-0.574
2019-03-15 09:00:45,-0.56486,-0.56486
2019-03-15 10:00:15,-0.56978,-0.56978
2019-03-15 10:00:45,-0.024692,-0.024692
2019-03-15 11:00:15,-0.38691,-0.38691
2019-03-15 11:00:45,-0.49759,-0.49759
2019-03-15 12:00:15,-1.0092,-1.0092
2019-03-15 12:00:45,-0.84973,-0.84973
2019-03-15 13:00:15,-0.54894,-0.54894
2019-03-15 13:00:45,-0.67743,-0.67743
2019-03-15 14:00:15,0.29913,0.29913
2019-03-15 14:00:45,-0.52047,-0.52047
2019-03-15 15:00:15,-0.88244,-0.88244
2019-03-15 15:00:45,-0.62192,-0.62192
2019-03-15 16:00:15,-0.57891,-0.57891
2019-03-15 16:00:45,-0.33377,-0.33377
2019-03-15 17:00:15,-0.14595,-0.14595
2019-03-15 17:00:45,-0.033934,-0.033934
2019-03-15 18:00:15,,0.1301258675
2019-03-15 18:00:45,-0.09695,-0.09695
2019-03-15 19:00:15,-0.12959,-0.12959
2019-03-15 19:00:45,,-0.060210125
2019-03-15 20:00:15,,-0.010538832499999998
2019-03-15 20:00:45,,0.00847416500000001
2019-03-15 21:00:15,,0.07575482750000001
2019-03-15 21:00:45,,0.12203844499999998
2019-03-15 22:00:15,,0.09399947249999999
2019-03-15 22:00:45,,0.1020846675
2019-03-15 23:00:15,,0.018966285
2019-03-15 23:00:45,,0.08148622249999998
2019-03-16 00:00:15,,-0.027892372500000005
2019-03-16 00:00:45,-0.18004,-0.18004
2019-03-16 01:00:15,-0.11586,-0.11586
2019-03-16 01:00:45,-0.14728,-0.14728
2019-03-16 02:00:15,-0.096653,-0.096653
2019-03-16 02:00:45,-0.11005,-0.11005
2019-03-16 03:00:15,-0.18108,-0.18108
2019-03-16 03:00:45,-0.16739,-0.16739
2019-03-16 04:00:15,-0.12365,-0.12365
2019-03-16 04:00:45,0.015518,0.015518
2019-03-16 05:00:15,-0.15135,-0.15135
2019-03-16 05:00:45,-0.056068,-0.056068
2019-03-16 06:00:15,,-0.08939680499999997
2019-03-16 06:00:45,-0.21436,-0.21436
2019-03-16 07:00:15,-0.51115,-0.51115
2019-03-16 07:00:45,-0.51805,-0.51805
2019-03-16 08:00:15,-0.34263,-0.34263
2019-03-16 08:00:45,0.22796,0.22796
2019-03-16 09:00:15,-0.15943,-0.15943
2019-03-16 09:00:45,-0.64692,-0.64692
2019-03-16 10:00:15,-0.64187,-0.64187
2019-03-16 10:00:45,-0.63955,-0.63955
2019-03-16 11:00:15,-0.47491,-0.47491
2019-03-16 11:00:45,-0.42157,-0.42157
2019-03-16 12:00:15,-0.25994,-0.25994
2019-03-16 12:00:45,-0.84298,-0.84298
2019-03-16 13:00:15,-1.0237,-1.0237
2019-03-16 13:00:45,-0.92392,-0.92392
2019-03-16 14:00:15,-0.48732,-0.48732
2019-03-16 14:00:45,-0.79354,-0.79354
2019-03-16 15:00:15,-0.64444,-0.64444
2019-03-16 15:00:45,-0.81932,-0.81932
2019-03-16 16:00:15,-0.56631,-0.56631
2019-03-16 16:00:45,-0.56643,-0.56643
2019-03-16 17:00:15,-0.46545,-0.46545
2019-03-16 17:00:45,-0.21178,-0.21178
2019-03-16 18:00:15,0.002387,0.002387
2019-03-16 18:00:45,0.067337,0.067337
2019-03-16 19:00:15,0.060351,0.060351
2019-03-16 19:00:45,-0.003707,-0.003707
2019-03-16 20:00:15,-0.071588,-0.071588
2019-03-16 20:00:45,,-0.032939890000000006
2019-03-16 21:00:15,,-0.039522882499999995
2019-03-16 21:00:45,,-0.037525257500000006
2019-03-16 22:00:15,-0.1625,-0.1625
2019-03-16 22:00:45,,-0.10901466499999998
2019-03-16 23:00:15,,-0.1179876725
2019-03-16 23:00:45,-0.19759,-0.19759
2019-03-17 00:00:15,-0.035431,-0.035431
2019-03-17 00:00:45,-0.12953,-0.12953
2019-03-17 01:00:15,-0.084245,-0.084245
2019-03-17 01:00:45,0.01797,0.01797
2019-03-17 02:00:15,-0.1419,-0.1419
2019-03-17 02:00:45,-0.097049,-0.097049
2019-03-17 03:00:15,-0.026389,-0.026389
2019-03-17 03:00:45,-0.052805,-0.052805
2019-03-17 04:00:15,,0.06693554750000001
2019-03-17 04:00:45,0.25624,0.25624
2019-03-17 05:00:15,0.24281,0.24281
2019-03-17 05:00:45,0.22548,0.22548
2019-03-17 06:00:15,,0.28499717000000013
2019-03-17 06:00:45,-0.069842,-0.069842
2019-03-17 07:00:15,-0.27201,-0.27201
2019-03-17 07:00:45,-0.04408,-0.04408
2019-03-17 08:00:15,-0.011888,-0.011888
2019-03-17 08:00:45,0.053853,0.053853
2019-03-17 09:00:15,0.50774,0.50774
2019-03-17 09:00:45,0.00315,0.00315
2019-03-17 10:00:15,0.09664,0.09664
2019-03-17 10:00:45,-0.7441,-0.7441
2019-03-17 11:00:15,-1.0273,-1.0273
2019-03-17 11:00:45,-0.15925,-0.15925
2019-03-17 12:00:15,-0.46646,-0.46646
2019-03-17 12:00:45,0.20803,0.20803
2019-03-17 13:00:15,-1.2192,-1.2192
2019-03-17 13:00:45,,-0.8372056625000002
2019-03-17 14:00:15,0.31121,0.31121
2019-03-17 14:00:45,-0.71401,-0.71401
2019-03-17 15:00:15,0.095571,0.095571
2019-03-17 15:00:45,-0.41888,-0.41888
2019-03-17 16:00:15,-0.58754,-0.58754
2019-03-17 16:00:45,-0.59034,-0.59034
2019-03-17 17:00:15,-0.41807,-0.41807
2019-03-17 17:00:45,-0.092339,-0.092339
2019-03-17 18:00:15,0.010594,0.010594
2019-03-17 18:00:45,0.016043,0.016043
2019-03-17 19:00:15,0.029774,0.029774
2019-03-17 19:00:45,-0.052652,-0.052652
2019-03-17 20:00:15,-0.078808,-0.078808
2019-03-17 20:00:45,-0.059213,-0.059213
2019-03-17 21:00:15,-0.065614,-0.065614
2019-03-17 21:00:45,-0.01659,-0.01659
2019-03-17 22:00:15,-0.0212,-0.0212
2019-03-17 22:00:45,-0.13304,-0.13304
2019-03-17 23:00:15,-0.083433,-0.083433
2019-03-17 23:00:45,-0.001658,-0.001658
2019-03-18 00:00:15,-0.17491,-0.17491
2019-03-18 00:00:45,-0.085974,-0.085974
2019-03-18 01:00:15,-0.090368,-0.090368
2019-03-18 01:00:45,0.041689,0.041689
2019-03-18 02:00:15,-0.035455,-0.035455
2019-03-18 02:00:45,-0.035708,-0.035708
2019-03-18 03:00:15,,0.021821022500000002
2019-03-18 03:00:45,-0.010776,-0.010776
2019-03-18 04:00:15,-0.005427,-0.005427
2019-03-18 04:00:45,-0.096409,-0.096409
2019-03-18 05:00:15,-0.083038,-0.083038
2019-03-18 05:00:45,0.011097,0.011097
2019-03-18 06:00:15,,-0.052782377499999984
2019-03-18 06:00:45,-0.81357,-0.81357
2019-03-18 07:00:15,-0.011643,-0.011643
2019-03-18 07:00:45,-0.86187,-0.86187
2019-03-18 08:00:15,-0.016915,-0.016915
2019-03-18 08:00:45,-0.89267,-0.89267
2019-03-18 09:00:15,-0.8941,-0.8941
2019-03-18 09:00:45,-0.46327,-0.46327
2019-03-18 10:00:15,-0.61299,-0.61299
2019-03-18 10:00:45,-0.8542,-0.8542
2019-03-18 11:00:15,-0.44452,-0.44452
2019-03-18 11:00:45,-1.0279,-1.0279
2019-03-18 12:00:15,-0.69604,-0.69604
2019-03-18 12:00:45,-0.83264,-0.83264
2019-03-18 13:00:15,-0.46207,-0.46207
2019-03-18 13:00:45,0.031078,0.031078
2019-03-18 14:00:15,,-0.5166604525000001
2019-03-18 14:00:45,0.40827,0.40827
2019-03-18 15:00:15,0.084379,0.084379
2019-03-18 15:00:45,-0.22182,-0.22182
2019-03-18 16:00:15,-0.6923,-0.6923
2019-03-18 16:00:45,-0.32701,-0.32701
2019-03-18 17:00:15,-0.18032,-0.18032
2019-03-18 17:00:45,0.09911,0.09911
2019-03-18 18:00:15,0.057218,0.057218
2019-03-18 18:00:45,0.060716,0.060716
2019-03-18 19:00:15,-0.034629,-0.034629
2019-03-18 19:00:45,0.056179,0.056179
2019-03-18 20:00:15,0.19951,0.19951
2019-03-18 20:00:45,0.23374,0.23374
2019-03-18 21:00:15,0.14813,0.14813
2019-03-18 21:00:45,0.10051,0.10051
2019-03-18 22:00:15,0.22229,0.22229
2019-03-18 22:00:45,0.23901,0.23901
2019-03-18 23:00:15,0.29462,0.29462
2019-03-18 23:00:45,0.25741,0.25741
2019-03-19 00:00:15,0.22842,0.22842
2019-03-19 00:00:45,0.18045,0.18045
2019-03-19 01:00:15,0.13264,0.13264
2019-03-19 01:00:45,-0.007641,-0.007641
2019-03-19 02:00:15,0.19451,0.19451
2019-03-19 02:00:45,0.24736,0.24736
2019-03-19 03:00:15,0.16245,0.16245
2019-03-19 03:00:45,0.38719,0.38719
2019-03-19 04:00:15,0.21586,0.21586
2019-03-19 04:00:45,0.11858,0.11858
2019-03-19 05:00:15,-0.029669,-0.029669
2019-03-19 05:00:45,0.022542,0.022542
2019-03-19 06:00:15,0.025921,0.025921
2019-03-19 06:00:45,-0.1555,-0.1555
2019-03-19 07:00:15,-0.49396,-0.49396
2019-03-19 07:00:45,-0.30358,-0.30358
2019-03-19 08:00:15,-0.71288,-0.71288
2019-03-19 08:00:45,-0.70319,-0.70319
2019-03-19 09:00:15,-1.005,-1.005
2019-03-19 09:00:45,-0.94417,-0.94417
2019-03-19 10:00:15,-0.8038,-0.8038
2019-03-19 10:00:45,-0.74242,-0.74242
2019-03-19 11:00:15,-0.35202,-0.35202
2019-03-19 11:00:45,-0.38162,-0.38162
2019-03-19 12:00:15,-0.15943,-0.15943
2019-03-19 12:00:45,-1.2071,-1.2071
2019-03-19 13:00:15,-0.22316,-0.22316
2019-03-19 13:00:45,-0.22797,-0.22797
2019-03-19 14:00:15,-0.52419,-0.52419
2019-03-19 14:00:45,0.10253,0.10253
2019-03-19 15:00:15,,-0.18755407250000003
2019-03-19 15:00:45,0.25018,0.25018
2019-03-19 16:00:15,-1.3441,-1.3441
2019-03-19 16:00:45,-0.16351,-0.16351
2019-03-19 17:00:15,-0.018107,-0.018107
2019-03-19 17:00:45,-0.020764,-0.020764
2019-03-19 18:00:15,,0.03962501499999999
2019-03-19 18:00:45,0.15833,0.15833
2019-03-19 19:00:15,0.07538,0.07538
2019-03-19 19:00:45,-0.052196,-0.052196
2019-03-19 20:00:15,0.037609,0.037609
2019-03-19 20:00:45,0.047651,0.047651
2019-03-19 21:00:15,0.14505,0.14505
2019-03-19 21:00:45,-0.023117,-0.023117
2019-03-19 22:00:15,-0.08199,-0.08199
2019-03-19 22:00:45,-0.17738,-0.17738
2019-03-19 23:00:15,-0.16366,-0.16366
2019-03-19 23:00:45,-0.078881,-0.078881
2019-03-20 00:00:15,-0.049823,-0.049823
2019-03-20 00:00:45,-0.078866,-0.078866
2019-03-20 01:00:15,0.049752,0.049752
2019-03-20 01:00:45,0.12097,0.12097
2019-03-20 02:00:15,0.10738,0.10738
2019-03-20 02:00:45,-0.059209,-0.059209
2019-03-20 03:00:15,,0.04593136250000002
2019-03-20 03:00:45,-0.075327,-0.075327
2019-03-20 04:00:15,-0.057457,-0.057457
2019-03-20 04:00:45,-0.054996,-0.054996
2019-03-20 05:00:15,-0.022938,-0.022938
2019-03-20 05:00:45,-0.10441,-0.10441
2019-03-20 06:00:15,-0.16479,-0.16479
2019-03-20 06:00:45,-0.28464,-0.28464
2019-03-20 07:00:15,-0.37761,-0.37761
2019-03-20 07:00:45,-0.61241,-0.61241
2019-03-20 08:00:15,-0.47045,-0.47045
2019-03-20 08:00:45,-0.5651,-0.5651
2019-03-20 09:00:15,-0.6194,-0.6194
2019-03-20 09:00:45,-0.78185,-0.78185
2019-03-20 10:00:15,-1.2756,-1.2756
2019-03-20 10:00:45,-1.2578,-1.2578
2019-03-20 11:00:15,-1.2558,-1.2558
2019-03-20 11:00:45,-1.8755,-1.8755
2019-03-20 12:00:15,-1.1997,-1.1997
2019-03-20 12:00:45,-0.95429,-0.95429
2019-03-20 13:00:15,-1.0658,-1.0658
2019-03-20 13:00:45,-0.84256,-0.84256
2019-03-20 14:00:15,,-0.9742521749999999
2019-03-20 14:00:45,-0.56032,-0.56032
2019-03-20 15:00:15,-0.5707,-0.5707
2019-03-20 15:00:45,-0.88193,-0.88193
2019-03-20 16:00:15,-0.81805,-0.81805
2019-03-20 16:00:45,-0.74028,-0.74028
2019-03-20 17:00:15,-0.41829,-0.41829
2019-03-20 17:00:45,-0.41603,-0.41603
2019-03-20 18:00:15,-0.1607,-0.1607
2019-03-20 18:00:45,-0.076223,-0.076223
2019-03-20 19:00:15,,0.20565295249999999
2019-03-20 19:00:45,,0.21787328500000003
2019-03-20 20:00:15,,0.24182614999999993
2019-03-20 20:00:45,,0.2667127149999999
2019-03-20 21:00:15,,0.21687547999999998
2019-03-20 21:00:45,,0.25266899249999986
2019-03-20 22:00:15,,0.14193959500000003
2019-03-20 22:00:45,0.037754,0.037754
2019-03-20 23:00:15,0.15419,0.15419
2019-03-20 23:00:45,-0.10221,-0.10221
2019-03-21 00:00:15,0.51765,0.51765
2019-03-21 00:00:45,0.19178,0.19178
2019-03-21 01:00:15,0.14906,0.14906
2019-03-21 01:00:45,0.26505,0.26505
2019-03-21 02:00:15,0.25935,0.25935
2019-03-21 02:00:45,-0.051157,-0.051157
2019-03-21 03:00:15,0.23893,0.23893
2019-03-21 03:00:45,,0.15748868500000002
2019-03-21 04:00:15,,0.16350533
2019-03-21 04:00:45,,0.16054095250000006
2019-03-21 05:00:15,,0.17491363750000008
2019-03-21 05:00:45,,0.37308334
2019-03-21 06:00:15,,0.29279839499999993
2019-03-21 06:00:45,,0.12371800000000001
2019-03-21 07:00:15,,-0.2206565325
2019-03-21 07:00:45,-0.56393,-0.56393
2019-03-21 08:00:15,-0.25954,-0.25954
2019-03-21 08:00:45,-0.481,-0.481
2019-03-21 09:00:15,-0.59788,-0.59788
2019-03-21 09:00:45,-1.6861,-1.6861
2019-03-21 10:00:15,-1.5517,-1.5517
2019-03-21 10:00:45,-1.3826,-1.3826
2019-03-21 11:00:15,-1.1629,-1.1629
2019-03-21 11:00:45,-0.71759,-0.71759
2019-03-21 12:00:15,-1.4708,-1.4708
2019-03-21 12:00:45,-0.94094,-0.94094
2019-03-21 13:00:15,-0.84153,-0.84153
2019-03-21 13:00:45,-0.93922,-0.93922
2019-03-21 14:00:15,-0.83981,-0.83981
2019-03-21 14:00:45,-0.81112,-0.81112
2019-03-21 15:00:15,-0.74703,-0.74703
2019-03-21 15:00:45,-0.5285,-0.5285
2019-03-21 16:00:15,-0.09338,-0.09338
2019-03-21 16:00:45,-0.015104,-0.015104
2019-03-21 17:00:15,0.14344,0.14344
2019-03-21 17:00:45,0.22567,0.22567
2019-03-21 18:00:15,0.33375,0.33375
2019-03-21 18:00:45,0.42563,0.42563
2019-03-21 19:00:15,,0.48835633249999993
2019-03-21 19:00:45,,0.41636424499999997
2019-03-21 20:00:15,0.20666,0.20666
2019-03-21 20:00:45,0.35943,0.35943
2019-03-21 21:00:15,0.7891,0.7891
2019-03-21 21:00:45,0.63514,0.63514
2019-03-21 22:00:15,0.368,0.368
2019-03-21 22:00:45,0.3798,0.3798
2019-03-21 23:00:15,0.23598,0.23598
2019-03-21 23:00:45,0.9703,0.9703
2019-03-22 00:00:15,0.084436,0.084436
2019-03-22 00:00:45,0.006094,0.006094
2019-03-22 01:00:15,0.002489,0.002489
2019-03-22 01:00:45,0.17204,0.17204
2019-03-22 02:00:15,0.21726,0.21726
2019-03-22 02:00:45,-0.008103,-0.008103
2019-03-22 03:00:15,0.059335,0.059335
2019-03-22 03:00:45,0.12179,0.12179
2019-03-22 04:00:15,0.011675,0.011675
2019-03-22 04:00:45,0.040228,0.040228
2019-03-22 05:00:15,-0.001504,-0.001504
2019-03-22 05:00:45,0.017055,0.017055
2019-03-22 06:00:15,0.002335,0.002335
2019-03-22 06:00:45,-0.044494,-0.044494
2019-03-22 07:00:15,-0.16017,-0.16017
2019-03-22 07:00:45,-0.47933,-0.47933
2019-03-22 08:00:15,-0.62077,-0.62077
2019-03-22 08:00:45,-0.82202,-0.82202
2019-03-22 09:00:15,-0.81228,-0.81228
2019-03-22 09:00:45,-0.72005,-0.72005
2019-03-22 10:00:15,-1.1722,-1.1722
2019-03-22 10:00:45,-1.3311,-1.3311
2019-03-22 11:00:15,-0.55821,-0.55821
2019-03-22 11:00:45,-0.39358,-0.39358
2019-03-22 12:00:15,-0.34123,-0.34123
2019-03-22 12:00:45,0.21773,0.21773
2019-03-22 13:00:15,-1.0665,-1.0665
2019-03-22 13:00:45,-0.30523,-0.30523
2019-03-22 14:00:15,,-0.7128242950000001
2019-03-22 14:00:45,-1.7694,-1.7694
2019-03-22 15:00:15,0.70292,0.70292
2019-03-22 15:00:45,-0.11024,-0.11024
2019-03-22 16:00:15,0.2283,0.2283
2019-03-22 16:00:45,0.50009,0.50009
2019-03-22 17:00:15,0.69214,0.69214
2019-03-22 17:00:45,0.51922,0.51922
2019-03-22 18:00:15,0.43562,0.43562
2019-03-22 18:00:45,0.60738,0.60738
2019-03-22 19:00:15,0.25424,0.25424
2019-03-22 19:00:45,0.08125,0.08125
2019-03-22 20:00:15,-0.009521,-0.009521
2019-03-22 20:00:45,0.076967,0.076967
2019-03-22 21:00:15,-0.11512,-0.11512
2019-03-22 21:00:45,0.1242,0.1242
2019-03-22 22:00:15,0.26982,0.26982
2019-03-22 22:00:45,-0.066805,-0.066805
2019-03-22 23:00:15,0.042386,0.042386
2019-03-22 23:00:45,0.077576,0.077576
2019-03-23 00:00:15,0.000178,0.000178
2019-03-23 00:00:45,-0.045474,-0.045474
2019-03-23 01:00:15,-0.077327,-0.077327
2019-03-23 01:00:45,0.004295,0.004295
2019-03-23 02:00:15,0.038791,0.038791
2019-03-23 02:00:45,0.005475,0.005475
2019-03-23 03:00:15,-0.090958,-0.090958
2019-03-23 03:00:45,-0.018586,-0.018586
2019-03-23 04:00:15,-0.023357,-0.023357
2019-03-23 04:00:45,-0.040301,-0.040301
2019-03-23 05:00:15,-0.00049,-0.00049
2019-03-23 05:00:45,-0.069428,-0.069428
2019-03-23 06:00:15,-0.04754,-0.04754
2019-03-23 06:00:45,-0.24509,-0.24509
2019-03-23 07:00:15,-0.26004,-0.26004
2019-03-23 07:00:45,-0.29487,-0.29487
2019-03-23 08:00:15,0.1808,0.1808
2019-03-23 08:00:45,0.2274,0.2274
2019-03-23 09:00:15,-0.20209,-0.20209
2019-03-23 09:00:45,-0.57384,-0.57384
2019-03-23 10:00:15,-0.93908,-0.93908
2019-03-23 10:00:45,-0.63488,-0.63488
2019-03-23 11:00:15,-0.847,-0.847
2019-03-23 11:00:45,-0.93408,-0.93408
2019-03-23 12:00:15,-0.61594,-0.61594
2019-03-23 12:00:45,-0.51221,-0.51221
2019-03-23 13:00:15,-0.67632,-0.67632
2019-03-23 13:00:45,-0.41892,-0.41892
2019-03-23 14:00:15,,-0.9060619500000001
2019-03-23 14:00:45,-1.5654,-1.5654
2019-03-23 15:00:15,-0.82534,-0.82534
2019-03-23 15:00:45,-0.92421,-0.92421
2019-03-23 16:00:15,-0.97629,-0.97629
2019-03-23 16:00:45,-0.59673,-0.59673
2019-03-23 17:00:15,-0.47112,-0.47112
2019-03-23 17:00:45,-0.24919,-0.24919
2019-03-23 18:00:15,0.032228,0.032228
2019-03-23 18:00:45,0.020131,0.020131
2019-03-23 19:00:15,0.050008,0.050008
2019-03-23 19:00:45,-0.020985,-0.020985
2019-03-23 20:00:15,-0.00347,-0.00347
2019-03-23 20:00:45,0.13666,0.13666
2019-03-23 21:00:15,0.14024,0.14024
2019-03-23 21:00:45,-0.07704,-0.07704
2019-03-23 22:00:15,-0.015078,-0.015078
2019-03-23 22:00:45,0.040342,0.040342
2019-03-23 23:00:15,-0.014846,-0.014846
2019-03-23 23:00:45,-0.037056,-0.037056
2019-03-24 00:00:15,0.1351,0.1351
2019-03-24 00:00:45,-0.13726,-0.13726
2019-03-24 01:00:15,-0.001097,-0.001097
2019-03-24 01:00:45,-0.066156,-0.066156
2019-03-24 02:00:15,,-0.019894520000000002
2019-03-24 02:00:45,,0.004794745
2019-03-24 03:00:15,-0.033872,-0.033872
2019-03-24 03:00:45,-0.054004,-0.054004
2019-03-24 04:00:15,-0.044387,-0.044387
2019-03-24 04:00:45,,-0.043150600000000004
2019-03-24 05:00:15,,-0.0541335575
2019-03-24 05:00:45,0.032935,0.032935
2019-03-24 06:00:15,-0.18326,-0.18326
2019-03-24 06:00:45,-0.15807,-0.15807
2019-03-24 07:00:15,-0.59101,-0.59101
2019-03-24 07:00:45,-1.0814,-1.0814
2019-03-24 08:00:15,-0.26274,-0.26274
2019-03-24 08:00:45,-0.51235,-0.51235
2019-03-24 09:00:15,-0.83829,-0.83829
2019-03-24 09:00:45,-0.54688,-0.54688
2019-03-24 10:00:15,-0.64748,-0.64748
2019-03-24 10:00:45,-0.24557,-0.24557
2019-03-24 11:00:15,-0.76722,-0.76722
2019-03-24 11:00:45,-0.67253,-0.67253
2019-03-24 12:00:15,-0.85446,-0.85446
2019-03-24 12:00:45,-0.631,-0.631
2019-03-24 13:00:15,-0.43855,-0.43855
2019-03-24 13:00:45,-0.75218,-0.75218
2019-03-24 14:00:15,-1.3928,-1.3928
2019-03-24 14:00:45,-0.55347,-0.55347
2019-03-24 15:00:15,-0.29447,-0.29447
2019-03-24 15:00:45,-0.026529,-0.026529
2019-03-24 16:00:15,-0.73411,-0.73411
2019-03-24 16:00:45,-0.25164,-0.25164
2019-03-24 17:00:15,0.22482,0.22482
2019-03-24 17:00:45,0.1818,0.1818
2019-03-24 18:00:15,0.24875,0.24875
2019-03-24 18:00:45,0.1177,0.1177
2019-03-24 19:00:15,0.16604,0.16604
2019-03-24 19:00:45,0.17317,0.17317
2019-03-24 20:00:15,-0.10228,-0.10228
2019-03-24 20:00:45,-0.059028,-0.059028
2019-03-24 21:00:15,-0.081055,-0.081055
2019-03-24 21:00:45,0.005971,0.005971
2019-03-24 22:00:15,-0.088204,-0.088204
2019-03-24 22:00:45,,-0.0034396224999999987
2019-03-24 23:00:15,-0.16936,-0.16936
2019-03-24 23:00:45,-0.10813,-0.10813
2019-03-25 00:00:15,-0.17191,-0.17191
2019-03-25 00:00:45,-0.080632,-0.080632
2019-03-25 01:00:15,-0.043241,-0.043241
2019-03-25 01:00:45,-0.039312,-0.039312
2019-03-25 02:00:15,-0.055838,-0.055838
2019-03-25 02:00:45,-0.16213,-0.16213
2019-03-25 03:00:15,-0.051265,-0.051265
2019-03-25 03:00:45,-0.16153,-0.16153
2019-03-25 04:00:15,-0.098414,-0.098414
2019-03-25 04:00:45,-0.031665,-0.031665
2019-03-25 05:00:15,-0.15232,-0.15232
2019-03-25 05:00:45,-0.10034,-0.10034
2019-03-25 06:00:15,0.006058,0.006058
2019-03-25 06:00:45,-0.64493,-0.64493
2019-03-25 07:00:15,-0.38297,-0.38297
2019-03-25 07:00:45,-0.20019,-0.20019
2019-03-25 08:00:15,-0.8941,-0.8941
2019-03-25 08:00:45,-0.3822,-0.3822
2019-03-25 09:00:15,-0.71611,-0.71611
2019-03-25 09:00:45,-1.2199,-1.2199
2019-03-25 10:00:15,-0.80406,-0.80406
2019-03-25 10:00:45,-0.88751,-0.88751
2019-03-25 11:00:15,-1.2028,-1.2028
2019-03-25 11:00:45,-1.4461,-1.4461
2019-03-25 12:00:15,-0.60994,-0.60994
2019-03-25 12:00:45,-0.72513,-0.72513
2019-03-25 13:00:15,-1.1276,-1.1276
2019-03-25 13:00:45,-0.41667,-0.41667
2019-03-25 14:00:15,-0.34528,-0.34528
2019-03-25 14:00:45,-0.96342,-0.96342
2019-03-25 15:00:15,-0.61222,-0.61222
2019-03-25 15:00:45,-0.79802,-0.79802
2019-03-25 16:00:15,-1.0131,-1.0131
2019-03-25 16:00:45,-0.83047,-0.83047
2019-03-25 17:00:15,-0.43714,-0.43714
2019-03-25 17:00:45,-0.082515,-0.082515
2019-03-25 18:00:15,-0.26874,-0.26874
2019-03-25 18:00:45,0.14605,0.14605
2019-03-25 19:00:15,0.032122,0.032122
2019-03-25 19:00:45,-0.019438,-0.019438
2019-03-25 20:00:15,0.087437,0.087437
2019-03-25 20:00:45,-0.006658,-0.006658
2019-03-25 21:00:15,-0.044589,-0.044589
2019-03-25 21:00:45,0.10995,0.10995
2019-03-25 22:00:15,-0.16389,-0.16389
2019-03-25 22:00:45,0.021955,0.021955
2019-03-25 23:00:15,-0.024495,-0.024495
2019-03-25 23:00:45,0.25117,0.25117
2019-03-26 00:00:15,0.067717,0.067717
2019-03-26 00:00:45,0.18343,0.18343
2019-03-26 01:00:15,0.14409,0.14409
2019-03-26 01:00:45,,0.0400352025
2019-03-26 02:00:15,,0.0014924924999999995
2019-03-26 02:00:45,,-0.06075823499999999
2019-03-26 03:00:15,-0.16868,-0.16868
2019-03-26 03:00:45,-0.004001,-0.004001
2019-03-26 04:00:15,0.21514,0.21514
2019-03-26 04:00:45,0.072281,0.072281
2019-03-26 05:00:15,-0.019136,-0.019136
2019-03-26 05:00:45,0.1417,0.1417
2019-03-26 06:00:15,-0.67912,-0.67912
2019-03-26 06:00:45,-0.13539,-0.13539
2019-03-26 07:00:15,-0.39956,-0.39956
2019-03-26 07:00:45,-0.68674,-0.68674
2019-03-26 08:00:15,-0.47829,-0.47829
2019-03-26 08:00:45,-0.36285,-0.36285
2019-03-26 09:00:15,-0.19524,-0.19524
2019-03-26 09:00:45,-0.5142,-0.5142
2019-03-26 10:00:15,-1.2346,-1.2346
2019-03-26 10:00:45,-1.1895,-1.1895
2019-03-26 11:00:15,-0.54593,-0.54593
2019-03-26 11:00:45,-0.30858,-0.30858
2019-03-26 12:00:15,-1.0786,-1.0786
2019-03-26 12:00:45,-1.1111,-1.1111
2019-03-26 13:00:15,-0.74125,-0.74125
2019-03-26 13:00:45,-0.85457,-0.85457
2019-03-26 14:00:15,-0.97507,-0.97507
2019-03-26 14:00:45,-1.192,-1.192
2019-03-26 15:00:15,-0.76067,-0.76067
2019-03-26 15:00:45,-0.56526,-0.56526
2019-03-26 16:00:15,-0.23455,-0.23455
2019-03-26 16:00:45,-0.11595,-0.11595
2019-03-26 17:00:15,0.18558,0.18558
2019-03-26 17:00:45,0.48731,0.48731
2019-03-26 18:00:15,0.3816,0.3816
2019-03-26 18:00:45,0.47119,0.47119
2019-03-26 19:00:15,0.49497,0.49497
2019-03-26 19:00:45,0.54769,0.54769
2019-03-26 20:00:15,0.58882,0.58882
2019-03-26 20:00:45,0.52019,0.52019
2019-03-26 21:00:15,0.49812,0.49812
2019-03-26 21:00:45,0.74956,0.74956
2019-03-26 22:00:15,0.54303,0.54303
2019-03-26 22:00:45,0.60213,0.60213
2019-03-26 23:00:15,0.44166,0.44166
2019-03-26 23:00:45,0.25779,0.25779
2019-03-27 00:00:15,0.37396,0.37396
2019-03-27 00:00:45,0.33983,0.33983
2019-03-27 01:00:15,0.44952,0.44952
2019-03-27 01:00:45,0.36393,0.36393
2019-03-27 02:00:15,0.50909,0.50909
2019-03-27 02:00:45,0.38724,0.38724
2019-03-27 03:00:15,0.34147,0.34147
2019-03-27 03:00:45,0.24518,0.24518
2019-03-27 04:00:15,0.20127,0.20127
2019-03-27 04:00:45,0.32493,0.32493
2019-03-27 05:00:15,0.33583,0.33583
2019-03-27 05:00:45,0.29876,0.29876
2019-03-27 06:00:15,-0.07137,-0.07137
2019-03-27 06:00:45,-0.16146,-0.16146
2019-03-27 07:00:15,-0.20386,-0.20386
2019-03-27 07:00:45,-0.47655,-0.47655
2019-03-27 08:00:15,-0.88353,-0.88353
2019-03-27 08:00:45,-0.92734,-0.92734
2019-03-27 09:00:15,-0.45429,-0.45429
2019-03-27 09:00:45,-0.79945,-0.79945
2019-03-27 10:00:15,-0.96969,-0.96969
2019-03-27 10:00:45,-0.77646,-0.77646
2019-03-27 11:00:15,-1.2757,-1.2757
2019-03-27 11:00:45,-1.4328,-1.4328
2019-03-27 12:00:15,-1.2059,-1.2059
2019-03-27 12:00:45,-0.30556,-0.30556
2019-03-27 13:00:15,-1.0432,-1.0432
2019-03-27 13:00:45,-0.53315,-0.53315
2019-03-27 14:00:15,-0.67371,-0.67371
2019-03-27 14:00:45,-2.2479,-2.2479
2019-03-27 15:00:15,-0.77191,-0.77191
2019-03-27 15:00:45,-0.38103,-0.38103
2019-03-27 16:00:15,0.027997,0.027997
2019-03-27 16:00:45,0.4722,0.4722
2019-03-27 17:00:15,0.66486,0.66486
2019-03-27 17:00:45,0.65181,0.65181
2019-03-27 18:00:15,0.61656,0.61656
2019-03-27 18:00:45,0.77934,0.77934
2019-03-27 19:00:15,0.57775,0.57775
2019-03-27 19:00:45,0.59175,0.59175
2019-03-27 20:00:15,0.54486,0.54486
2019-03-27 20:00:45,0.21363,0.21363
2019-03-27 21:00:15,0.22467,0.22467
2019-03-27 21:00:45,0.37374,0.37374
2019-03-27 22:00:15,0.12985,0.12985
2019-03-27 22:00:45,0.03329,0.03329
2019-03-27 23:00:15,0.2889,0.2889
2019-03-27 23:00:45,-0.05466,-0.05466
2019-03-28 00:00:15,-0.022278,-0.022278
2019-03-28 00:00:45,-0.086795,-0.086795
2019-03-28 01:00:15,0.050342,0.050342
2019-03-28 01:00:45,0.080511,0.080511
2019-03-28 02:00:15,-0.067401,-0.067401
2019-03-28 02:00:45,,0.37125978249999997
2019-03-28 03:00:15,0.16856,0.16856
2019-03-28 03:00:45,0.24836,0.24836
2019-03-28 04:00:15,0.036548,0.036548
2019-03-28 04:00:45,0.011204,0.011204
2019-03-28 05:00:15,,0.16065049750000002
2019-03-28 05:00:45,0.002592,0.002592
2019-03-28 06:00:15,0.001157,0.001157
2019-03-28 06:00:45,-0.7517,-0.7517
2019-03-28 07:00:15,-1.3575,-1.3575
2019-03-28 07:00:45,-1.9133,-1.9133
2019-03-28 08:00:15,-0.84253,-0.84253
2019-03-28 08:00:45,-1.7066,-1.7066
2019-03-28 09:00:15,-1.0214,-1.0214
2019-03-28 09:00:45,-1.3986,-1.3986
2019-03-28 10:00:15,-0.79481,-0.79481
2019-03-28 10:00:45,-0.47264,-0.47264
2019-03-28 11:00:15,-0.45051,-0.45051
2019-03-28 11:00:45,-0.76543,-0.76543
2019-03-28 12:00:15,-1.0998,-1.0998
2019-03-28 12:00:45,-1.3098,-1.3098
2019-03-28 13:00:15,-1.0789,-1.0789
2019-03-28 13:00:45,-0.79692,-0.79692
2019-03-28 14:00:15,-0.41539,-0.41539
2019-03-28 14:00:45,,-0.7518380149999998
2019-03-28 15:00:15,-0.87116,-0.87116
2019-03-28 15:00:45,-0.12653,-0.12653
2019-03-28 16:00:15,-1.0261,-1.0261
2019-03-28 16:00:45,-0.028729,-0.028729
2019-03-28 17:00:15,-0.39101,-0.39101
2019-03-28 17:00:45,0.2477,0.2477
2019-03-28 18:00:15,-0.17729,-0.17729
2019-03-28 18:00:45,0.28863,0.28863
2019-03-28 19:00:15,0.036476,0.036476
2019-03-28 19:00:45,0.22538,0.22538
2019-03-28 20:00:15,0.25849,0.25849
2019-03-28 20:00:45,0.33787,0.33787
2019-03-28 21:00:15,0.2629,0.2629
2019-03-28 21:00:45,0.26856,0.26856
2019-03-28 22:00:15,0.23725,0.23725
2019-03-28 22:00:45,0.31222,0.31222
2019-03-28 23:00:15,0.20549,0.20549
2019-03-28 23:00:45,0.11155,0.11155
2019-03-29 00:00:15,-0.022837,-0.022837
2019-03-29 00:00:45,0.19684,0.19684
2019-03-29 01:00:15,-0.079687,-0.079687
2019-03-29 01:00:45,-0.095654,-0.095654
2019-03-29 02:00:15,-0.18431,-0.18431
2019-03-29 02:00:45,0.25871,0.25871
2019-03-29 03:00:15,-0.091376,-0.091376
2019-03-29 03:00:45,-0.10156,-0.10156
2019-03-29 04:00:15,,-0.031746197500000004
2019-03-29 04:00:45,-0.097878,-0.097878
2019-03-29 05:00:15,-0.006484,-0.006484
2019-03-29 05:00:45,-0.069544,-0.069544
2019-03-29 06:00:15,-0.1067,-0.1067
2019-03-29 06:00:45,-0.25532,-0.25532
2019-03-29 07:00:15,-0.48812,-0.48812
2019-03-29 07:00:45,-0.97156,-0.97156
2019-03-29 08:00:15,-0.9808,-0.9808
2019-03-29 08:00:45,-1.0923,-1.0923
2019-03-29 09:00:15,-1.4284,-1.4284
2019-03-29 09:00:45,-1.4948,-1.4948
2019-03-29 10:00:15,-0.86947,-0.86947
2019-03-29 10:00:45,-1.1612,-1.1612
2019-03-29 11:00:15,-1.0151,-1.0151
2019-03-29 11:00:45,-1.0209,-1.0209
2019-03-29 12:00:15,-1.2434,-1.2434
2019-03-29 12:00:45,-1.1817,-1.1817
2019-03-29 13:00:15,-0.02137,-0.02137
2019-03-29 13:00:45,0.054487,0.054487
2019-03-29 14:00:15,0.49222,0.49222
2019-03-29 14:00:45,0.9281,0.9281
2019-03-29 15:00:15,0.71542,0.71542
2019-03-29 15:00:45,1.1245,1.1245
2019-03-29 16:00:15,1.2185,1.2185
2019-03-29 16:00:45,1.012,1.012
2019-03-29 17:00:15,0.57937,0.57937
2019-03-29 17:00:45,0.73891,0.73891
2019-03-29 18:00:15,0.4257,0.4257
2019-03-29 18:00:45,0.7849,0.7849
2019-03-29 19:00:15,0.14189,0.14189
2019-03-29 19:00:45,0.20771,0.20771
2019-03-29 20:00:15,0.08832,0.08832
2019-03-29 20:00:45,0.12254,0.12254
2019-03-29 21:00:15,-0.073065,-0.073065
2019-03-29 21:00:45,0.22727,0.22727
2019-03-29 22:00:15,0.073434,0.073434
2019-03-29 22:00:45,0.033779,0.033779
2019-03-29 23:00:15,0.20943,0.20943
2019-03-29 23:00:45,0.019704,0.019704
2019-03-30 00:00:15,0.012613,0.012613
2019-03-30 00:00:45,-0.05228,-0.05228
2019-03-30 01:00:15,0.17103,0.17103
2019-03-30 01:00:45,0.050679,0.050679
2019-03-30 02:00:15,-0.039231,-0.039231
2019-03-30 02:00:45,-0.002135,-0.002135
2019-03-30 03:00:15,-0.13412,-0.13412
2019-03-30 03:00:45,0.04694,0.04694
2019-03-30 04:00:15,-0.10376,-0.10376
2019-03-30 04:00:45,-0.082741,-0.082741
2019-03-30 05:00:15,-0.088857,-0.088857
2019-03-30 05:00:45,-0.14802,-0.14802
2019-03-30 06:00:15,0.049997,0.049997
2019-03-30 06:00:45,-0.32983,-0.32983
2019-03-30 07:00:15,-0.42909,-0.42909
2019-03-30 07:00:45,-0.74947,-0.74947
2019-03-30 08:00:15,-0.9913,-0.9913
2019-03-30 08:00:45,-0.73567,-0.73567
2019-03-30 09:00:15,-1.6476,-1.6476
2019-03-30 09:00:45,-1.693,-1.693
2019-03-30 10:00:15,-1.425,-1.425
2019-03-30 10:00:45,-1.834,-1.834
2019-03-30 11:00:15,-1.0472,-1.0472
2019-03-30 11:00:45,-1.8512,-1.8512
2019-03-30 12:00:15,-1.9388,-1.9388
2019-03-30 12:00:45,-2.3358,-2.3358
2019-03-30 13:00:15,-2.2367,-2.2367
2019-03-30 13:00:45,-2.2083,-2.2083
2019-03-30 14:00:15,-2.3309,-2.3309
2019-03-30 14:00:45,-2.2152,-2.2152
2019-03-30 15:00:15,-2.3321,-2.3321
2019-03-30 15:00:45,-2.2954,-2.2954
2019-03-30 16:00:15,-2.078,-2.078
2019-03-30 16:00:45,-1.8763,-1.8763
2019-03-30 17:00:15,-1.9333,-1.9333
2019-03-30 17:00:45,-1.7754,-1.7754
2019-03-30 18:00:15,-1.3318,-1.3318
2019-03-30 18:00:45,,0.26316314499999993
2019-03-30 19:00:15,,0.42000483749999995
2019-03-30 19:00:45,,0.42325469000000004
2019-03-30 20:00:15,,0.5205062400000002
2019-03-30 20:00:45,,0.5021297575000002
2019-03-30 21:00:15,,0.6530565850000001
2019-03-30 21:00:45,,0.6477182724999999
2019-03-30 22:00:15,,0.5407210700000001
2019-03-30 22:00:45,,0.28144462249999996
2019-03-30 23:00:15,,0.26046622499999994
2019-03-30 23:00:45,,0.25098304499999996
2019-03-31 00:00:15,,0.3105758675
2019-03-31 00:00:45,,0.38887057750000004
2019-03-31 01:00:15,,0.38347136500000006
2019-03-31 01:00:45,,0.24088065249999996
2019-03-31 02:00:15,,0.257358195
2019-03-31 02:00:45,,0.2552340475
2019-03-31 03:00:15,,0.24004531750000002
2019-03-31 03:00:45,,0.39492355249999994
2019-03-31 04:00:15,,0.231939705
2019-03-31 04:00:45,,0.21328018
2019-03-31 05:00:15,,-0.023729627500000006
2019-03-31 05:00:45,,0.014726407499999995
2019-03-31 06:00:15,-0.53226,-0.53226
2019-03-31 06:00:45,-0.784,-0.784
2019-03-31 07:00:15,-1.0128,-1.0128
2019-03-31 07:00:45,-1.1615,-1.1615
2019-03-31 08:00:15,-1.5118,-1.5118
2019-03-31 08:00:45,-2.0934,-2.0934
2019-03-31 09:00:15,-1.5972,-1.5972
2019-03-31 09:00:45,-1.2456,-1.2456
2019-03-31 10:00:15,-1.6187,-1.6187
2019-03-31 10:00:45,-1.7203,-1.7203
2019-03-31 11:00:15,-1.7317,-1.7317
2019-03-31 11:00:45,-1.517,-1.517
2019-03-31 12:00:15,-2.3521,-2.3521
2019-03-31 12:00:45,-1.4434,-1.4434
2019-03-31 13:00:15,-1.6557,-1.6557
2019-03-31 13:00:45,-2.1574,-2.1574
2019-03-31 14:00:15,-2.0456,-2.0456
2019-03-31 14:00:45,-0.87244,-0.87244
2019-03-31 15:00:15,-0.43805,-0.43805
2019-03-31 15:00:45,,-0.025970392499999988
2019-03-31 16:00:15,,-0.24036492500000003
2019-03-31 16:00:45,,-0.24246250000000003
2019-03-31 17:00:15,,0.1660167725
2019-03-31 17:00:45,,0.24038611249999997
2019-03-31 18:00:15,,0.4950932500000002
2019-03-31 18:00:45,,0.5495318225000001
2019-03-31 19:00:15,,0.7432407099999999
2019-03-31 19:00:45,,0.3015284475000001
2019-03-31 20:00:15,,0.34407081
2019-03-31 20:00:45,,0.33427798749999993
2019-03-31 21:00:15,,0.3988930225
2019-03-31 21:00:45,,0.20357454000000008
2019-03-31 22:00:15,,0.21412636250000006
2019-03-31 22:00:45,,0.34408222749999995
2019-03-31 23:00:15,,0.3169904949999999
2019-03-31 23:00:45,,0.25000729250000003
2019-04-01 00:00:15,-0.016094,-0.016094
2019-04-01 00:00:45,0.19152,0.19152
2019-04-01 01:00:15,0.18769,0.18769
2019-04-01 01:00:45,0.2757,0.2757
2019-04-01 02:00:15,0.31638,0.31638
2019-04-01 02:00:45,0.13908,0.13908
2019-04-01 03:00:15,,0.04498442
2019-04-01 03:00:45,,0.342570055
2019-04-01 04:00:15,,0.3267143575
2019-04-01 04:00:45,,0.29969192750000007
2019-04-01 05:00:15,,0.40590245
2019-04-01 05:00:45,,0.4659764525
2019-04-01 06:00:15,,0.39282928500000003
2019-04-01 06:00:45,,-0.04175614750000001
2019-04-01 07:00:15,,-0.20739715499999997
2019-04-01 07:00:45,,-0.6698922175
2019-04-01 08:00:15,-0.83791,-0.83791
2019-04-01 08:00:45,-0.67571,-0.67571
2019-04-01 09:00:15,-0.73034,-0.73034
2019-04-01 09:00:45,-0.26446,-0.26446
2019-04-01 10:00:15,-0.86762,-0.86762
2019-04-01 10:00:45,0.15423,0.15423
2019-04-01 11:00:15,0.004986,0.004986
2019-04-01 11:00:45,-1.7386,-1.7386
2019-04-01 12:00:15,-0.42682,-0.42682
2019-04-01 12:00:45,-0.80823,-0.80823
2019-04-01 13:00:15,-0.35485,-0.35485
2019-04-01 13:00:45,0.57664,0.57664
2019-04-01 14:00:15,-0.60528,-0.60528
2019-04-01 14:00:45,-0.99941,-0.99941
2019-04-01 15:00:15,-1.2617,-1.2617
2019-04-01 15:00:45,-0.097233,-0.097233
2019-04-01 16:00:15,-1.0315,-1.0315
2019-04-01 16:00:45,-1.1981,-1.1981
2019-04-01 17:00:15,-0.55927,-0.55927
2019-04-01 17:00:45,-0.25377,-0.25377
2019-04-01 18:00:15,-0.25833,-0.25833
2019-04-01 18:00:45,0.095779,0.095779
2019-04-01 19:00:15,0.40978,0.40978
2019-04-01 19:00:45,0.15922,0.15922
2019-04-01 20:00:15,0.083125,0.083125
2019-04-01 20:00:45,0.23938,0.23938
2019-04-01 21:00:15,0.11089,0.11089
2019-04-01 21:00:45,0.044585,0.044585
2019-04-01 22:00:15,-0.030366,-0.030366
2019-04-01 22:00:45,0.12572,0.12572
2019-04-01 23:00:15,-0.033892,-0.033892
2019-04-01 23:00:45,0.14964,0.14964
2019-04-02 00:00:15,0.16861,0.16861
2019-04-02 00:00:45,0.031969,0.031969
2019-04-02 01:00:15,0.10125,0.10125
2019-04-02 01:00:45,0.10062,0.10062
2019-04-02 02:00:15,0.090069,0.090069
2019-04-02 02:00:45,0.093329,0.093329
2019-04-02 03:00:15,0.058616,0.058616
2019-04-02 03:00:45,-0.033005,-0.033005
2019-04-02 04:00:15,-0.021159,-0.021159
2019-04-02 04:00:45,,-0.0119980875
2019-04-02 05:00:15,-0.002533,-0.002533
2019-04-02 05:00:45,-0.001747,-0.001747
2019-04-02 06:00:15,-0.1349,-0.1349
2019-04-02 06:00:45,-0.32511,-0.32511
2019-04-02 07:00:15,-0.81354,-0.81354
2019-04-02 07:00:45,-0.90786,-0.90786
2019-04-02 08:00:15,-0.79069,-0.79069
2019-04-02 08:00:45,-1.1558,-1.1558
2019-04-02 09:00:15,-0.85634,-0.85634
2019-04-02 09:00:45,-1.5181,-1.5181
2019-04-02 10:00:15,-1.2992,-1.2992
2019-04-02 10:00:45,-0.98295,-0.98295
2019-04-02 11:00:15,-1.0084,-1.0084
2019-04-02 11:00:45,-1.1219,-1.1219
2019-04-02 12:00:15,-0.81266,-0.81266
2019-04-02 12:00:45,-0.66713,-0.66713
2019-04-02 13:00:15,-0.71552,-0.71552
2019-04-02 13:00:45,-0.76683,-0.76683
2019-04-02 14:00:15,-0.67502,-0.67502
2019-04-02 14:00:45,-0.77774,-0.77774
2019-04-02 15:00:15,-0.57436,-0.57436
2019-04-02 15:00:45,-0.36076,-0.36076
2019-04-02 16:00:15,-0.49057,-0.49057
2019-04-02 16:00:45,-0.2791,-0.2791
2019-04-02 17:00:15,0.32887,0.32887
2019-04-02 17:00:45,0.19974,0.19974
2019-04-02 18:00:15,0.74247,0.74247
2019-04-02 18:00:45,0.22045,0.22045
2019-04-02 19:00:15,0.78429,0.78429
2019-04-02 19:00:45,0.322,0.322
2019-04-02 20:00:15,0.2239,0.2239
2019-04-02 20:00:45,0.27762,0.27762
2019-04-02 21:00:15,0.10552,0.10552
2019-04-02 21:00:45,0.36279,0.36279
2019-04-02 22:00:15,0.16966,0.16966
2019-04-02 22:00:45,0.16169,0.16169
2019-04-02 23:00:15,0.011644,0.011644
2019-04-02 23:00:45,0.067187,0.067187
2019-04-03 00:00:15,0.098246,0.098246
2019-04-03 00:00:45,-0.088727,-0.088727
2019-04-03 01:00:15,0.16924,0.16924
2019-04-03 01:00:45,0.08095,0.08095
2019-04-03 02:00:15,0.17747,0.17747
2019-04-03 02:00:45,0.089819,0.089819
2019-04-03 03:00:15,0.98218,0.98218
2019-04-03 03:00:45,0.53277,0.53277
2019-04-03 04:00:15,0.50777,0.50777
2019-04-03 04:00:45,0.23532,0.23532
2019-04-03 05:00:15,-0.027721,-0.027721
2019-04-03 05:00:45,-0.058281,-0.058281
2019-04-03 06:00:15,-0.086839,-0.086839
2019-04-03 06:00:45,-0.51619,-0.51619
2019-04-03 07:00:15,-0.90312,-0.90312
2019-04-03 07:00:45,-1.1298,-1.1298
2019-04-03 08:00:15,-0.97928,-0.97928
2019-04-03 08:00:45,0.050522,0.050522
2019-04-03 09:00:15,-0.62879,-0.62879
2019-04-03 09:00:45,-0.1968,-0.1968
2019-04-03 10:00:15,0.56971,0.56971
2019-04-03 10:00:45,0.77266,0.77266
2019-04-03 11:00:15,-0.32288,-0.32288
2019-04-03 11:00:45,-0.89644,-0.89644
2019-04-03 12:00:15,-0.84976,-0.84976
2019-04-03 12:00:45,-0.88676,-0.88676
2019-04-03 13:00:15,-0.75532,-0.75532
2019-04-03 13:00:45,-0.68136,-0.68136
2019-04-03 14:00:15,-0.26339,-0.26339
2019-04-03 14:00:45,-0.61985,-0.61985
2019-04-03 15:00:15,-0.93464,-0.93464
2019-04-03 15:00:45,-0.10826,-0.10826
2019-04-03 16:00:15,0.32926,0.32926
2019-04-03 16:00:45,0.46681,0.46681
2019-04-03 17:00:15,0.12972,0.12972
2019-04-03 17:00:45,0.31963,0.31963
2019-04-03 18:00:15,0.46629,0.46629
2019-04-03 18:00:45,,0.4505246525
2019-04-03 19:00:15,0.24814,0.24814
2019-04-03 19:00:45,0.23695,0.23695
2019-04-03 20:00:15,0.03222,0.03222
2019-04-03 20:00:45,0.10315,0.10315
2019-04-03 21:00:15,-0.047108,-0.047108
2019-04-03 21:00:45,0.10661,0.10661
2019-04-03 22:00:15,0.40585,0.40585
2019-04-03 22:00:45,0.74632,0.74632
2019-04-03 23:00:15,-0.004561,-0.004561
2019-04-03 23:00:45,-0.091083,-0.091083
2019-04-04 00:00:15,0.20046,0.20046
2019-04-04 00:00:45,-0.15482,-0.15482
2019-04-04 01:00:15,0.17916,0.17916
2019-04-04 01:00:45,-0.007856,-0.007856
2019-04-04 02:00:15,-0.02815,-0.02815
2019-04-04 02:00:45,-0.048022,-0.048022
2019-04-04 03:00:15,-0.13035,-0.13035
2019-04-04 03:00:45,0.083921,0.083921
2019-04-04 04:00:15,-0.053836,-0.053836
2019-04-04 04:00:45,0.027342,0.027342
2019-04-04 05:00:15,-0.13006,-0.13006
2019-04-04 05:00:45,0.01893,0.01893
2019-04-04 06:00:15,-0.32688,-0.32688
2019-04-04 06:00:45,-0.5145,-0.5145
2019-04-04 07:00:15,-0.99212,-0.99212
2019-04-04 07:00:45,-2.1218,-2.1218
2019-04-04 08:00:15,-1.3804,-1.3804
2019-04-04 08:00:45,-1.1257,-1.1257
2019-04-04 09:00:15,-1.0934,-1.0934
2019-04-04 09:00:45,-1.4658,-1.4658
2019-04-04 10:00:15,-1.061,-1.061
2019-04-04 10:00:45,-1.1588,-1.1588
2019-04-04 11:00:15,-1.0097,-1.0097
2019-04-04 11:00:45,-0.2365,-0.2365
2019-04-04 12:00:15,-0.24434,-0.24434
2019-04-04 12:00:45,-1.1739,-1.1739
2019-04-04 13:00:15,-1.3102,-1.3102
2019-04-04 13:00:45,-1.6377,-1.6377
2019-04-04 14:00:15,-1.0678,-1.0678
2019-04-04 14:00:45,-0.93244,-0.93244
2019-04-04 15:00:15,-0.99975,-0.99975
2019-04-04 15:00:45,-0.41743,-0.41743
2019-04-04 16:00:15,-0.17308,-0.17308
2019-04-04 16:00:45,0.09956,0.09956
2019-04-04 17:00:15,0.28103,0.28103
2019-04-04 17:00:45,0.26244,0.26244
2019-04-04 18:00:15,0.35838,0.35838
2019-04-04 18:00:45,0.56781,0.56781
2019-04-04 19:00:15,0.43807,0.43807
2019-04-04 19:00:45,0.29385,0.29385
2019-04-04 20:00:15,0.38622,0.38622
2019-04-04 20:00:45,0.50823,0.50823
2019-04-04 21:00:15,0.46222,0.46222
2019-04-04 21:00:45,0.52844,0.52844
2019-04-04 22:00:15,0.48263,0.48263
2019-04-04 22:00:45,0.24433,0.24433
2019-04-04 23:00:15,0.25182,0.25182
2019-04-04 23:00:45,-0.031184,-0.031184
2019-04-05 00:00:15,0.025558,0.025558
2019-04-05 00:00:45,0.1194,0.1194
2019-04-05 01:00:15,0.01299,0.01299
2019-04-05 01:00:45,0.075686,0.075686
2019-04-05 02:00:15,0.054508,0.054508
2019-04-05 02:00:45,,0.086114885
2019-04-05 03:00:15,-0.030573,-0.030573
2019-04-05 03:00:45,-0.1056,-0.1056
2019-04-05 04:00:15,-0.090468,-0.090468
2019-04-05 04:00:45,0.022618,0.022618
2019-04-05 05:00:15,-0.11616,-0.11616
2019-04-05 05:00:45,,0.13178988249999996
2019-04-05 06:00:15,-0.051648,-0.051648
2019-04-05 06:00:45,-0.21793,-0.21793
2019-04-05 07:00:15,-0.51029,-0.51029
2019-04-05 07:00:45,-1.2969,-1.2969
2019-04-05 08:00:15,-2.3424,-2.3424
2019-04-05 08:00:45,-1.6669,-1.6669
2019-04-05 09:00:15,-1.6757,-1.6757
2019-04-05 09:00:45,-1.2896,-1.2896
2019-04-05 10:00:15,-1.1335,-1.1335
2019-04-05 10:00:45,-1.6368,-1.6368
2019-04-05 11:00:15,-0.82007,-0.82007
2019-04-05 11:00:45,-1.0344,-1.0344
2019-04-05 12:00:15,-1.7376,-1.7376
2019-04-05 12:00:45,-1.5578,-1.5578
2019-04-05 13:00:15,-1.4796,-1.4796
2019-04-05 13:00:45,-0.75283,-0.75283
2019-04-05 14:00:15,-0.91923,-0.91923
2019-04-05 14:00:45,-0.60846,-0.60846
2019-04-05 15:00:15,-0.2163,-0.2163
2019-04-05 15:00:45,-0.43464,-0.43464
2019-04-05 16:00:15,0.12524,0.12524
2019-04-05 16:00:45,-0.57681,-0.57681
2019-04-05 17:00:15,-0.36357,-0.36357
2019-04-05 17:00:45,-0.28285,-0.28285
2019-04-05 18:00:15,0.076263,0.076263
2019-04-05 18:00:45,0.20797,0.20797
2019-04-05 19:00:15,0.2389,0.2389
2019-04-05 19:00:45,0.27548,0.27548
2019-04-05 20:00:15,0.28044,0.28044
2019-04-05 20:00:45,0.20721,0.20721
2019-04-05 21:00:15,0.14451,0.14451
2019-04-05 21:00:45,0.084816,0.084816
2019-04-05 22:00:15,0.086282,0.086282
2019-04-05 22:00:45,0.11807,0.11807
2019-04-05 23:00:15,0.10845,0.10845
2019-04-05 23:00:45,0.080286,0.080286
2019-04-06 00:00:15,0.19633,0.19633
2019-04-06 00:00:45,0.026554,0.026554
2019-04-06 01:00:15,0.034417,0.034417
2019-04-06 01:00:45,0.10454,0.10454
2019-04-06 02:00:15,0.11374,0.11374
2019-04-06 02:00:45,0.0806,0.0806
2019-04-06 03:00:15,0.020512,0.020512
2019-04-06 03:00:45,0.042515,0.042515
2019-04-06 04:00:15,0.006352,0.006352
2019-04-06 04:00:45,,-0.0607591775
2019-04-06 05:00:15,-0.045738,-0.045738
2019-04-06 05:00:45,-0.031836,-0.031836
2019-04-06 06:00:15,-0.19349,-0.19349
2019-04-06 06:00:45,-0.86792,-0.86792
2019-04-06 07:00:15,-0.79347,-0.79347
2019-04-06 07:00:45,-0.59438,-0.59438
2019-04-06 08:00:15,-0.78309,-0.78309
2019-04-06 08:00:45,-1.1573,-1.1573
2019-04-06 09:00:15,-1.7202,-1.7202
2019-04-06 09:00:45,-1.1823,-1.1823
2019-04-06 10:00:15,-1.2857,-1.2857
2019-04-06 10:00:45,-1.49,-1.49
2019-04-06 11:00:15,-1.3808,-1.3808
2019-04-06 11:00:45,-1.5218,-1.5218
2019-04-06 12:00:15,-2.2906,-2.2906
2019-04-06 12:00:45,-1.4678,-1.4678
2019-04-06 13:00:15,-1.0948,-1.0948
2019-04-06 13:00:45,-1.062,-1.062
2019-04-06 14:00:15,-1.5631,-1.5631
2019-04-06 14:00:45,-1.2044,-1.2044
2019-04-06 15:00:15,-1.4708,-1.4708
2019-04-06 15:00:45,-0.76563,-0.76563
2019-04-06 16:00:15,-0.49439,-0.49439
2019-04-06 16:00:45,-0.33476,-0.33476
2019-04-06 17:00:15,-0.33875,-0.33875
2019-04-06 17:00:45,-0.11765,-0.11765
2019-04-06 18:00:15,0.012533,0.012533
2019-04-06 18:00:45,-0.017775,-0.017775
2019-04-06 19:00:15,0.056727,0.056727
2019-04-06 19:00:45,0.28841,0.28841
2019-04-06 20:00:15,0.12809,0.12809
2019-04-06 20:00:45,0.018043,0.018043
2019-04-06 21:00:15,0.2572,0.2572
2019-04-06 21:00:45,0.055491,0.055491
2019-04-06 22:00:15,0.3007,0.3007
2019-04-06 22:00:45,0.020564,0.020564
2019-04-06 23:00:15,0.16987,0.16987
2019-04-06 23:00:45,0.056397,0.056397
2019-04-07 00:00:15,0.035667,0.035667
2019-04-07 00:00:45,-0.068541,-0.068541
2019-04-07 01:00:15,-0.06166,-0.06166
2019-04-07 01:00:45,0.46695,0.46695
2019-04-07 02:00:15,-0.057154,-0.057154
2019-04-07 02:00:45,,0.04112931
2019-04-07 03:00:15,0.027059,0.027059
2019-04-07 03:00:45,0.027837,0.027837
2019-04-07 04:00:15,-0.10263,-0.10263
2019-04-07 04:00:45,,-0.027750217499999997
2019-04-07 05:00:15,-0.048494,-0.048494
2019-04-07 05:00:45,0.007919,0.007919
2019-04-07 06:00:15,-0.096862,-0.096862
2019-04-07 06:00:45,-0.55301,-0.55301
2019-04-07 07:00:15,-1.0561,-1.0561
2019-04-07 07:00:45,-0.56459,-0.56459
2019-04-07 08:00:15,-0.17251,-0.17251
2019-04-07 08:00:45,-0.36661,-0.36661
2019-04-07 09:00:15,-1.0302,-1.0302
2019-04-07 09:00:45,-0.98378,-0.98378
2019-04-07 10:00:15,-0.84485,-0.84485
2019-04-07 10:00:45,-1.7123,-1.7123
2019-04-07 11:00:15,-1.2371,-1.2371
2019-04-07 11:00:45,-2.1335,-2.1335
2019-04-07 12:00:15,-1.5803,-1.5803
2019-04-07 12:00:45,-1.459,-1.459
2019-04-07 13:00:15,-1.5651,-1.5651
2019-04-07 13:00:45,-1.1372,-1.1372
2019-04-07 14:00:15,-1.2232,-1.2232
2019-04-07 14:00:45,-0.73278,-0.73278
2019-04-07 15:00:15,-0.50042,-0.50042
2019-04-07 15:00:45,-0.74282,-0.74282
2019-04-07 16:00:15,-0.3868,-0.3868
2019-04-07 16:00:45,-0.58142,-0.58142
2019-04-07 17:00:15,-0.21267,-0.21267
2019-04-07 17:00:45,-0.53871,-0.53871
2019-04-07 18:00:15,0.041403,0.041403
2019-04-07 18:00:45,0.069843,0.069843
2019-04-07 19:00:15,-0.013001,-0.013001
2019-04-07 19:00:45,-0.065235,-0.065235
2019-04-07 20:00:15,0.54079,0.54079
2019-04-07 20:00:45,0.11232,0.11232
2019-04-07 21:00:15,-0.07803,-0.07803
2019-04-07 21:00:45,0.066128,0.066128
2019-04-07 22:00:15,0.15022,0.15022
2019-04-07 22:00:45,-0.082122,-0.082122
2019-04-07 23:00:15,0.028521,0.028521
2019-04-07 23:00:45,0.18325,0.18325
2019-04-08 00:00:15,-0.028371,-0.028371
2019-04-08 00:00:45,-0.030351,-0.030351
2019-04-08 01:00:15,0.012298,0.012298
2019-04-08 01:00:45,-0.011795,-0.011795
2019-04-08 02:00:15,1.266,1.266
2019-04-08 02:00:45,-0.004489,-0.004489
2019-04-08 03:00:15,,0.0007071525000000032
2019-04-08 03:00:45,-0.031835,-0.031835
2019-04-08 04:00:15,-0.14447,-0.14447
2019-04-08 04:00:45,,-0.03951457750000001
2019-04-08 05:00:15,-0.10123,-0.10123
2019-04-08 05:00:45,0.24397,0.24397
2019-04-08 06:00:15,-0.1636,-0.1636
2019-04-08 06:00:45,-0.88878,-0.88878
2019-04-08 07:00:15,-1.973,-1.973
2019-04-08 07:00:45,-1.4128,-1.4128
2019-04-08 08:00:15,-1.6584,-1.6584
2019-04-08 08:00:45,-0.79969,-0.79969
2019-04-08 09:00:15,-0.45129,-0.45129
2019-04-08 09:00:45,-0.59272,-0.59272
2019-04-08 10:00:15,-0.61773,-0.61773
2019-04-08 10:00:45,-1.0543,-1.0543
2019-04-08 11:00:15,-1.1309,-1.1309
2019-04-08 11:00:45,-1.252,-1.252
2019-04-08 12:00:15,-0.85559,-0.85559
2019-04-08 12:00:45,-0.45327,-0.45327
2019-04-08 13:00:15,-0.61719,-0.61719
2019-04-08 13:00:45,-0.41348,-0.41348
2019-04-08 14:00:15,-0.64656,-0.64656
2019-04-08 14:00:45,-0.44504,-0.44504
2019-04-08 15:00:15,-0.37225,-0.37225
2019-04-08 15:00:45,-0.47352,-0.47352
2019-04-08 16:00:15,-0.61206,-0.61206
2019-04-08 16:00:45,-0.52856,-0.52856
2019-04-08 17:00:15,-0.186,-0.186
2019-04-08 17:00:45,-0.24716,-0.24716
2019-04-08 18:00:15,0.097249,0.097249
2019-04-08 18:00:45,0.10155,0.10155
2019-04-08 19:00:15,0.1278,0.1278
2019-04-08 19:00:45,0.299,0.299
2019-04-08 20:00:15,0.22009,0.22009
2019-04-08 20:00:45,0.13905,0.13905
2019-04-08 21:00:15,0.42242,0.42242
2019-04-08 21:00:45,-0.006638,-0.006638
2019-04-08 22:00:15,-0.15785,-0.15785
2019-04-08 22:00:45,-0.007612,-0.007612
2019-04-08 23:00:15,0.20102,0.20102
2019-04-08 23:00:45,-0.1837,-0.1837
2019-04-09 00:00:15,0.29195,0.29195
2019-04-09 00:00:45,-0.11649,-0.11649
2019-04-09 01:00:15,0.25703,0.25703
2019-04-09 01:00:45,0.50804,0.50804
2019-04-09 02:00:15,-0.095687,-0.095687
2019-04-09 02:00:45,,0.0069351275000000025
2019-04-09 03:00:15,0.097028,0.097028
2019-04-09 03:00:45,0.097886,0.097886
2019-04-09 04:00:15,0.13883,0.13883
2019-04-09 04:00:45,0.035409,0.035409
2019-04-09 05:00:15,,0.007637537500000006
2019-04-09 05:00:45,-0.054485,-0.054485
2019-04-09 06:00:15,-0.031398,-0.031398
2019-04-09 06:00:45,-0.57461,-0.57461
2019-04-09 07:00:15,-0.95435,-0.95435
2019-04-09 07:00:45,-1.113,-1.113
2019-04-09 08:00:15,-0.95269,-0.95269
2019-04-09 08:00:45,-0.99347,-0.99347
2019-04-09 09:00:15,-1.0779,-1.0779
2019-04-09 09:00:45,-0.56463,-0.56463
2019-04-09 10:00:15,-1.303,-1.303
2019-04-09 10:00:45,-1.0207,-1.0207
2019-04-09 11:00:15,-1.4439,-1.4439
2019-04-09 11:00:45,-1.9578,-1.9578
2019-04-09 12:00:15,-1.0963,-1.0963
2019-04-09 12:00:45,-1.272,-1.272
2019-04-09 13:00:15,-1.0265,-1.0265
2019-04-09 13:00:45,-0.2575,-0.2575
2019-04-09 14:00:15,0.51644,0.51644
2019-04-09 14:00:45,1.0887,1.0887
2019-04-09 15:00:15,0.071395,0.071395
2019-04-09 15:00:45,0.65341,0.65341
2019-04-09 16:00:15,1.6058,1.6058
2019-04-09 16:00:45,1.6351,1.6351
2019-04-09 17:00:15,1.6831,1.6831
2019-04-09 17:00:45,1.7665,1.7665
2019-04-09 18:00:15,1.416,1.416
2019-04-09 18:00:45,0.98853,0.98853
2019-04-09 19:00:15,0.74928,0.74928
2019-04-09 19:00:45,0.64856,0.64856
2019-04-09 20:00:15,0.52832,0.52832
2019-04-09 20:00:45,0.40704,0.40704
2019-04-09 21:00:15,0.20458,0.20458
2019-04-09 21:00:45,,0.19010182249999996
2019-04-09 22:00:15,,0.14746616500000004
2019-04-09 22:00:45,,0.14910000999999992
2019-04-09 23:00:15,0.28813,0.28813
2019-04-09 23:00:45,,0.231019775
2019-04-10 00:00:15,,0.2520602800000001
2019-04-10 00:00:45,0.68143,0.68143
2019-04-10 01:00:15,0.86576,0.86576
2019-04-10 01:00:45,0.66869,0.66869
2019-04-10 02:00:15,0.94479,0.94479
2019-04-10 02:00:45,0.73547,0.73547
2019-04-10 03:00:15,0.93711,0.93711
2019-04-10 03:00:45,0.94321,0.94321
2019-04-10 04:00:15,0.66085,0.66085
2019-04-10 04:00:45,0.91334,0.91334
2019-04-10 05:00:15,0.95291,0.95291
2019-04-10 05:00:45,0.70008,0.70008
2019-04-10 06:00:15,0.062153,0.062153
2019-04-10 06:00:45,-0.41994,-0.41994
2019-04-10 07:00:15,-0.93589,-0.93589
2019-04-10 07:00:45,0.80967,0.80967
2019-04-10 08:00:15,0.72465,0.72465
2019-04-10 08:00:45,0.47595,0.47595
2019-04-10 09:00:15,0.85169,0.85169
2019-04-10 09:00:45,2.8053,2.8053
2019-04-10 10:00:15,2.0508,2.0508
2019-04-10 10:00:45,3.4648,3.4648
2019-04-10 11:00:15,3.371,3.371
2019-04-10 11:00:45,1.131,1.131
2019-04-10 12:00:15,0.87044,0.87044
2019-04-10 12:00:45,-0.046523,-0.046523
2019-04-10 13:00:15,0.76398,0.76398
2019-04-10 13:00:45,0.60241,0.60241
2019-04-10 14:00:15,0.97252,0.97252
2019-04-10 14:00:45,1.8689,1.8689
2019-04-10 15:00:15,1.0615,1.0615
2019-04-10 15:00:45,1.0934,1.0934
2019-04-10 16:00:15,1.5095,1.5095
2019-04-10 16:00:45,1.8934,1.8934
2019-04-10 17:00:15,1.7972,1.7972
2019-04-10 17:00:45,1.1083,1.1083
2019-04-10 18:00:15,1.6381,1.6381
2019-04-10 18:00:45,2.2128,2.2128
2019-04-10 19:00:15,1.6812,1.6812
2019-04-10 19:00:45,0.60011,0.60011
2019-04-10 20:00:15,0.75872,0.75872
2019-04-10 20:00:45,0.3103,0.3103
2019-04-10 21:00:15,0.23008,0.23008
2019-04-10 21:00:45,0.22117,0.22117
2019-04-10 22:00:15,0.57618,0.57618
2019-04-10 22:00:45,1.4741,1.4741
2019-04-10 23:00:15,0.97426,0.97426
2019-04-10 23:00:45,0.8732,0.8732
2019-04-11 00:00:15,0.90901,0.90901
2019-04-11 00:00:45,0.57733,0.57733
2019-04-11 01:00:15,0.59656,0.59656
2019-04-11 01:00:45,0.58573,0.58573
2019-04-11 02:00:15,0.53881,0.53881
2019-04-11 02:00:45,0.41172,0.41172
2019-04-11 03:00:15,0.25589,0.25589
2019-04-11 03:00:45,0.37397,0.37397
2019-04-11 04:00:15,0.3456,0.3456
2019-04-11 04:00:45,0.38471,0.38471
2019-04-11 05:00:15,0.61487,0.61487
2019-04-11 05:00:45,0.2452,0.2452
2019-04-11 06:00:15,-0.086818,-0.086818
2019-04-11 06:00:45,-0.33009,-0.33009
2019-04-11 07:00:15,-0.48811,-0.48811
2019-04-11 07:00:45,-0.31258,-0.31258
2019-04-11 08:00:15,-0.46747,-0.46747
2019-04-11 08:00:45,-0.10205,-0.10205
2019-04-11 09:00:15,-0.49381,-0.49381
2019-04-11 09:00:45,-0.57034,-0.57034
2019-04-11 10:00:15,-0.37218,-0.37218
2019-04-11 10:00:45,0.16011,0.16011
2019-04-11 11:00:15,-1.8787,-1.8787
2019-04-11 11:00:45,-1.142,-1.142
2019-04-11 12:00:15,-0.8168,-0.8168
2019-04-11 12:00:45,-1.5157,-1.5157
2019-04-11 13:00:15,-1.4152,-1.4152
2019-04-11 13:00:45,-0.45334,-0.45334
2019-04-11 14:00:15,-0.79201,-0.79201
2019-04-11 14:00:45,-1.5044,-1.5044
2019-04-11 15:00:15,-0.82888,-0.82888
2019-04-11 15:00:45,-0.54654,-0.54654
2019-04-11 16:00:15,-0.49066,-0.49066
2019-04-11 16:00:45,-0.618,-0.618
2019-04-11 17:00:15,-0.15383,-0.15383
2019-04-11 17:00:45,-0.13638,-0.13638
2019-04-11 18:00:15,-0.019227,-0.019227
2019-04-11 18:00:45,0.20667,0.20667
2019-04-11 19:00:15,-0.035096,-0.035096
2019-04-11 19:00:45,0.20834,0.20834
2019-04-11 20:00:15,0.17221,0.17221
2019-04-11 20:00:45,0.20444,0.20444
2019-04-11 21:00:15,-0.096907,-0.096907
2019-04-11 21:00:45,0.02927,0.02927
2019-04-11 22:00:15,0.032475,0.032475
2019-04-11 22:00:45,0.092716,0.092716
2019-04-11 23:00:15,0.39628,0.39628
2019-04-11 23:00:45,-0.11097,-0.11097
2019-04-12 00:00:15,,0.065146015
2019-04-12 00:00:45,-0.028035,-0.028035
2019-04-12 01:00:15,0.12898,0.12898
2019-04-12 01:00:45,0.12024,0.12024
2019-04-12 02:00:15,0.044909,0.044909
2019-04-12 02:00:45,-0.11889,-0.11889
2019-04-12 03:00:15,0.000456,0.000456
2019-04-12 03:00:45,0.017749,0.017749
2019-04-12 04:00:15,0.14162,0.14162
2019-04-12 04:00:45,0.072295,0.072295
2019-04-12 05:00:15,-0.014958,-0.014958
2019-04-12 05:00:45,0.15572,0.15572
2019-04-12 06:00:15,-0.043844,-0.043844
2019-04-12 06:00:45,-0.27897,-0.27897
2019-04-12 07:00:15,-0.29103,-0.29103
2019-04-12 07:00:45,-0.60998,-0.60998
2019-04-12 08:00:15,-0.83228,-0.83228
2019-04-12 08:00:45,-1.2039,-1.2039
2019-04-12 09:00:15,-1.2338,-1.2338
2019-04-12 09:00:45,-1.2399,-1.2399
2019-04-12 10:00:15,-2.123,-2.123
2019-04-12 10:00:45,-2.3157,-2.3157
2019-04-12 11:00:15,-2.6062,-2.6062
2019-04-12 11:00:45,-2.4596,-2.4596
2019-04-12 12:00:15,-2.8072,-2.8072
2019-04-12 12:00:45,-2.1302,-2.1302
2019-04-12 13:00:15,-1.4635,-1.4635
2019-04-12 13:00:45,-2.3923,-2.3923
2019-04-12 14:00:15,-1.8878,-1.8878
2019-04-12 14:00:45,-1.4325,-1.4325
2019-04-12 15:00:15,-1.8353,-1.8353
2019-04-12 15:00:45,-1.0463,-1.0463
2019-04-12 16:00:15,-0.82102,-0.82102
2019-04-12 16:00:45,-0.48043,-0.48043
2019-04-12 17:00:15,-0.12669,-0.12669
2019-04-12 17:00:45,0.096541,0.096541
2019-04-12 18:00:15,,0.075567015
2019-04-12 18:00:45,,0.29226403000000006
2019-04-12 19:00:15,-0.032137,-0.032137
2019-04-12 19:00:45,0.14251,0.14251
2019-04-12 20:00:15,0.23987,0.23987
2019-04-12 20:00:45,-0.054899,-0.054899
2019-04-12 21:00:15,0.19464,0.19464
2019-04-12 21:00:45,-0.057571,-0.057571
2019-04-12 22:00:15,,0.06438683250000002
2019-04-12 22:00:45,0.13249,0.13249
2019-04-12 23:00:15,0.051431,0.051431
2019-04-12 23:00:45,0.16017,0.16017
2019-04-13 00:00:15,-0.037689,-0.037689
2019-04-13 00:00:45,-0.032071,-0.032071
2019-04-13 01:00:15,-0.076763,-0.076763
2019-04-13 01:00:45,0.041755,0.041755
2019-04-13 02:00:15,0.033511,0.033511
2019-04-13 02:00:45,0.12116,0.12116
2019-04-13 03:00:15,0.14106,0.14106
2019-04-13 03:00:45,-0.14963,-0.14963
2019-04-13 04:00:15,-0.14907,-0.14907
2019-04-13 04:00:45,0.045162,0.045162
2019-04-13 05:00:15,-0.058422,-0.058422
2019-04-13 05:00:45,-0.10599,-0.10599
2019-04-13 06:00:15,-0.23951,-0.23951
2019-04-13 06:00:45,-0.51442,-0.51442
2019-04-13 07:00:15,-0.64733,-0.64733
2019-04-13 07:00:45,0.024306,0.024306
2019-04-13 08:00:15,-0.90955,-0.90955
2019-04-13 08:00:45,-1.3655,-1.3655
2019-04-13 09:00:15,-1.2358,-1.2358
2019-04-13 09:00:45,-0.87221,-0.87221
2019-04-13 10:00:15,-1.7072,-1.7072
2019-04-13 10:00:45,-0.39342,-0.39342
2019-04-13 11:00:15,0.2885,0.2885
2019-04-13 11:00:45,-0.28716,-0.28716
2019-04-13 12:00:15,-1.8359,-1.8359
2019-04-13 12:00:45,-1.937,-1.937
2019-04-13 13:00:15,-1.3115,-1.3115
2019-04-13 13:00:45,-1.3059,-1.3059
2019-04-13 14:00:15,-3.3624,-3.3624
2019-04-13 14:00:45,,-1.2202384949999994
2019-04-13 15:00:15,-0.93122,-0.93122
2019-04-13 15:00:45,-1.2599,-1.2599
2019-04-13 16:00:15,-0.9919,-0.9919
2019-04-13 16:00:45,-0.75329,-0.75329
2019-04-13 17:00:15,-0.72971,-0.72971
2019-04-13 17:00:45,-0.90356,-0.90356
2019-04-13 18:00:15,-0.7546,-0.7546
2019-04-13 18:00:45,-0.084628,-0.084628
2019-04-13 19:00:15,-0.18624,-0.18624
2019-04-13 19:00:45,-0.10081,-0.10081
2019-04-13 20:00:15,,-0.009346395000000004
2019-04-13 20:00:45,-0.17194,-0.17194
2019-04-13 21:00:15,-0.079828,-0.079828
2019-04-13 21:00:45,-0.000123,-0.000123
2019-04-13 22:00:15,-0.05706,-0.05706
2019-04-13 22:00:45,-0.016974,-0.016974
2019-04-13 23:00:15,-0.046901,-0.046901
2019-04-13 23:00:45,-0.019292,-0.019292
2019-04-14 00:00:15,0.004389,0.004389
2019-04-14 00:00:45,0.028291,0.028291
2019-04-14 01:00:15,0.056415,0.056415
2019-04-14 01:00:45,0.10139,0.10139
2019-04-14 02:00:15,0.15307,0.15307
2019-04-14 02:00:45,0.13829,0.13829
2019-04-14 03:00:15,0.050326,0.050326
2019-04-14 03:00:45,0.066234,0.066234
2019-04-14 04:00:15,0.045382,0.045382
2019-04-14 04:00:45,0.051677,0.051677
2019-04-14 05:00:15,-0.18775,-0.18775
2019-04-14 05:00:45,0.08266,0.08266
2019-04-14 06:00:15,-0.19431,-0.19431
2019-04-14 06:00:45,-0.61289,-0.61289
2019-04-14 07:00:15,-0.9108,-0.9108
2019-04-14 07:00:45,-1.2586,-1.2586
2019-04-14 08:00:15,-1.0893,-1.0893
2019-04-14 08:00:45,-1.146,-1.146
2019-04-14 09:00:15,-1.0952,-1.0952
2019-04-14 09:00:45,-1.0188,-1.0188
2019-04-14 10:00:15,-1.169,-1.169
2019-04-14 10:00:45,-1.0367,-1.0367
2019-04-14 11:00:15,-0.14728,-0.14728
2019-04-14 11:00:45,-3.1517,-3.1517
2019-04-14 12:00:15,-1.6673,-1.6673
2019-04-14 12:00:45,-1.3668,-1.3668
2019-04-14 13:00:15,-1.3718,-1.3718
2019-04-14 13:00:45,-1.248,-1.248
2019-04-14 14:00:15,-0.61735,-0.61735
2019-04-14 14:00:45,-1.2478,-1.2478
2019-04-14 15:00:15,0.98226,0.98226
2019-04-14 15:00:45,-0.59229,-0.59229
2019-04-14 16:00:15,0.11852,0.11852
2019-04-14 16:00:45,-0.11465,-0.11465
2019-04-14 17:00:15,-0.20551,-0.20551
2019-04-14 17:00:45,-0.21423,-0.21423
2019-04-14 18:00:15,0.045608,0.045608
2019-04-14 18:00:45,0.16398,0.16398
2019-04-14 19:00:15,0.20552,0.20552
2019-04-14 19:00:45,0.29598,0.29598
2019-04-14 20:00:15,-0.026639,-0.026639
2019-04-14 20:00:45,,0.12149033000000001
2019-04-14 21:00:15,0.039964,0.039964
2019-04-14 21:00:45,0.098419,0.098419
2019-04-14 22:00:15,0.18329,0.18329
2019-04-14 22:00:45,0.29793,0.29793
2019-04-14 23:00:15,0.14069,0.14069
2019-04-14 23:00:45,0.34493,0.34493
2019-04-15 00:00:15,0.46776,0.46776
2019-04-15 00:00:45,0.49567,0.49567
2019-04-15 01:00:15,0.4359,0.4359
2019-04-15 01:00:45,0.26979,0.26979
2019-04-15 02:00:15,0.37122,0.37122
2019-04-15 02:00:45,0.34176,0.34176
2019-04-15 03:00:15,0.36563,0.36563
2019-04-15 03:00:45,0.24988,0.24988
2019-04-15 04:00:15,0.30009,0.30009
2019-04-15 04:00:45,0.26977,0.26977
2019-04-15 05:00:15,0.051196,0.051196
2019-04-15 05:00:45,0.009963,0.009963
2019-04-15 06:00:15,-0.62421,-0.62421
2019-04-15 06:00:45,-1.0105,-1.0105
2019-04-15 07:00:15,-1.716,-1.716
2019-04-15 07:00:45,-1.9589,-1.9589
2019-04-15 08:00:15,-1.5227,-1.5227
2019-04-15 08:00:45,-1.2073,-1.2073
2019-04-15 09:00:15,-1.2354,-1.2354
2019-04-15 09:00:45,-1.4824,-1.4824
2019-04-15 10:00:15,-2.0158,-2.0158
2019-04-15 10:00:45,-1.4258,-1.4258
2019-04-15 11:00:15,-1.1917,-1.1917
2019-04-15 11:00:45,-0.98297,-0.98297
2019-04-15 12:00:15,-0.86345,-0.86345
2019-04-15 12:00:45,-1.3571,-1.3571
2019-04-15 13:00:15,-0.98791,-0.98791
2019-04-15 13:00:45,-1.0341,-1.0341
2019-04-15 14:00:15,-0.67268,-0.67268
2019-04-15 14:00:45,-0.58292,-0.58292
2019-04-15 15:00:15,-0.02385,-0.02385
2019-04-15 15:00:45,-0.61759,-0.61759
2019-04-15 16:00:15,-1.1055,-1.1055
2019-04-15 16:00:45,-0.92893,-0.92893
2019-04-15 17:00:15,-0.59583,-0.59583
2019-04-15 17:00:45,-0.096805,-0.096805
2019-04-15 18:00:15,0.35727,0.35727
2019-04-15 18:00:45,0.37435,0.37435
2019-04-15 19:00:15,0.53718,0.53718
2019-04-15 19:00:45,0.79456,0.79456
2019-04-15 20:00:15,0.95278,0.95278
2019-04-15 20:00:45,0.77123,0.77123
2019-04-15 21:00:15,0.86932,0.86932
2019-04-15 21:00:45,0.42729,0.42729
2019-04-15 22:00:15,0.14521,0.14521
2019-04-15 22:00:45,0.36699,0.36699
2019-04-15 23:00:15,-0.15536,-0.15536
2019-04-15 23:00:45,0.12251,0.12251
2019-04-16 00:00:15,0.11816,0.11816
2019-04-16 00:00:45,0.1502,0.1502
2019-04-16 01:00:15,0.3656,0.3656
2019-04-16 01:00:45,-0.056989,-0.056989
2019-04-16 02:00:15,0.99126,0.99126
2019-04-16 02:00:45,0.63731,0.63731
2019-04-16 03:00:15,0.26822,0.26822
2019-04-16 03:00:45,0.3115,0.3115
2019-04-16 04:00:15,0.16606,0.16606
2019-04-16 04:00:45,-0.10583,-0.10583
2019-04-16 05:00:15,0.090094,0.090094
2019-04-16 05:00:45,-0.17466,-0.17466
2019-04-16 06:00:15,-0.78334,-0.78334
2019-04-16 06:00:45,-0.88839,-0.88839
2019-04-16 07:00:15,-1.2219,-1.2219
2019-04-16 07:00:45,-1.3769,-1.3769
2019-04-16 08:00:15,-1.6193,-1.6193
2019-04-16 08:00:45,-1.5273,-1.5273
2019-04-16 09:00:15,-1.1688,-1.1688
2019-04-16 09:00:45,-1.162,-1.162
2019-04-16 10:00:15,-1.6729,-1.6729
2019-04-16 10:00:45,-2.452,-2.452
2019-04-16 11:00:15,-0.60151,-0.60151
2019-04-16 11:00:45,-3.1528,-3.1528
2019-04-16 12:00:15,-2.2009,-2.2009
2019-04-16 12:00:45,,-1.1585442675000004
2019-04-16 13:00:15,-1.0893,-1.0893
2019-04-16 13:00:45,-1.4349,-1.4349
2019-04-16 14:00:15,-1.3545,-1.3545
2019-04-16 14:00:45,-0.61329,-0.61329
2019-04-16 15:00:15,-0.13146,-0.13146
2019-04-16 15:00:45,-0.88831,-0.88831
2019-04-16 16:00:15,-1.1515,-1.1515
2019-04-16 16:00:45,-0.52854,-0.52854
2019-04-16 17:00:15,0.041222,0.041222
2019-04-16 17:00:45,0.30872,0.30872
2019-04-16 18:00:15,0.85192,0.85192
2019-04-16 18:00:45,0.87016,0.87016
2019-04-16 19:00:15,0.74539,0.74539
2019-04-16 19:00:45,0.48326,0.48326
2019-04-16 20:00:15,1.0089,1.0089
2019-04-16 20:00:45,0.80933,0.80933
2019-04-16 21:00:15,0.45015,0.45015
2019-04-16 21:00:45,0.57823,0.57823
2019-04-16 22:00:15,0.16335,0.16335
2019-04-16 22:00:45,0.01492,0.01492
2019-04-16 23:00:15,0.092007,0.092007
2019-04-16 23:00:45,0.052607,0.052607
2019-04-17 00:00:15,0.019855,0.019855
2019-04-17 00:00:45,0.31381,0.31381
2019-04-17 01:00:15,,0.25690843
2019-04-17 01:00:45,,0.4824491274999999
2019-04-17 02:00:15,,1.0611164850000003
2019-04-17 02:00:45,,0.9081462025
2019-04-17 03:00:15,,0.8183966125000001
2019-04-17 03:00:45,,0.4581775500000001
2019-04-17 04:00:15,,0.45282335999999995
2019-04-17 04:00:45,,0.44115140250000007
2019-04-17 05:00:15,,0.5268395550000002
2019-04-17 05:00:45,,0.33877711
2019-04-17 06:00:15,,0.018971567499999998
2019-04-17 06:00:45,,-0.20781007499999996
2019-04-17 07:00:15,,-0.14160904750000003
2019-04-17 07:00:45,,-0.12201252499999998
2019-04-17 08:00:15,,-0.06418559999999998
2019-04-17 08:00:45,,-0.19971819749999994
2019-04-17 09:00:15,,-0.3721885924999999
2019-04-17 09:00:45,,-0.5858652775000002
2019-04-17 10:00:15,-0.69818,-0.69818
2019-04-17 10:00:45,-1.0429,-1.0429
2019-04-17 11:00:15,-0.68103,-0.68103
2019-04-17 11:00:45,-1.1352,-1.1352
2019-04-17 12:00:15,-1.6218,-1.6218
2019-04-17 12:00:45,-1.0287,-1.0287
2019-04-17 13:00:15,,-1.079228135
2019-04-17 13:00:45,-1.4924,-1.4924
2019-04-17 14:00:15,-1.3627,-1.3627
2019-04-17 14:00:45,-1.2446,-1.2446
2019-04-17 15:00:15,-0.39984,-0.39984
2019-04-17 15:00:45,,-0.03591815249999998
2019-04-17 16:00:15,,-0.09454962749999998
2019-04-17 16:00:45,,0.023471234999999997
2019-04-17 17:00:15,,0.193545525
2019-04-17 17:00:45,,0.17867839
2019-04-17 18:00:15,,0.3692423700000001
2019-04-17 18:00:45,,0.36609571
2019-04-17 19:00:15,,0.552665795
2019-04-17 19:00:45,,0.54123269
2019-04-17 20:00:15,,0.7670164175000002
2019-04-17 20:00:45,,0.812081965
2019-04-17 21:00:15,2.2627,2.2627
2019-04-17 21:00:45,,0.7005425350000003
2019-04-17 22:00:15,,0.6505832100000003
2019-04-17 22:00:45,,0.6750528400000001
2019-04-17 23:00:15,,0.6286013125000002
2019-04-17 23:00:45,,0.7142297000000002
2019-04-18 00:00:15,,0.6780720524999998
2019-04-18 00:00:45,0.76278,0.76278
2019-04-18 01:00:15,0.59431,0.59431
2019-04-18 01:00:45,0.24386,0.24386
2019-04-18 02:00:15,0.17903,0.17903
2019-04-18 02:00:45,0.14102,0.14102
2019-04-18 03:00:15,,0.5057240024999998
2019-04-18 03:00:45,0.45272,0.45272
2019-04-18 04:00:15,,0.3486396224999999
2019-04-18 04:00:45,,0.4040735174999999
2019-04-18 05:00:15,,0.1654561375
2019-04-18 05:00:45,0.012323,0.012323
2019-04-18 06:00:15,-0.079048,-0.079048
2019-04-18 06:00:45,-0.65183,-0.65183
2019-04-18 07:00:15,-0.081336,-0.081336
2019-04-18 07:00:45,-0.50981,-0.50981
2019-04-18 08:00:15,-0.62331,-0.62331
2019-04-18 08:00:45,-0.38767,-0.38767
2019-04-18 09:00:15,-1.4345,-1.4345
2019-04-18 09:00:45,-0.78465,-0.78465
2019-04-18 10:00:15,-0.85878,-0.85878
2019-04-18 10:00:45,-0.044734,-0.044734
2019-04-18 11:00:15,0.70707,0.70707
2019-04-18 11:00:45,-0.33134,-0.33134
2019-04-18 12:00:15,-0.056266,-0.056266
2019-04-18 12:00:45,-0.49284,-0.49284
2019-04-18 13:00:15,0.93347,0.93347
2019-04-18 13:00:45,0.17736,0.17736
2019-04-18 14:00:15,-0.338,-0.338
2019-04-18 14:00:45,0.42275,0.42275
2019-04-18 15:00:15,0.61416,0.61416
2019-04-18 15:00:45,-0.32399,-0.32399
2019-04-18 16:00:15,-0.32019,-0.32019
2019-04-18 16:00:45,-1.2468,-1.2468
2019-04-18 17:00:15,-0.27613,-0.27613
2019-04-18 17:00:45,-0.27172,-0.27172
2019-04-18 18:00:15,0.031212,0.031212
2019-04-18 18:00:45,0.054049,0.054049
2019-04-18 19:00:15,-0.057039,-0.057039
2019-04-18 19:00:45,0.25833,0.25833
2019-04-18 20:00:15,-0.042257,-0.042257
2019-04-18 20:00:45,,0.1647933875
2019-04-18 21:00:15,0.082165,0.082165
2019-04-18 21:00:45,0.1836,0.1836
2019-04-18 22:00:15,1.8786,1.8786
2019-04-18 22:00:45,0.70263,0.70263
2019-04-18 23:00:15,0.24957,0.24957
2019-04-18 23:00:45,,0.13764068499999998
2019-04-19 00:00:15,0.25461,0.25461
2019-04-19 00:00:45,,0.1462686975
2019-04-19 01:00:15,0.37642,0.37642
2019-04-19 01:00:45,0.09749,0.09749
2019-04-19 02:00:15,0.37346,0.37346
2019-04-19 02:00:45,-0.062564,-0.062564
2019-04-19 03:00:15,0.063122,0.063122
2019-04-19 03:00:45,0.85337,0.85337
2019-04-19 04:00:15,-0.020648,-0.020648
2019-04-19 04:00:45,0.099473,0.099473
2019-04-19 05:00:15,-0.007476,-0.007476
2019-04-19 05:00:45,-0.2141,-0.2141
2019-04-19 06:00:15,-0.9016,-0.9016
2019-04-19 06:00:45,-0.2992,-0.2992
2019-04-19 07:00:15,-0.58886,-0.58886
2019-04-19 07:00:45,-1.2789,-1.2789
2019-04-19 08:00:15,-1.1496,-1.1496
2019-04-19 08:00:45,-1.6802,-1.6802
2019-04-19 09:00:15,-1.1286,-1.1286
2019-04-19 09:00:45,-1.483,-1.483
2019-04-19 10:00:15,-0.97339,-0.97339
2019-04-19 10:00:45,-1.1312,-1.1312
2019-04-19 11:00:15,-0.43312,-0.43312
2019-04-19 11:00:45,-1.5167,-1.5167
2019-04-19 12:00:15,-1.0954,-1.0954
2019-04-19 12:00:45,-0.99636,-0.99636
2019-04-19 13:00:15,-0.37601,-0.37601
2019-04-19 13:00:45,0.15102,0.15102
2019-04-19 14:00:15,-0.05441,-0.05441
2019-04-19 14:00:45,-1.3071,-1.3071
2019-04-19 15:00:15,0.96813,0.96813
2019-04-19 15:00:45,-1.4377,-1.4377
2019-04-19 16:00:15,-1.3583,-1.3583
2019-04-19 16:00:45,-0.75201,-0.75201
2019-04-19 17:00:15,-1.1792,-1.1792
2019-04-19 17:00:45,-0.37725,-0.37725
2019-04-19 18:00:15,-0.057553,-0.057553
2019-04-19 18:00:45,0.084967,0.084967
2019-04-19 19:00:15,,0.13387584249999998
2019-04-19 19:00:45,0.21655,0.21655
2019-04-19 20:00:15,0.58467,0.58467
2019-04-19 20:00:45,0.29954,0.29954
2019-04-19 21:00:15,0.43541,0.43541
2019-04-19 21:00:45,0.56324,0.56324
2019-04-19 22:00:15,0.65731,0.65731
2019-04-19 22:00:45,0.42434,0.42434
2019-04-19 23:00:15,0.33155,0.33155
2019-04-19 23:00:45,0.40454,0.40454
2019-04-20 00:00:15,0.46401,0.46401
2019-04-20 00:00:45,0.56267,0.56267
2019-04-20 01:00:15,0.55146,0.55146
2019-04-20 01:00:45,0.4367,0.4367
2019-04-20 02:00:15,0.49714,0.49714
2019-04-20 02:00:45,0.63758,0.63758
2019-04-20 03:00:15,0.42277,0.42277
2019-04-20 03:00:45,0.18943,0.18943
2019-04-20 04:00:15,0.19662,0.19662
2019-04-20 04:00:45,0.29226,0.29226
2019-04-20 05:00:15,0.19672,0.19672
2019-04-20 05:00:45,-0.039583,-0.039583
2019-04-20 06:00:15,-0.74376,-0.74376
2019-04-20 06:00:45,-1.2426,-1.2426
2019-04-20 07:00:15,-1.2966,-1.2966
2019-04-20 07:00:45,-1.2104,-1.2104
2019-04-20 08:00:15,-1.3774,-1.3774
2019-04-20 08:00:45,-1.1541,-1.1541
2019-04-20 09:00:15,-1.6077,-1.6077
2019-04-20 09:00:45,-0.91728,-0.91728
2019-04-20 10:00:15,-1.3656,-1.3656
2019-04-20 10:00:45,-1.6478,-1.6478
2019-04-20 11:00:15,-1.7814,-1.7814
2019-04-20 11:00:45,-1.1027,-1.1027
2019-04-20 12:00:15,-0.48624,-0.48624
2019-04-20 12:00:45,-0.19597,-0.19597
2019-04-20 13:00:15,-0.41557,-0.41557
2019-04-20 13:00:45,-0.93021,-0.93021
2019-04-20 14:00:15,-0.32671,-0.32671
2019-04-20 14:00:45,-0.54485,-0.54485
2019-04-20 15:00:15,0.72211,0.72211
2019-04-20 15:00:45,0.2042,0.2042
2019-04-20 16:00:15,0.28871,0.28871
2019-04-20 16:00:45,0.62554,0.62554
2019-04-20 17:00:15,0.78029,0.78029
2019-04-20 17:00:45,0.69339,0.69339
2019-04-20 18:00:15,0.8152,0.8152
2019-04-20 18:00:45,1.1985,1.1985
2019-04-20 19:00:15,1.1476,1.1476
2019-04-20 19:00:45,0.82846,0.82846
2019-04-20 20:00:15,0.83471,0.83471
2019-04-20 20:00:45,0.66051,0.66051
2019-04-20 21:00:15,0.88593,0.88593
2019-04-20 21:00:45,0.40264,0.40264
2019-04-20 22:00:15,,0.3613399575000001
2019-04-20 22:00:45,0.48848,0.48848
2019-04-20 23:00:15,0.49471,0.49471
2019-04-20 23:00:45,0.62485,0.62485
2019-04-21 00:00:15,0.10818,0.10818
2019-04-21 00:00:45,0.17393,0.17393
2019-04-21 01:00:15,-0.032211,-0.032211
2019-04-21 01:00:45,0.13324,0.13324
2019-04-21 02:00:15,0.29039,0.29039
2019-04-21 02:00:45,0.28018,0.28018
2019-04-21 03:00:15,0.23214,0.23214
2019-04-21 03:00:45,-0.025091,-0.025091
2019-04-21 04:00:15,0.23449,0.23449
2019-04-21 04:00:45,0.15076,0.15076
2019-04-21 05:00:15,0.14424,0.14424
2019-04-21 05:00:45,-0.22862,-0.22862
2019-04-21 06:00:15,-0.61108,-0.61108
2019-04-21 06:00:45,-0.91842,-0.91842
2019-04-21 07:00:15,-0.97133,-0.97133
2019-04-21 07:00:45,-1.5855,-1.5855
2019-04-21 08:00:15,-1.2819,-1.2819
2019-04-21 08:00:45,-0.99808,-0.99808
2019-04-21 09:00:15,-1.2627,-1.2627
2019-04-21 09:00:45,-1.5084,-1.5084
2019-04-21 10:00:15,-1.4838,-1.4838
2019-04-21 10:00:45,-1.373,-1.373
2019-04-21 11:00:15,-1.528,-1.528
2019-04-21 11:00:45,-1.3962,-1.3962
2019-04-21 12:00:15,-0.68969,-0.68969
2019-04-21 12:00:45,-0.90734,-0.90734
2019-04-21 13:00:15,-0.72454,-0.72454
2019-04-21 13:00:45,-1.1715,-1.1715
2019-04-21 14:00:15,-0.88443,-0.88443
2019-04-21 14:00:45,-0.70352,-0.70352
2019-04-21 15:00:15,1.3047,1.3047
2019-04-21 15:00:45,-0.70933,-0.70933
2019-04-21 16:00:15,-0.50055,-0.50055
2019-04-21 16:00:45,-0.54535,-0.54535
2019-04-21 17:00:15,-0.13737,-0.13737
2019-04-21 17:00:45,0.032089,0.032089
2019-04-21 18:00:15,0.56508,0.56508
2019-04-21 18:00:45,0.75345,0.75345
2019-04-21 19:00:15,0.83564,0.83564
2019-04-21 19:00:45,0.86103,0.86103
2019-04-21 20:00:15,0.57957,0.57957
2019-04-21 20:00:45,0.3781,0.3781
2019-04-21 21:00:15,0.35214,0.35214
2019-04-21 21:00:45,0.99431,0.99431
2019-04-21 22:00:15,0.23651,0.23651
2019-04-21 22:00:45,0.20691,0.20691
2019-04-21 23:00:15,0.68585,0.68585
2019-04-21 23:00:45,-0.1975,-0.1975
2019-04-22 00:00:15,,0.04652874
2019-04-22 00:00:45,0.14723,0.14723
2019-04-22 01:00:15,-0.1335,-0.1335
2019-04-22 01:00:45,,0.058402152500000026
2019-04-22 02:00:15,,0.07052163500000001
2019-04-22 02:00:45,,0.07968557500000001
2019-04-22 03:00:15,-0.026833,-0.026833
2019-04-22 03:00:45,0.088503,0.088503
2019-04-22 04:00:15,,0.05593219749999999
2019-04-22 04:00:45,-0.022982,-0.022982
2019-04-22 05:00:15,0.10078,0.10078
2019-04-22 05:00:45,0.002974,0.002974
2019-04-22 06:00:15,-0.30377,-0.30377
2019-04-22 06:00:45,-0.66327,-0.66327
2019-04-22 07:00:15,-0.79415,-0.79415
2019-04-22 07:00:45,-1.3597,-1.3597
2019-04-22 08:00:15,-1.0836,-1.0836
2019-04-22 08:00:45,-0.70555,-0.70555
2019-04-22 09:00:15,-1.6337,-1.6337
2019-04-22 09:00:45,-2.7236,-2.7236
2019-04-22 10:00:15,-2.4667,-2.4667
2019-04-22 10:00:45,-2.6075,-2.6075
2019-04-22 11:00:15,-2.2367,-2.2367
2019-04-22 11:00:45,-3.6042,-3.6042
2019-04-22 12:00:15,-2.8655,-2.8655
2019-04-22 12:00:45,-2.7496,-2.7496
2019-04-22 13:00:15,-2.6045,-2.6045
2019-04-22 13:00:45,-2.2948,-2.2948
2019-04-22 14:00:15,-2.4132,-2.4132
2019-04-22 14:00:45,-2.2691,-2.2691
2019-04-22 15:00:15,-0.51379,-0.51379
2019-04-22 15:00:45,-1.9263,-1.9263
2019-04-22 16:00:15,,-0.06597600249999999
2019-04-22 16:00:45,,-0.29097068499999995
2019-04-22 17:00:15,,-0.05187435249999999
2019-04-22 17:00:45,-2.9383,-2.9383
2019-04-22 18:00:15,0.40308,0.40308
2019-04-22 18:00:45,-0.079789,-0.079789
2019-04-22 19:00:15,0.51939,0.51939
2019-04-22 19:00:45,0.26302,0.26302
2019-04-22 20:00:15,-0.15822,-0.15822
2019-04-22 20:00:45,0.30826,0.30826
2019-04-22 21:00:15,0.27084,0.27084
2019-04-22 21:00:45,0.30816,0.30816
2019-04-22 22:00:15,0.52159,0.52159
2019-04-22 22:00:45,0.21156,0.21156
2019-04-22 23:00:15,0.21568,0.21568
2019-04-22 23:00:45,0.21006,0.21006
2019-04-23 00:00:15,0.28578,0.28578
2019-04-23 00:00:45,0.34649,0.34649
2019-04-23 01:00:15,0.34568,0.34568
2019-04-23 01:00:45,0.45523,0.45523
2019-04-23 02:00:15,0.329,0.329
2019-04-23 02:00:45,0.49004,0.49004
2019-04-23 03:00:15,,0.6043252475
2019-04-23 03:00:45,0.25308,0.25308
2019-04-23 04:00:15,0.046528,0.046528
2019-04-23 04:00:45,-0.11752,-0.11752
2019-04-23 05:00:15,0.10319,0.10319
2019-04-23 05:00:45,-0.29101,-0.29101
2019-04-23 06:00:15,-0.63337,-0.63337
2019-04-23 06:00:45,-0.9771,-0.9771
2019-04-23 07:00:15,-1.7934,-1.7934
2019-04-23 07:00:45,-2.2863,-2.2863
2019-04-23 08:00:15,-2.3422,-2.3422
2019-04-23 08:00:45,-3.0601,-3.0601
2019-04-23 09:00:15,-2.7821,-2.7821
2019-04-23 09:00:45,-2.8133,-2.8133
2019-04-23 10:00:15,-2.4765,-2.4765
2019-04-23 10:00:45,-3.6107,-3.6107
2019-04-23 11:00:15,-3.3171,-3.3171
2019-04-23 11:00:45,-2.7938,-2.7938
2019-04-23 12:00:15,-2.9146,-2.9146
2019-04-23 12:00:45,-2.7921,-2.7921
2019-04-23 13:00:15,-1.9425,-1.9425
2019-04-23 13:00:45,-2.0854,-2.0854
2019-04-23 14:00:15,-2.2522,-2.2522
2019-04-23 14:00:45,-1.0725,-1.0725
2019-04-23 15:00:15,-1.8778,-1.8778
2019-04-23 15:00:45,-1.3971,-1.3971
2019-04-23 16:00:15,-0.82117,-0.82117
2019-04-23 16:00:45,-1.8423,-1.8423
2019-04-23 17:00:15,-1.7256,-1.7256
2019-04-23 17:00:45,-1.4261,-1.4261
2019-04-23 18:00:15,-0.28803,-0.28803
2019-04-23 18:00:45,0.22279,0.22279
2019-04-23 19:00:15,0.53425,0.53425
2019-04-23 19:00:45,,0.8164484299999997
2019-04-23 20:00:15,1.6506,1.6506
2019-04-23 20:00:45,,0.36550224750000004
2019-04-23 21:00:15,0.11562,0.11562
2019-04-23 21:00:45,0.35145,0.35145
2019-04-23 22:00:15,0.091094,0.091094
2019-04-23 22:00:45,0.060724,0.060724
2019-04-23 23:00:15,0.19761,0.19761
2019-04-23 23:00:45,0.21121,0.21121
2019-04-24 00:00:15,0.077543,0.077543
2019-04-24 00:00:45,0.12481,0.12481
2019-04-24 01:00:15,-0.19398,-0.19398
2019-04-24 01:00:45,0.064067,0.064067
2019-04-24 02:00:15,0.18937,0.18937
2019-04-24 02:00:45,0.36345,0.36345
2019-04-24 03:00:15,0.30606,0.30606
2019-04-24 03:00:45,,0.4544518649999999
2019-04-24 04:00:15,,0.5125294399999999
2019-04-24 04:00:45,,0.6011318825
2019-04-24 05:00:15,,0.5115333625
2019-04-24 05:00:45,,-0.1392647675
2019-04-24 06:00:15,-2.0587,-2.0587
2019-04-24 06:00:45,-0.74054,-0.74054
2019-04-24 07:00:15,-0.56877,-0.56877
2019-04-24 07:00:45,-1.2393,-1.2393
2019-04-24 08:00:15,-1.9575,-1.9575
2019-04-24 08:00:45,-1.0899,-1.0899
2019-04-24 09:00:15,-1.3012,-1.3012
2019-04-24 09:00:45,-1.4449,-1.4449
2019-04-24 10:00:15,-1.9741,-1.9741
2019-04-24 10:00:45,-1.0666,-1.0666
2019-04-24 11:00:15,-1.7348,-1.7348
2019-04-24 11:00:45,-1.8323,-1.8323
2019-04-24 12:00:15,-2.1946,-2.1946
2019-04-24 12:00:45,-1.9856,-1.9856
2019-04-24 13:00:15,-1.4681,-1.4681
2019-04-24 13:00:45,-1.3905,-1.3905
2019-04-24 14:00:15,-1.405,-1.405
2019-04-24 14:00:45,-1.8785,-1.8785
2019-04-24 15:00:15,-1.2122,-1.2122
2019-04-24 15:00:45,-0.90918,-0.90918
2019-04-24 16:00:15,-0.8849,-0.8849
2019-04-24 16:00:45,-0.67115,-0.67115
2019-04-24 17:00:15,-0.42587,-0.42587
2019-04-24 17:00:45,-0.34554,-0.34554
2019-04-24 18:00:15,-0.14952,-0.14952
2019-04-24 18:00:45,-0.036243,-0.036243
2019-04-24 19:00:15,,0.37969900500000003
2019-04-24 19:00:45,,0.37101916749999997
2019-04-24 20:00:15,-0.003834,-0.003834
2019-04-24 20:00:45,0.15248,0.15248
2019-04-24 21:00:15,0.26333,0.26333
2019-04-24 21:00:45,0.26583,0.26583
2019-04-24 22:00:15,0.21313,0.21313
2019-04-24 22:00:45,0.44885,0.44885
2019-04-24 23:00:15,-0.004807,-0.004807
2019-04-24 23:00:45,0.08233,0.08233
2019-04-25 00:00:15,0.12885,0.12885
2019-04-25 00:00:45,0.003911,0.003911
2019-04-25 01:00:15,0.18643,0.18643
2019-04-25 01:00:45,-0.03947,-0.03947
2019-04-25 02:00:15,0.13154,0.13154
2019-04-25 02:00:45,,0.08913673999999996
2019-04-25 03:00:15,0.2174,0.2174
2019-04-25 03:00:45,-0.031541,-0.031541
2019-04-25 04:00:15,0.084276,0.084276
2019-04-25 04:00:45,0.16296,0.16296
2019-04-25 05:00:15,0.49701,0.49701
2019-04-25 05:00:45,-0.18415,-0.18415
2019-04-25 06:00:15,-0.90945,-0.90945
2019-04-25 06:00:45,-1.3764,-1.3764
2019-04-25 07:00:15,-1.5731,-1.5731
2019-04-25 07:00:45,-2.0572,-2.0572
2019-04-25 08:00:15,-2.4516,-2.4516
2019-04-25 08:00:45,-2.2479,-2.2479
2019-04-25 09:00:15,-2.1269,-2.1269
2019-04-25 09:00:45,-1.8959,-1.8959
2019-04-25 10:00:15,-1.7615,-1.7615
2019-04-25 10:00:45,-1.5211,-1.5211
2019-04-25 11:00:15,-1.211,-1.211
2019-04-25 11:00:45,-1.5454,-1.5454
2019-04-25 12:00:15,-0.81251,-0.81251
2019-04-25 12:00:45,-0.76739,-0.76739
2019-04-25 13:00:15,-1.7341,-1.7341
2019-04-25 13:00:45,-0.82939,-0.82939
2019-04-25 14:00:15,-0.51951,-0.51951
2019-04-25 14:00:45,-0.78508,-0.78508
2019-04-25 15:00:15,0.29805,0.29805
2019-04-25 15:00:45,-1.7521,-1.7521
2019-04-25 16:00:15,-1.6251,-1.6251
2019-04-25 16:00:45,-0.93745,-0.93745
2019-04-25 17:00:15,-1.0368,-1.0368
2019-04-25 17:00:45,-0.89886,-0.89886
2019-04-25 18:00:15,-0.52433,-0.52433
2019-04-25 18:00:45,0.1353,0.1353
2019-04-25 19:00:15,0.49472,0.49472
2019-04-25 19:00:45,0.71639,0.71639
2019-04-25 20:00:15,0.76079,0.76079
2019-04-25 20:00:45,0.59161,0.59161
2019-04-25 21:00:15,0.62131,0.62131
2019-04-25 21:00:45,0.52275,0.52275
2019-04-25 22:00:15,0.45197,0.45197
2019-04-25 22:00:45,0.42462,0.42462
2019-04-25 23:00:15,0.47321,0.47321
2019-04-25 23:00:45,0.27371,0.27371
2019-04-26 00:00:15,0.28518,0.28518
2019-04-26 00:00:45,0.079568,0.079568
2019-04-26 01:00:15,0.2766,0.2766
2019-04-26 01:00:45,0.26367,0.26367
2019-04-26 02:00:15,0.24876,0.24876
2019-04-26 02:00:45,0.27444,0.27444
2019-04-26 03:00:15,0.092814,0.092814
2019-04-26 03:00:45,0.25401,0.25401
2019-04-26 04:00:15,0.17834,0.17834
2019-04-26 04:00:45,0.24811,0.24811
2019-04-26 05:00:15,0.25473,0.25473
2019-04-26 05:00:45,-0.11282,-0.11282
2019-04-26 06:00:15,-0.67127,-0.67127
2019-04-26 06:00:45,-1.2748,-1.2748
2019-04-26 07:00:15,-2.1899,-2.1899
2019-04-26 07:00:45,-2.1331,-2.1331
2019-04-26 08:00:15,-2.5015,-2.5015
2019-04-26 08:00:45,-2.4266,-2.4266
2019-04-26 09:00:15,-1.8172,-1.8172
2019-04-26 09:00:45,-2.5893,-2.5893
2019-04-26 10:00:15,-2.431,-2.431
2019-04-26 10:00:45,-2.2163,-2.2163
2019-04-26 11:00:15,-2.2784,-2.2784
2019-04-26 11:00:45,-3.4171,-3.4171
2019-04-26 12:00:15,-1.2595,-1.2595
2019-04-26 12:00:45,1.0236,1.0236
2019-04-26 13:00:15,,-0.022214042499999986
2019-04-26 13:00:45,-2.1262,-2.1262
2019-04-26 14:00:15,-0.94076,-0.94076
2019-04-26 14:00:45,-0.45902,-0.45902
2019-04-26 15:00:15,-2.7085,-2.7085
2019-04-26 15:00:45,-0.78255,-0.78255
2019-04-26 16:00:15,-0.94796,-0.94796
2019-04-26 16:00:45,-0.86099,-0.86099
2019-04-26 17:00:15,-0.77717,-0.77717
2019-04-26 17:00:45,-0.55667,-0.55667
2019-04-26 18:00:15,0.4155,0.4155
2019-04-26 18:00:45,0.82693,0.82693
2019-04-26 19:00:15,0.058997,0.058997
2019-04-26 19:00:45,0.24172,0.24172
2019-04-26 20:00:15,0.15456,0.15456
2019-04-26 20:00:45,0.1807,0.1807
2019-04-26 21:00:15,0.31115,0.31115
2019-04-26 21:00:45,0.36379,0.36379
2019-04-26 22:00:15,0.10649,0.10649
2019-04-26 22:00:45,0.068546,0.068546
2019-04-26 23:00:15,-0.04161,-0.04161
2019-04-26 23:00:45,0.43745,0.43745
2019-04-27 00:00:15,1.34,1.34
2019-04-27 00:00:45,0.28036,0.28036
2019-04-27 01:00:15,0.32918,0.32918
2019-04-27 01:00:45,0.11019,0.11019
2019-04-27 02:00:15,,0.20153887500000003
2019-04-27 02:00:45,0.58918,0.58918
2019-04-27 03:00:15,0.42561,0.42561
2019-04-27 03:00:45,0.43014,0.43014
2019-04-27 04:00:15,0.005,0.005
2019-04-27 04:00:45,3.2168,3.2168
2019-04-27 05:00:15,0.055973,0.055973
2019-04-27 05:00:45,-0.29074,-0.29074
2019-04-27 06:00:15,-0.80234,-0.80234
2019-04-27 06:00:45,-1.4719,-1.4719
2019-04-27 07:00:15,-1.6172,-1.6172
2019-04-27 07:00:45,-1.7787,-1.7787
2019-04-27 08:00:15,-1.7321,-1.7321
2019-04-27 08:00:45,-1.7276,-1.7276
2019-04-27 09:00:15,-1.4536,-1.4536
2019-04-27 09:00:45,-1.8127,-1.8127
2019-04-27 10:00:15,-0.23941,-0.23941
2019-04-27 10:00:45,2.7948,2.7948
2019-04-27 11:00:15,-0.57786,-0.57786
2019-04-27 11:00:45,-0.56239,-0.56239
2019-04-27 12:00:15,-1.5541,-1.5541
2019-04-27 12:00:45,-0.091518,-0.091518
2019-04-27 13:00:15,-1.1102,-1.1102
2019-04-27 13:00:45,-1.2635,-1.2635
2019-04-27 14:00:15,-1.3595,-1.3595
2019-04-27 14:00:45,-1.2917,-1.2917
2019-04-27 15:00:15,1.0514,1.0514
2019-04-27 15:00:45,-1.054,-1.054
2019-04-27 16:00:15,-1.0725,-1.0725
2019-04-27 16:00:45,-0.95043,-0.95043
2019-04-27 17:00:15,-0.14311,-0.14311
2019-04-27 17:00:45,0.10025,0.10025
2019-04-27 18:00:15,0.045442,0.045442
2019-04-27 18:00:45,0.08875,0.08875
2019-04-27 19:00:15,0.19914,0.19914
2019-04-27 19:00:45,0.29177,0.29177
2019-04-27 20:00:15,0.71495,0.71495
2019-04-27 20:00:45,0.11136,0.11136
2019-04-27 21:00:15,0.19762,0.19762
2019-04-27 21:00:45,0.47221,0.47221
2019-04-27 22:00:15,0.074957,0.074957
2019-04-27 22:00:45,0.46843,0.46843
2019-04-27 23:00:15,0.249,0.249
2019-04-27 23:00:45,0.58967,0.58967
2019-04-28 00:00:15,0.74661,0.74661
2019-04-28 00:00:45,-0.19733,-0.19733
2019-04-28 01:00:15,0.27088,0.27088
2019-04-28 01:00:45,0.51687,0.51687
2019-04-28 02:00:15,0.64408,0.64408
2019-04-28 02:00:45,0.088504,0.088504
2019-04-28 03:00:15,0.14978,0.14978
2019-04-28 03:00:45,,0.11248063500000001
2019-04-28 04:00:15,,0.09973216500000001
2019-04-28 04:00:45,0.025766,0.025766
2019-04-28 05:00:15,,0.14138972249999998
2019-04-28 05:00:45,-0.88049,-0.88049
2019-04-28 06:00:15,-1.1092,-1.1092
2019-04-28 06:00:45,-1.5272,-1.5272
2019-04-28 07:00:15,-1.8223,-1.8223
2019-04-28 07:00:45,-1.5271,-1.5271
2019-04-28 08:00:15,-1.8397,-1.8397
2019-04-28 08:00:45,-2.4503,-2.4503
2019-04-28 09:00:15,-0.73006,-0.73006
2019-04-28 09:00:45,-2.3222,-2.3222
2019-04-28 10:00:15,-1.9731,-1.9731
2019-04-28 10:00:45,-2.0939,-2.0939
2019-04-28 11:00:15,-3.2694,-3.2694
2019-04-28 11:00:45,-1.2351,-1.2351
2019-04-28 12:00:15,-1.4023,-1.4023
2019-04-28 12:00:45,-1.1578,-1.1578
2019-04-28 13:00:15,-1.2761,-1.2761
2019-04-28 13:00:45,-0.43217,-0.43217
2019-04-28 14:00:15,-0.81303,-0.81303
2019-04-28 14:00:45,-0.93703,-0.93703
2019-04-28 15:00:15,-0.42952,-0.42952
2019-04-28 15:00:45,-0.10257,-0.10257
2019-04-28 16:00:15,-0.79868,-0.79868
2019-04-28 16:00:45,-0.73146,-0.73146
2019-04-28 17:00:15,-0.1335,-0.1335
2019-04-28 17:00:45,-0.47711,-0.47711
2019-04-28 18:00:15,-0.13486,-0.13486
2019-04-28 18:00:45,0.39749,0.39749
2019-04-28 19:00:15,0.30054,0.30054
2019-04-28 19:00:45,0.43522,0.43522
2019-04-28 20:00:15,0.23137,0.23137
2019-04-28 20:00:45,0.02473,0.02473
2019-04-28 21:00:15,0.271,0.271
2019-04-28 21:00:45,0.41883,0.41883
2019-04-28 22:00:15,0.82242,0.82242
2019-04-28 22:00:45,0.55241,0.55241
2019-04-28 23:00:15,0.8853,0.8853
2019-04-28 23:00:45,0.4669,0.4669
2019-04-29 00:00:15,0.44161,0.44161
2019-04-29 00:00:45,-0.03662,-0.03662
2019-04-29 01:00:15,-0.055271,-0.055271
2019-04-29 01:00:45,-0.10118,-0.10118
2019-04-29 02:00:15,-0.09323,-0.09323
2019-04-29 02:00:45,,0.1110931425
2019-04-29 03:00:15,,0.24442897000000002
2019-04-29 03:00:45,0.18901,0.18901
2019-04-29 04:00:15,0.1755,0.1755
2019-04-29 04:00:45,0.13454,0.13454
2019-04-29 05:00:15,0.32535,0.32535
2019-04-29 05:00:45,0.29541,0.29541
2019-04-29 06:00:15,-0.28898,-0.28898
2019-04-29 06:00:45,-0.57798,-0.57798
2019-04-29 07:00:15,-1.525,-1.525
2019-04-29 07:00:45,-1.8474,-1.8474
2019-04-29 08:00:15,-1.4432,-1.4432
2019-04-29 08:00:45,-2.1908,-2.1908
2019-04-29 09:00:15,-1.9816,-1.9816
2019-04-29 09:00:45,-2.3185,-2.3185
2019-04-29 10:00:15,-3.0908,-3.0908
2019-04-29 10:00:45,-2.6882,-2.6882
2019-04-29 11:00:15,-3.4451,-3.4451
2019-04-29 11:00:45,-2.2989,-2.2989
2019-04-29 12:00:15,-2.4265,-2.4265
2019-04-29 12:00:45,-2.5431,-2.5431
2019-04-29 13:00:15,-2.0163,-2.0163
2019-04-29 13:00:45,-2.3868,-2.3868
2019-04-29 14:00:15,-1.9494,-1.9494
2019-04-29 14:00:45,-1.879,-1.879
2019-04-29 15:00:15,-0.48734,-0.48734
2019-04-29 15:00:45,0.22141,0.22141
2019-04-29 16:00:15,0.59493,0.59493
2019-04-29 16:00:45,0.61371,0.61371
2019-04-29 17:00:15,0.70479,0.70479
2019-04-29 17:00:45,0.96758,0.96758
2019-04-29 18:00:15,1.1649,1.1649
2019-04-29 18:00:45,1.2875,1.2875
2019-04-29 19:00:15,1.1446,1.1446
2019-04-29 19:00:45,1.2325,1.2325
2019-04-29 20:00:15,0.74475,0.74475
2019-04-29 20:00:45,0.81814,0.81814
2019-04-29 21:00:15,0.63117,0.63117
2019-04-29 21:00:45,0.1486,0.1486
2019-04-29 22:00:15,,0.4836715399999999
2019-04-29 22:00:45,0.61347,0.61347
2019-04-29 23:00:15,,0.35945581749999994
2019-04-29 23:00:45,0.47443,0.47443
2019-04-30 00:00:15,0.42209,0.42209
2019-04-30 00:00:45,0.40301,0.40301
2019-04-30 01:00:15,0.3331,0.3331
2019-04-30 01:00:45,0.37922,0.37922
2019-04-30 02:00:15,0.47079,0.47079
2019-04-30 02:00:45,,0.429991365
2019-04-30 03:00:15,0.30394,0.30394
2019-04-30 03:00:45,0.4075,0.4075
2019-04-30 04:00:15,0.11341,0.11341
2019-04-30 04:00:45,-0.020168,-0.020168
2019-04-30 05:00:15,0.13681,0.13681
2019-04-30 05:00:45,-0.45617,-0.45617
2019-04-30 06:00:15,-0.39557,-0.39557
2019-04-30 06:00:45,-0.89039,-0.89039
2019-04-30 07:00:15,-1.6992,-1.6992
2019-04-30 07:00:45,-1.5265,-1.5265
2019-04-30 08:00:15,-1.6588,-1.6588
2019-04-30 08:00:45,-1.8526,-1.8526
2019-04-30 09:00:15,-1.462,-1.462
2019-04-30 09:00:45,-2.1266,-2.1266
2019-04-30 10:00:15,-1.497,-1.497
2019-04-30 10:00:45,-2.4421,-2.4421
2019-04-30 11:00:15,-2.2225,-2.2225
2019-04-30 11:00:45,-2.4375,-2.4375
2019-04-30 12:00:15,-2.868,-2.868
2019-04-30 12:00:45,-2.6328,-2.6328
2019-04-30 13:00:15,-1.5539,-1.5539
2019-04-30 13:00:45,-2.5477,-2.5477
2019-04-30 14:00:15,-1.7821,-1.7821
2019-04-30 14:00:45,-1.45,-1.45
2019-04-30 15:00:15,-1.7978,-1.7978
2019-04-30 15:00:45,-1.3149,-1.3149
2019-04-30 16:00:15,-2.0207,-2.0207
2019-04-30 16:00:45,-1.4887,-1.4887
2019-04-30 17:00:15,-1.2137,-1.2137
2019-04-30 17:00:45,-0.83725,-0.83725
2019-04-30 18:00:15,-0.22552,-0.22552
2019-04-30 18:00:45,0.32392,0.32392
2019-04-30 19:00:15,0.33613,0.33613
2019-04-30 19:00:45,0.28292,0.28292
2019-04-30 20:00:15,0.2732,0.2732
2019-04-30 20:00:45,0.32092,0.32092
2019-04-30 21:00:15,0.20626,0.20626
2019-04-30 21:00:45,0.058909,0.058909
2019-04-30 22:00:15,0.11276,0.11276
2019-04-30 22:00:45,0.6364,0.6364
2019-04-30 23:00:15,0.27854,0.27854
2019-04-30 23:00:45,0.004618,0.004618
2019-05-01 00:00:15,0.69191,0.69191
2019-05-01 00:00:45,1.0768,1.0768
2019-05-01 01:00:15,1.0272,1.0272
2019-05-01 01:00:45,0.71741,0.71741
2019-05-01 02:00:15,0.39818,0.39818
2019-05-01 02:00:45,0.19127,0.19127
2019-05-01 03:00:15,0.020521,0.020521
2019-05-01 03:00:45,0.005754,0.005754
2019-05-01 04:00:15,0.17274,0.17274
2019-05-01 04:00:45,0.1768,0.1768
2019-05-01 05:00:15,0.12471,0.12471
2019-05-01 05:00:45,-0.24202,-0.24202
2019-05-01 06:00:15,-1.1821,-1.1821
2019-05-01 06:00:45,-1.4124,-1.4124
2019-05-01 07:00:15,-1.9359,-1.9359
2019-05-01 07:00:45,-1.2106,-1.2106
2019-05-01 08:00:15,-1.4181,-1.4181
2019-05-01 08:00:45,-1.8867,-1.8867
2019-05-01 09:00:15,-1.8896,-1.8896
2019-05-01 09:00:45,-1.681,-1.681
2019-05-01 10:00:15,-1.6032,-1.6032
2019-05-01 10:00:45,-1.6217,-1.6217
2019-05-01 11:00:15,-1.6126,-1.6126
2019-05-01 11:00:45,-2.4061,-2.4061
2019-05-01 12:00:15,-1.822,-1.822
2019-05-01 12:00:45,-1.4319,-1.4319
2019-05-01 13:00:15,,-1.977542350000001
2019-05-01 13:00:45,-1.0111,-1.0111
2019-05-01 14:00:15,-1.4975,-1.4975
2019-05-01 14:00:45,-1.9515,-1.9515
2019-05-01 15:00:15,,-0.9520341800000002
2019-05-01 15:00:45,-1.5724,-1.5724
2019-05-01 16:00:15,-1.8083,-1.8083
2019-05-01 16:00:45,-0.74698,-0.74698
2019-05-01 17:00:15,-0.44345,-0.44345
2019-05-01 17:00:45,0.054993,0.054993
2019-05-01 18:00:15,0.088698,0.088698
2019-05-01 18:00:45,-0.052075,-0.052075
2019-05-01 19:00:15,1.8442,1.8442
2019-05-01 19:00:45,0.12932,0.12932
2019-05-01 20:00:15,0.36532,0.36532
2019-05-01 20:00:45,0.19452,0.19452
2019-05-01 21:00:15,,0.15842294
2019-05-01 21:00:45,0.099486,0.099486
2019-05-01 22:00:15,,0.1310447975
2019-05-01 22:00:45,0.17116,0.17116
2019-05-01 23:00:15,0.18788,0.18788
2019-05-01 23:00:45,0.030659,0.030659
2019-05-02 00:00:15,0.056103,0.056103
2019-05-02 00:00:45,-0.061466,-0.061466
2019-05-02 01:00:15,0.12063,0.12063
2019-05-02 01:00:45,-0.022665,-0.022665
2019-05-02 02:00:15,,0.058150017500000005
2019-05-02 02:00:45,0.025236,0.025236
2019-05-02 03:00:15,0.061348,0.061348
2019-05-02 03:00:45,-0.076812,-0.076812
2019-05-02 04:00:15,0.39294,0.39294
2019-05-02 04:00:45,0.003692,0.003692
2019-05-02 05:00:15,-0.17458,-0.17458
2019-05-02 05:00:45,-0.71997,-0.71997
2019-05-02 06:00:15,-1.7884,-1.7884
2019-05-02 06:00:45,-2.4926,-2.4926
2019-05-02 07:00:15,-1.4549,-1.4549
2019-05-02 07:00:45,-1.9272,-1.9272
2019-05-02 08:00:15,-1.8788,-1.8788
2019-05-02 08:00:45,-2.4193,-2.4193
2019-05-02 09:00:15,2.4934,2.4934
2019-05-02 09:00:45,-1.8742,-1.8742
2019-05-02 10:00:15,-1.0247,-1.0247
2019-05-02 10:00:45,1.8249,1.8249
2019-05-02 11:00:15,-4.5911,-4.5911
2019-05-02 11:00:45,-2.477,-2.477
2019-05-02 12:00:15,-2.6037,-2.6037
2019-05-02 12:00:45,-2.9296,-2.9296
2019-05-02 13:00:15,-1.5467,-1.5467
2019-05-02 13:00:45,,-1.3725016000000003
2019-05-02 14:00:15,-1.613,-1.613
2019-05-02 14:00:45,-2.2556,-2.2556
2019-05-02 15:00:15,-1.272,-1.272
2019-05-02 15:00:45,-2.1602,-2.1602
2019-05-02 16:00:15,-0.92821,-0.92821
2019-05-02 16:00:45,-0.34253,-0.34253
2019-05-02 17:00:15,0.028115,0.028115
2019-05-02 17:00:45,0.59505,0.59505
2019-05-02 18:00:15,0.82546,0.82546
2019-05-02 18:00:45,0.88593,0.88593
2019-05-02 19:00:15,1.0108,1.0108
2019-05-02 19:00:45,0.80688,0.80688
2019-05-02 20:00:15,1.1862,1.1862
2019-05-02 20:00:45,1.0693,1.0693
2019-05-02 21:00:15,0.70024,0.70024
2019-05-02 21:00:45,0.41,0.41
2019-05-02 22:00:15,0.18237,0.18237
2019-05-02 22:00:45,0.37742,0.37742
2019-05-02 23:00:15,0.53361,0.53361
2019-05-02 23:00:45,0.10979,0.10979
2019-05-03 00:00:15,0.41054,0.41054
2019-05-03 00:00:45,,0.2865874475000001
2019-05-03 01:00:15,0.017309,0.017309
2019-05-03 01:00:45,0.36477,0.36477
2019-05-03 02:00:15,0.084376,0.084376
2019-05-03 02:00:45,-0.033005,-0.033005
2019-05-03 03:00:15,0.043204,0.043204
2019-05-03 03:00:45,0.25813,0.25813
2019-05-03 04:00:15,0.26449,0.26449
2019-05-03 04:00:45,0.13043,0.13043
2019-05-03 05:00:15,-0.03767,-0.03767
2019-05-03 05:00:45,-0.28913,-0.28913
2019-05-03 06:00:15,-1.0122,-1.0122
2019-05-03 06:00:45,-2.0065,-2.0065
2019-05-03 07:00:15,-1.545,-1.545
2019-05-03 07:00:45,-1.3669,-1.3669
2019-05-03 08:00:15,-1.4663,-1.4663
2019-05-03 08:00:45,-1.5896,-1.5896
2019-05-03 09:00:15,-1.4891,-1.4891
2019-05-03 09:00:45,-2.1636,-2.1636
2019-05-03 10:00:15,-2.0043,-2.0043
2019-05-03 10:00:45,-3.7683,-3.7683
2019-05-03 11:00:15,-1.0332,-1.0332
2019-05-03 11:00:45,-2.1594,-2.1594
2019-05-03 12:00:15,-1.2129,-1.2129
2019-05-03 12:00:45,-2.221,-2.221
2019-05-03 13:00:15,-1.5888,-1.5888
2019-05-03 13:00:45,-0.87001,-0.87001
2019-05-03 14:00:15,-1.4702,-1.4702
2019-05-03 14:00:45,-2.3537,-2.3537
2019-05-03 15:00:15,,-1.136998225
2019-05-03 15:00:45,-2.2456,-2.2456
2019-05-03 16:00:15,-1.515,-1.515
2019-05-03 16:00:45,-1.4793,-1.4793
2019-05-03 17:00:15,-1.3271,-1.3271
2019-05-03 17:00:45,-1.1958,-1.1958
2019-05-03 18:00:15,-0.62616,-0.62616
2019-05-03 18:00:45,-0.052974,-0.052974
2019-05-03 19:00:15,0.080725,0.080725
2019-05-03 19:00:45,0.10414,0.10414
2019-05-03 20:00:15,0.26044,0.26044
2019-05-03 20:00:45,0.2687,0.2687
2019-05-03 21:00:15,0.35585,0.35585
2019-05-03 21:00:45,0.15305,0.15305
2019-05-03 22:00:15,0.13291,0.13291
2019-05-03 22:00:45,0.41435,0.41435
2019-05-03 23:00:15,0.32585,0.32585
2019-05-03 23:00:45,0.19059,0.19059
2019-05-04 00:00:15,0.32177,0.32177
2019-05-04 00:00:45,0.33774,0.33774
2019-05-04 01:00:15,-0.041041,-0.041041
2019-05-04 01:00:45,-0.046734,-0.046734
2019-05-04 02:00:15,0.064716,0.064716
2019-05-04 02:00:45,0.009208,0.009208
2019-05-04 03:00:15,0.072081,0.072081
2019-05-04 03:00:45,,-0.007301129999999998
2019-05-04 04:00:15,0.070644,0.070644
2019-05-04 04:00:45,,0.0645207575
2019-05-04 05:00:15,-0.075585,-0.075585
2019-05-04 05:00:45,-0.21638,-0.21638
2019-05-04 06:00:15,-1.0994,-1.0994
2019-05-04 06:00:45,-1.1666,-1.1666
2019-05-04 07:00:15,-0.98264,-0.98264
2019-05-04 07:00:45,-0.51916,-0.51916
2019-05-04 08:00:15,-1.1341,-1.1341
2019-05-04 08:00:45,-1.5801,-1.5801
2019-05-04 09:00:15,-1.026,-1.026
2019-05-04 09:00:45,-1.2857,-1.2857
2019-05-04 10:00:15,-1.4775,-1.4775
2019-05-04 10:00:45,-1.671,-1.671
2019-05-04 11:00:15,-2.3049,-2.3049
2019-05-04 11:00:45,-0.50327,-0.50327
2019-05-04 12:00:15,-0.75184,-0.75184
2019-05-04 12:00:45,-0.15752,-0.15752
2019-05-04 13:00:15,-1.0536,-1.0536
2019-05-04 13:00:45,-1.8821,-1.8821
2019-05-04 14:00:15,-1.0614,-1.0614
2019-05-04 14:00:45,-1.712,-1.712
2019-05-04 15:00:15,-2.6188,-2.6188
2019-05-04 15:00:45,-1.1053,-1.1053
2019-05-04 16:00:15,-1.4694,-1.4694
2019-05-04 16:00:45,-0.74287,-0.74287
2019-05-04 17:00:15,-0.75379,-0.75379
2019-05-04 17:00:45,-0.34852,-0.34852
2019-05-04 18:00:15,0.07895,0.07895
2019-05-04 18:00:45,0.078975,0.078975
2019-05-04 19:00:15,0.53876,0.53876
2019-05-04 19:00:45,,0.36159270250000003
2019-05-04 20:00:15,,0.30417427000000014
2019-05-04 20:00:45,0.065072,0.065072
2019-05-04 21:00:15,0.019748,0.019748
2019-05-04 21:00:45,0.52529,0.52529
2019-05-04 22:00:15,,0.42647007
2019-05-04 22:00:45,0.052652,0.052652
2019-05-04 23:00:15,0.25323,0.25323
2019-05-04 23:00:45,0.3509,0.3509
2019-05-05 00:00:15,0.065596,0.065596
2019-05-05 00:00:45,,-0.007551157500000008
2019-05-05 01:00:15,-0.18629,-0.18629
2019-05-05 01:00:45,-0.16298,-0.16298
2019-05-05 02:00:15,-0.052263,-0.052263
2019-05-05 02:00:45,0.39294,0.39294
2019-05-05 03:00:15,0.15169,0.15169
2019-05-05 03:00:45,0.10308,0.10308
2019-05-05 04:00:15,0.19441,0.19441
2019-05-05 04:00:45,,-0.010021857500000005
2019-05-05 05:00:15,,0.0287716325
2019-05-05 05:00:45,-0.36367,-0.36367
2019-05-05 06:00:15,-0.52165,-0.52165
2019-05-05 06:00:45,-1.074,-1.074
2019-05-05 07:00:15,-1.9853,-1.9853
2019-05-05 07:00:45,-1.2737,-1.2737
2019-05-05 08:00:15,-1.5683,-1.5683
2019-05-05 08:00:45,-1.8857,-1.8857
2019-05-05 09:00:15,-1.4574,-1.4574
2019-05-05 09:00:45,-1.0412,-1.0412
2019-05-05 10:00:15,-1.5364,-1.5364
2019-05-05 10:00:45,-1.041,-1.041
2019-05-05 11:00:15,1.3978,1.3978
2019-05-05 11:00:45,-1.4632,-1.4632
2019-05-05 12:00:15,-2.4769,-2.4769
2019-05-05 12:00:45,-1.8728,-1.8728
2019-05-05 13:00:15,-1.0187,-1.0187
2019-05-05 13:00:45,,-0.8696523599999999
2019-05-05 14:00:15,-0.59796,-0.59796
2019-05-05 14:00:45,-1.2017,-1.2017
2019-05-05 15:00:15,0.34884,0.34884
2019-05-05 15:00:45,0.20338,0.20338
2019-05-05 16:00:15,-0.69009,-0.69009
2019-05-05 16:00:45,-1.0058,-1.0058
2019-05-05 17:00:15,-0.60484,-0.60484
2019-05-05 17:00:45,-0.29653,-0.29653
2019-05-05 18:00:15,-0.17138,-0.17138
2019-05-05 18:00:45,-0.09414,-0.09414
2019-05-05 19:00:15,0.18588,0.18588
2019-05-05 19:00:45,0.53402,0.53402
2019-05-05 20:00:15,0.017606,0.017606
2019-05-05 20:00:45,1.5212,1.5212
2019-05-05 21:00:15,0.32297,0.32297
2019-05-05 21:00:45,,0.40238742000000005
2019-05-05 22:00:15,0.23575,0.23575
2019-05-05 22:00:45,-0.12542,-0.12542
2019-05-05 23:00:15,0.13037,0.13037
2019-05-05 23:00:45,,0.3982649775000001
2019-05-06 00:00:15,,-0.001506477500000002
2019-05-06 00:00:45,,0.1119443325
2019-05-06 01:00:15,-0.13202,-0.13202
2019-05-06 01:00:45,0.13745,0.13745
2019-05-06 02:00:15,0.051454,0.051454
2019-05-06 02:00:45,,0.025784225000000015
2019-05-06 03:00:15,0.17819,0.17819
2019-05-06 03:00:45,0.13511,0.13511
2019-05-06 04:00:15,0.15163,0.15163
2019-05-06 04:00:45,,0.06036059500000002
2019-05-06 05:00:15,0.25578,0.25578
2019-05-06 05:00:45,-0.35691,-0.35691
2019-05-06 06:00:15,-0.84579,-0.84579
2019-05-06 06:00:45,-1.5516,-1.5516
2019-05-06 07:00:15,-2.1757,-2.1757
2019-05-06 07:00:45,-2.1749,-2.1749
2019-05-06 08:00:15,-1.334,-1.334
2019-05-06 08:00:45,0.039316,0.039316
2019-05-06 09:00:15,-0.98658,-0.98658
2019-05-06 09:00:45,-1.403,-1.403
2019-05-06 10:00:15,-1.7072,-1.7072
2019-05-06 10:00:45,-0.61544,-0.61544
2019-05-06 11:00:15,-1.8764,-1.8764
2019-05-06 11:00:45,-2.2508,-2.2508
2019-05-06 12:00:15,-2.3121,-2.3121
2019-05-06 12:00:45,-1.3652,-1.3652
2019-05-06 13:00:15,-2.5052,-2.5052
2019-05-06 13:00:45,-1.8015,-1.8015
2019-05-06 14:00:15,-0.70454,-0.70454
2019-05-06 14:00:45,-0.32005,-0.32005
2019-05-06 15:00:15,-0.89141,-0.89141
2019-05-06 15:00:45,-0.56086,-0.56086
2019-05-06 16:00:15,-0.52926,-0.52926
2019-05-06 16:00:45,-0.56424,-0.56424
2019-05-06 17:00:15,0.16207,0.16207
2019-05-06 17:00:45,0.67049,0.67049
2019-05-06 18:00:15,1.1666,1.1666
2019-05-06 18:00:45,1.301,1.301
2019-05-06 19:00:15,0.88637,0.88637
2019-05-06 19:00:45,0.77606,0.77606
2019-05-06 20:00:15,0.81703,0.81703
2019-05-06 20:00:45,0.37705,0.37705
2019-05-06 21:00:15,0.077931,0.077931
2019-05-06 21:00:45,0.39668,0.39668
2019-05-06 22:00:15,0.31072,0.31072
2019-05-06 22:00:45,0.20682,0.20682
2019-05-06 23:00:15,-0.0777,-0.0777
2019-05-06 23:00:45,0.178,0.178
2019-05-07 00:00:15,-0.072384,-0.072384
2019-05-07 00:00:45,0.34441,0.34441
2019-05-07 01:00:15,0.28269,0.28269
2019-05-07 01:00:45,0.30661,0.30661
2019-05-07 02:00:15,0.33252,0.33252
2019-05-07 02:00:45,0.24813,0.24813
2019-05-07 03:00:15,0.4711,0.4711
2019-05-07 03:00:45,0.44185,0.44185
2019-05-07 04:00:15,0.18558,0.18558
2019-05-07 04:00:45,0.3479,0.3479
2019-05-07 05:00:15,-0.031264,-0.031264
2019-05-07 05:00:45,0.016654,0.016654
2019-05-07 06:00:15,0.072301,0.072301
2019-05-07 06:00:45,-0.1905,-0.1905
2019-05-07 07:00:15,-0.85658,-0.85658
2019-05-07 07:00:45,-0.96983,-0.96983
2019-05-07 08:00:15,-0.87222,-0.87222
2019-05-07 08:00:45,-0.71665,-0.71665
2019-05-07 09:00:15,-0.94201,-0.94201
2019-05-07 09:00:45,-1.9198,-1.9198
2019-05-07 10:00:15,-2.2443,-2.2443
2019-05-07 10:00:45,-1.2744,-1.2744
2019-05-07 11:00:15,-1.4551,-1.4551
2019-05-07 11:00:45,-1.9754,-1.9754
2019-05-07 12:00:15,-2.1746,-2.1746
2019-05-07 12:00:45,-2.3318,-2.3318
2019-05-07 13:00:15,-2.535,-2.535
2019-05-07 13:00:45,3.7562,3.7562
2019-05-07 14:00:15,-2.084,-2.084
2019-05-07 14:00:45,-1.0922,-1.0922
2019-05-07 15:00:15,3.044,3.044
2019-05-07 15:00:45,-1.8451,-1.8451
2019-05-07 16:00:15,-0.40773,-0.40773
2019-05-07 16:00:45,0.073813,0.073813
2019-05-07 17:00:15,0.91083,0.91083
2019-05-07 17:00:45,1.0161,1.0161
2019-05-07 18:00:15,2.7827,2.7827
2019-05-07 18:00:45,0.31405,0.31405
2019-05-07 19:00:15,,0.21910911499999997
2019-05-07 19:00:45,0.096437,0.096437
2019-05-07 20:00:15,0.10846,0.10846
2019-05-07 20:00:45,0.37435,0.37435
2019-05-07 21:00:15,0.18785,0.18785
2019-05-07 21:00:45,0.33973,0.33973
2019-05-07 22:00:15,0.005114,0.005114
2019-05-07 22:00:45,3.3613,3.3613
2019-05-07 23:00:15,,0.9222261275000003
2019-05-07 23:00:45,,1.3003562874999999
2019-05-08 00:00:15,1.9056,1.9056
2019-05-08 00:00:45,0.33467,0.33467
2019-05-08 01:00:15,2.3976,2.3976
2019-05-08 01:00:45,0.70322,0.70322
2019-05-08 02:00:15,0.61017,0.61017
2019-05-08 02:00:45,0.63087,0.63087
2019-05-08 03:00:15,0.68997,0.68997
2019-05-08 03:00:45,0.71996,0.71996
2019-05-08 04:00:15,0.59121,0.59121
2019-05-08 04:00:45,0.56473,0.56473
2019-05-08 05:00:15,0.14738,0.14738
2019-05-08 05:00:45,-0.2318,-0.2318
2019-05-08 06:00:15,-1.0795,-1.0795
2019-05-08 06:00:45,-1.2738,-1.2738
2019-05-08 07:00:15,-1.3864,-1.3864
2019-05-08 07:00:45,-1.5249,-1.5249
2019-05-08 08:00:15,-1.4621,-1.4621
2019-05-08 08:00:45,-1.3251,-1.3251
2019-05-08 09:00:15,-0.70533,-0.70533
2019-05-08 09:00:45,-1.6219,-1.6219
2019-05-08 10:00:15,-1.3522,-1.3522
2019-05-08 10:00:45,-1.7292,-1.7292
2019-05-08 11:00:15,-1.7581,-1.7581
2019-05-08 11:00:45,-1.9454,-1.9454
2019-05-08 12:00:15,-1.9128,-1.9128
2019-05-08 12:00:45,-2.0814,-2.0814
2019-05-08 13:00:15,-2.2517,-2.2517
2019-05-08 13:00:45,-0.52304,-0.52304
2019-05-08 14:00:15,-1.8725,-1.8725
2019-05-08 14:00:45,-0.42604,-0.42604
2019-05-08 15:00:15,-1.1625,-1.1625
2019-05-08 15:00:45,,-0.1927804725
2019-05-08 16:00:15,2.3744,2.3744
2019-05-08 16:00:45,0.57272,0.57272
2019-05-08 17:00:15,-1.062,-1.062
2019-05-08 17:00:45,-0.50242,-0.50242
2019-05-08 18:00:15,0.27295,0.27295
2019-05-08 18:00:45,0.39169,0.39169
2019-05-08 19:00:15,0.67688,0.67688
2019-05-08 19:00:45,0.31646,0.31646
2019-05-08 20:00:15,0.18581,0.18581
2019-05-08 20:00:45,0.40935,0.40935
2019-05-08 21:00:15,0.42405,0.42405
2019-05-08 21:00:45,0.28373,0.28373
2019-05-08 22:00:15,0.28618,0.28618
2019-05-08 22:00:45,0.28362,0.28362
2019-05-08 23:00:15,0.022698,0.022698
2019-05-08 23:00:45,0.89629,0.89629
2019-05-09 00:00:15,,0.046682397500000014
2019-05-09 00:00:45,0.059855,0.059855
2019-05-09 01:00:15,,0.12018050999999999
2019-05-09 01:00:45,0.018018,0.018018
2019-05-09 02:00:15,-0.14981,-0.14981
2019-05-09 02:00:45,-0.007995,-0.007995
2019-05-09 03:00:15,-0.15634,-0.15634
2019-05-09 03:00:45,0.023145,0.023145
2019-05-09 04:00:15,0.044307,0.044307
2019-05-09 04:00:45,0.055318,0.055318
2019-05-09 05:00:15,0.16626,0.16626
2019-05-09 05:00:45,0.018579,0.018579
2019-05-09 06:00:15,-0.97252,-0.97252
2019-05-09 06:00:45,-3.1882,-3.1882
2019-05-09 07:00:15,-1.3769,-1.3769
2019-05-09 07:00:45,-2.4661,-2.4661
2019-05-09 08:00:15,-2.2897,-2.2897
2019-05-09 08:00:45,-2.1242,-2.1242
2019-05-09 09:00:15,-2.7612,-2.7612
2019-05-09 09:00:45,-3.6025,-3.6025
2019-05-09 10:00:15,-3.1786,-3.1786
2019-05-09 10:00:45,-4.6693,-4.6693
2019-05-09 11:00:15,-0.34853,-0.34853
2019-05-09 11:00:45,-2.8038,-2.8038
2019-05-09 12:00:15,-3.1215,-3.1215
2019-05-09 12:00:45,-1.058,-1.058
2019-05-09 13:00:15,-0.78985,-0.78985
2019-05-09 13:00:45,-1.0114,-1.0114
2019-05-09 14:00:15,-2.542,-2.542
2019-05-09 14:00:45,-1.8581,-1.8581
2019-05-09 15:00:15,-1.7754,-1.7754
2019-05-09 15:00:45,-1.8126,-1.8126
2019-05-09 16:00:15,-1.6316,-1.6316
2019-05-09 16:00:45,-1.215,-1.215
2019-05-09 17:00:15,-1.2664,-1.2664
2019-05-09 17:00:45,-1.3806,-1.3806
2019-05-09 18:00:15,-0.96292,-0.96292
2019-05-09 18:00:45,-0.76858,-0.76858
2019-05-09 19:00:15,,0.7363894375000002
2019-05-09 19:00:45,,0.84892492
2019-05-09 20:00:15,,0.8431878174999998
2019-05-09 20:00:45,,0.8297271249999998
2019-05-09 21:00:15,,0.9032292374999996
2019-05-09 21:00:45,,0.6246309475
2019-05-09 22:00:15,,0.8296796424999999
2019-05-09 22:00:45,,0.8303118574999999
2019-05-09 23:00:15,,0.6653037600000001
2019-05-09 23:00:45,,0.8443230700000001
2019-05-10 00:00:15,,0.8724604225000001
2019-05-10 00:00:45,,0.5961935100000002
2019-05-10 01:00:15,,0.6762545475
2019-05-10 01:00:45,,0.5985567475
2019-05-10 02:00:15,-0.18004,-0.18004
2019-05-10 02:00:45,0.074248,0.074248
2019-05-10 03:00:15,-0.015668,-0.015668
2019-05-10 03:00:45,,0.6316056550000003
2019-05-10 04:00:15,,0.7095542425000003
2019-05-10 04:00:45,,0.40922226250000004
2019-05-10 05:00:15,,0.3199796724999999
2019-05-10 05:00:45,,0.08903107000000003
2019-05-10 06:00:15,,0.047883492499999986
2019-05-10 06:00:45,,-0.1911936375
2019-05-10 07:00:15,,-0.06909944999999999
2019-05-10 07:00:45,,-0.12622645750000003
2019-05-10 08:00:15,,-0.7213837050000002
2019-05-10 08:00:45,,-0.9878322900000003
2019-05-10 09:00:15,,-1.14521739
2019-05-10 09:00:45,,-0.15487474000000004
2019-05-10 10:00:15,,-0.5200214525000002
2019-05-10 10:00:45,,-0.9199531849999998
2019-05-10 11:00:15,,-1.0344861374999998
2019-05-10 11:00:45,,-0.8173079125000002
2019-05-10 12:00:15,,-0.45721392250000015
2019-05-10 12:00:45,,-0.6134292250000002
2019-05-10 13:00:15,,-1.0971737025
2019-05-10 13:00:45,,-1.1232371025000003
2019-05-10 14:00:15,,-1.15289548
2019-05-10 14:00:45,,-1.3637555499999996
2019-05-10 15:00:15,,-1.27832115
2019-05-10 15:00:45,-0.73351,-0.73351
2019-05-10 16:00:15,2.1211,2.1211
2019-05-10 16:00:45,,-0.028865309999999995
2019-05-10 17:00:15,,-0.09781475750000002
2019-05-10 17:00:45,,-0.0777536875
2019-05-10 18:00:15,,-0.06842511749999998
2019-05-10 18:00:45,,-0.023128812499999974
2019-05-10 19:00:15,,0.6220946950000001
2019-05-10 19:00:45,,0.7138069775000001
2019-05-10 20:00:15,,0.722977835
2019-05-10 20:00:45,,0.7487265125000001
2019-05-10 21:00:15,,0.7553745274999999
2019-05-10 21:00:45,,0.8498535050000001
2019-05-10 22:00:15,,0.8209411600000002
2019-05-10 22:00:45,,0.8185775199999998
2019-05-10 23:00:15,,0.7702493275
2019-05-10 23:00:45,,0.7379994799999999
2019-05-11 00:00:15,,0.7385358275
2019-05-11 00:00:45,,0.7065614674999999
2019-05-11 01:00:15,,0.6592560224999999
2019-05-11 01:00:45,,0.7894185825
2019-05-11 02:00:15,,0.6750037700000001
2019-05-11 02:00:45,,0.7620361174999999
2019-05-11 03:00:15,,0.8399845075000001
2019-05-11 03:00:45,0.30657,0.30657
2019-05-11 04:00:15,,0.8044631425000002
2019-05-11 04:00:45,,0.8567277649999998
2019-05-11 05:00:15,0.56082,0.56082
2019-05-11 05:00:45,0.28202,0.28202
2019-05-11 06:00:15,0.12838,0.12838
2019-05-11 06:00:45,-0.33047,-0.33047
2019-05-11 07:00:15,-0.68746,-0.68746
2019-05-11 07:00:45,-2.1097,-2.1097
2019-05-11 08:00:15,-2.975,-2.975
2019-05-11 08:00:45,,-1.29444294
2019-05-11 09:00:15,-0.72176,-0.72176
2019-05-11 09:00:45,-0.29129,-0.29129
2019-05-11 10:00:15,-0.31223,-0.31223
2019-05-11 10:00:45,1.5512,1.5512
2019-05-11 11:00:15,0.65149,0.65149
2019-05-11 11:00:45,-0.59907,-0.59907
2019-05-11 12:00:15,-0.99065,-0.99065
2019-05-11 12:00:45,-0.050044,-0.050044
2019-05-11 13:00:15,1.1261,1.1261
2019-05-11 13:00:45,-1.5878,-1.5878
2019-05-11 14:00:15,-1.4276,-1.4276
2019-05-11 14:00:45,-0.99024,-0.99024
2019-05-11 15:00:15,-0.78255,-0.78255
2019-05-11 15:00:45,-0.43902,-0.43902
2019-05-11 16:00:15,-1.3982,-1.3982
2019-05-11 16:00:45,-0.3898,-0.3898
2019-05-11 17:00:15,0.037744,0.037744
2019-05-11 17:00:45,0.32532,0.32532
2019-05-11 18:00:15,0.4877,0.4877
2019-05-11 18:00:45,0.49167,0.49167
2019-05-11 19:00:15,0.7786,0.7786
2019-05-11 19:00:45,0.387,0.387
2019-05-11 20:00:15,0.61375,0.61375
2019-05-11 20:00:45,0.44211,0.44211
2019-05-11 21:00:15,,0.2553816525000001
2019-05-11 21:00:45,0.5873,0.5873
2019-05-11 22:00:15,0.40704,0.40704
2019-05-11 22:00:45,0.36197,0.36197
2019-05-11 23:00:15,-0.085755,-0.085755
2019-05-11 23:00:45,0.38988,0.38988
2019-05-12 00:00:15,0.32786,0.32786
2019-05-12 00:00:45,0.33624,0.33624
2019-05-12 01:00:15,0.31553,0.31553
2019-05-12 01:00:45,0.27175,0.27175
2019-05-12 02:00:15,0.14047,0.14047
2019-05-12 02:00:45,0.13025,0.13025
2019-05-12 03:00:15,0.18644,0.18644
2019-05-12 03:00:45,0.26687,0.26687
2019-05-12 04:00:15,-0.078634,-0.078634
2019-05-12 04:00:45,-0.10063,-0.10063
2019-05-12 05:00:15,0.18617,0.18617
2019-05-12 05:00:45,-0.15806,-0.15806
2019-05-12 06:00:15,-0.014123,-0.014123
2019-05-12 06:00:45,-1.3921,-1.3921
2019-05-12 07:00:15,-1.4504,-1.4504
2019-05-12 07:00:45,-1.7214,-1.7214
2019-05-12 08:00:15,-1.5333,-1.5333
2019-05-12 08:00:45,-1.127,-1.127
2019-05-12 09:00:15,-1.1841,-1.1841
2019-05-12 09:00:45,-1.6675,-1.6675
2019-05-12 10:00:15,-1.4804,-1.4804
2019-05-12 10:00:45,1.5749,1.5749
2019-05-12 11:00:15,-1.6377,-1.6377
2019-05-12 11:00:45,-1.2482,-1.2482
2019-05-12 12:00:15,,-1.3090332875000001
2019-05-12 12:00:45,-0.99299,-0.99299
2019-05-12 13:00:15,-1.92,-1.92
2019-05-12 13:00:45,-0.188,-0.188
2019-05-12 14:00:15,-0.15378,-0.15378
2019-05-12 14:00:45,-0.39661,-0.39661
2019-05-12 15:00:15,-0.43107,-0.43107
2019-05-12 15:00:45,-1.1928,-1.1928
2019-05-12 16:00:15,-1.8051,-1.8051
2019-05-12 16:00:45,-2.117,-2.117
2019-05-12 17:00:15,-0.41065,-0.41065
2019-05-12 17:00:45,0.012059,0.012059
2019-05-12 18:00:15,-0.074543,-0.074543
2019-05-12 18:00:45,0.26035,0.26035
2019-05-12 19:00:15,0.30769,0.30769
2019-05-12 19:00:45,0.2957,0.2957
2019-05-12 20:00:15,0.50243,0.50243
2019-05-12 20:00:45,0.507,0.507
2019-05-12 21:00:15,0.3288,0.3288
2019-05-12 21:00:45,0.035708,0.035708
2019-05-12 22:00:15,0.21236,0.21236
2019-05-12 22:00:45,0.68908,0.68908
2019-05-12 23:00:15,0.41315,0.41315
2019-05-12 23:00:45,0.28566,0.28566
2019-05-13 00:00:15,0.093713,0.093713
2019-05-13 00:00:45,0.1378,0.1378
2019-05-13 01:00:15,0.4496,0.4496
2019-05-13 01:00:45,-0.12883,-0.12883
2019-05-13 02:00:15,0.18028,0.18028
2019-05-13 02:00:45,0.23327,0.23327
2019-05-13 03:00:15,0.18516,0.18516
2019-05-13 03:00:45,0.083757,0.083757
2019-05-13 04:00:15,0.14119,0.14119
2019-05-13 04:00:45,0.057031,0.057031
2019-05-13 05:00:15,-0.28354,-0.28354
2019-05-13 05:00:45,-0.89213,-0.89213
2019-05-13 06:00:15,-1.1976,-1.1976
2019-05-13 06:00:45,-2.0554,-2.0554
2019-05-13 07:00:15,-1.7022,-1.7022
2019-05-13 07:00:45,-2.1721,-2.1721
2019-05-13 08:00:15,-2.6452,-2.6452
2019-05-13 08:00:45,-2.4242,-2.4242
2019-05-13 09:00:15,-2.3983,-2.3983
2019-05-13 09:00:45,-1.7821,-1.7821
2019-05-13 10:00:15,-2.064,-2.064
2019-05-13 10:00:45,-2.1566,-2.1566
2019-05-13 11:00:15,-3.6819,-3.6819
2019-05-13 11:00:45,-0.9493,-0.9493
2019-05-13 12:00:15,-2.5616,-2.5616
2019-05-13 12:00:45,-1.4857,-1.4857
2019-05-13 13:00:15,-0.1032,-0.1032
2019-05-13 13:00:45,0.60808,0.60808
2019-05-13 14:00:15,-1.4013,-1.4013
2019-05-13 14:00:45,-1.2782,-1.2782
2019-05-13 15:00:15,-4.0541,-4.0541
2019-05-13 15:00:45,-1.3092,-1.3092
2019-05-13 16:00:15,-0.68449,-0.68449
2019-05-13 16:00:45,-0.56527,-0.56527
2019-05-13 17:00:15,-0.63925,-0.63925
2019-05-13 17:00:45,-0.86596,-0.86596
2019-05-13 18:00:15,-0.53965,-0.53965
2019-05-13 18:00:45,-0.15688,-0.15688
2019-05-13 19:00:15,0.021124,0.021124
2019-05-13 19:00:45,-0.013873,-0.013873
2019-05-13 20:00:15,0.24513,0.24513
2019-05-13 20:00:45,0.2572,0.2572
2019-05-13 21:00:15,0.29089,0.29089
2019-05-13 21:00:45,0.37513,0.37513
2019-05-13 22:00:15,0.44012,0.44012
2019-05-13 22:00:45,0.38287,0.38287
2019-05-13 23:00:15,0.40314,0.40314
2019-05-13 23:00:45,0.28987,0.28987
2019-05-14 00:00:15,0.26341,0.26341
2019-05-14 00:00:45,0.30402,0.30402
2019-05-14 01:00:15,0.14823,0.14823
2019-05-14 01:00:45,0.17282,0.17282
2019-05-14 02:00:15,0.29274,0.29274
2019-05-14 02:00:45,0.25312,0.25312
2019-05-14 03:00:15,0.21229,0.21229
2019-05-14 03:00:45,0.21657,0.21657
2019-05-14 04:00:15,0.31931,0.31931
2019-05-14 04:00:45,0.012167,0.012167
2019-05-14 05:00:15,0.043367,0.043367
2019-05-14 05:00:45,-0.32762,-0.32762
2019-05-14 06:00:15,-1.207,-1.207
2019-05-14 06:00:45,-1.8477,-1.8477
2019-05-14 07:00:15,-1.8215,-1.8215
2019-05-14 07:00:45,-2.0398,-2.0398
2019-05-14 08:00:15,-2.3814,-2.3814
2019-05-14 08:00:45,-1.722,-1.722
2019-05-14 09:00:15,-0.27576,-0.27576
2019-05-14 09:00:45,-2.0207,-2.0207
2019-05-14 10:00:15,-1.0535,-1.0535
2019-05-14 10:00:45,-2.6594,-2.6594
2019-05-14 11:00:15,-0.72472,-0.72472
2019-05-14 11:00:45,-0.63105,-0.63105
2019-05-14 12:00:15,-0.58975,-0.58975
2019-05-14 12:00:45,-1.5346,-1.5346
2019-05-14 13:00:15,-2.3297,-2.3297
2019-05-14 13:00:45,0.26327,0.26327
2019-05-14 14:00:15,-0.73421,-0.73421
2019-05-14 14:00:45,-0.26983,-0.26983
2019-05-14 15:00:15,-4.7005,-4.7005
2019-05-14 15:00:45,1.5417,1.5417
2019-05-14 16:00:15,-0.78333,-0.78333
2019-05-14 16:00:45,-0.58763,-0.58763
2019-05-14 17:00:15,0.35639,0.35639
2019-05-14 17:00:45,0.96305,0.96305
2019-05-14 18:00:15,0.78198,0.78198
2019-05-14 18:00:45,0.70527,0.70527
2019-05-14 19:00:15,1.03,1.03
2019-05-14 19:00:45,0.47097,0.47097
2019-05-14 20:00:15,0.69505,0.69505
2019-05-14 20:00:45,0.3616,0.3616
2019-05-14 21:00:15,0.73696,0.73696
2019-05-14 21:00:45,0.51611,0.51611
2019-05-14 22:00:15,0.44094,0.44094
2019-05-14 22:00:45,0.93268,0.93268
2019-05-14 23:00:15,0.41276,0.41276
2019-05-14 23:00:45,0.14389,0.14389
2019-05-15 00:00:15,1.6525,1.6525
2019-05-15 00:00:45,0.16732,0.16732
2019-05-15 01:00:15,,0.17132939
2019-05-15 01:00:45,-0.08244,-0.08244
2019-05-15 02:00:15,,0.13760458999999997
2019-05-15 02:00:45,-0.090118,-0.090118
2019-05-15 03:00:15,-0.14123,-0.14123
2019-05-15 03:00:45,0.48418,0.48418
2019-05-15 04:00:15,0.30529,0.30529
2019-05-15 04:00:45,,0.16506572
2019-05-15 05:00:15,-0.67228,-0.67228
2019-05-15 05:00:45,-0.62731,-0.62731
2019-05-15 06:00:15,-1.4615,-1.4615
2019-05-15 06:00:45,-2.4254,-2.4254
2019-05-15 07:00:15,-1.7868,-1.7868
2019-05-15 07:00:45,-2.2922,-2.2922
2019-05-15 08:00:15,-1.569,-1.569
2019-05-15 08:00:45,-2.1626,-2.1626
2019-05-15 09:00:15,-1.4972,-1.4972
2019-05-15 09:00:45,-1.8799,-1.8799
2019-05-15 10:00:15,-1.6966,-1.6966
2019-05-15 10:00:45,-2.643,-2.643
2019-05-15 11:00:15,-0.73982,-0.73982
2019-05-15 11:00:45,-1.8432,-1.8432
2019-05-15 12:00:15,-2.5986,-2.5986
2019-05-15 12:00:45,-1.5205,-1.5205
2019-05-15 13:00:15,-3.3628,-3.3628
2019-05-15 13:00:45,-1.9831,-1.9831
2019-05-15 14:00:15,-1.1922,-1.1922
2019-05-15 14:00:45,-1.4405,-1.4405
2019-05-15 15:00:15,3.2492,3.2492
2019-05-15 15:00:45,-1.5054,-1.5054
2019-05-15 16:00:15,-1.1149,-1.1149
2019-05-15 16:00:45,-0.5891,-0.5891
2019-05-15 17:00:15,-0.25547,-0.25547
2019-05-15 17:00:45,0.29599,0.29599
2019-05-15 18:00:15,0.27334,0.27334
2019-05-15 18:00:45,0.71323,0.71323
2019-05-15 19:00:15,0.72824,0.72824
2019-05-15 19:00:45,0.7646,0.7646
2019-05-15 20:00:15,0.91822,0.91822
2019-05-15 20:00:45,1.0037,1.0037
2019-05-15 21:00:15,1.0049,1.0049
2019-05-15 21:00:45,1.0664,1.0664
2019-05-15 22:00:15,0.95555,0.95555
2019-05-15 22:00:45,0.73227,0.73227
2019-05-15 23:00:15,0.78489,0.78489
2019-05-15 23:00:45,0.41546,0.41546
2019-05-16 00:00:15,0.32599,0.32599
2019-05-16 00:00:45,0.2002,0.2002
2019-05-16 01:00:15,0.16232,0.16232
2019-05-16 01:00:45,0.13913,0.13913
2019-05-16 02:00:15,0.27096,0.27096
2019-05-16 02:00:45,0.47725,0.47725
2019-05-16 03:00:15,0.80679,0.80679
2019-05-16 03:00:45,0.58867,0.58867
2019-05-16 04:00:15,0.57542,0.57542
2019-05-16 04:00:45,0.50886,0.50886
2019-05-16 05:00:15,0.30045,0.30045
2019-05-16 05:00:45,0.004183,0.004183
2019-05-16 06:00:15,-1.0918,-1.0918
2019-05-16 06:00:45,-1.0087,-1.0087
2019-05-16 07:00:15,-1.7864,-1.7864
2019-05-16 07:00:45,-2.308,-2.308
2019-05-16 08:00:15,-2.8113,-2.8113
2019-05-16 08:00:45,-2.5488,-2.5488
2019-05-16 09:00:15,-2.1982,-2.1982
2019-05-16 09:00:45,-1.7756,-1.7756
2019-05-16 10:00:15,-1.7014,-1.7014
2019-05-16 10:00:45,-2.3965,-2.3965
2019-05-16 11:00:15,-2.5351,-2.5351
2019-05-16 11:00:45,-2.5375,-2.5375
2019-05-16 12:00:15,-1.5631,-1.5631
2019-05-16 12:00:45,-1.4132,-1.4132
2019-05-16 13:00:15,-1.2441,-1.2441
2019-05-16 13:00:45,-1.2605,-1.2605
2019-05-16 14:00:15,-1.2519,-1.2519
2019-05-16 14:00:45,-1.3389,-1.3389
2019-05-16 15:00:15,-0.45186,-0.45186
2019-05-16 15:00:45,-1.2517,-1.2517
2019-05-16 16:00:15,-0.41988,-0.41988
2019-05-16 16:00:45,0.18332,0.18332
2019-05-16 17:00:15,0.24966,0.24966
2019-05-16 17:00:45,0.27047,0.27047
2019-05-16 18:00:15,0.98984,0.98984
2019-05-16 18:00:45,1.4159,1.4159
2019-05-16 19:00:15,1.5913,1.5913
2019-05-16 19:00:45,1.7591,1.7591
2019-05-16 20:00:15,1.358,1.358
2019-05-16 20:00:45,1.2121,1.2121
2019-05-16 21:00:15,0.69137,0.69137
2019-05-16 21:00:45,0.62887,0.62887
2019-05-16 22:00:15,0.5038,0.5038
2019-05-16 22:00:45,0.55033,0.55033
2019-05-16 23:00:15,0.706,0.706
2019-05-16 23:00:45,0.44094,0.44094
2019-05-17 00:00:15,0.37381,0.37381
2019-05-17 00:00:45,0.21186,0.21186
2019-05-17 01:00:15,0.37072,0.37072
2019-05-17 01:00:45,0.25662,0.25662
2019-05-17 02:00:15,0.28486,0.28486
2019-05-17 02:00:45,0.45762,0.45762
2019-05-17 03:00:15,0.62578,0.62578
2019-05-17 03:00:45,0.55221,0.55221
2019-05-17 04:00:15,0.39718,0.39718
2019-05-17 04:00:45,0.38593,0.38593
2019-05-17 05:00:15,0.19207,0.19207
2019-05-17 05:00:45,-0.12964,-0.12964
2019-05-17 06:00:15,-1.3783,-1.3783
2019-05-17 06:00:45,-1.4602,-1.4602
2019-05-17 07:00:15,-1.8563,-1.8563
2019-05-17 07:00:45,-1.6388,-1.6388
2019-05-17 08:00:15,-2.0081,-2.0081
2019-05-17 08:00:45,-1.866,-1.866
2019-05-17 09:00:15,-2.2417,-2.2417
2019-05-17 09:00:45,-2.6137,-2.6137
2019-05-17 10:00:15,-2.0421,-2.0421
2019-05-17 10:00:45,-3.119,-3.119
2019-05-17 11:00:15,-1.6909,-1.6909
2019-05-17 11:00:45,-2.5829,-2.5829
2019-05-17 12:00:15,-3.1763,-3.1763
2019-05-17 12:00:45,-1.3901,-1.3901
2019-05-17 13:00:15,0.16174,0.16174
2019-05-17 13:00:45,0.56427,0.56427
2019-05-17 14:00:15,-0.08659,-0.08659
2019-05-17 14:00:45,-0.48958,-0.48958
2019-05-17 15:00:15,-2.3261,-2.3261
2019-05-17 15:00:45,0.13705,0.13705
2019-05-17 16:00:15,0.20342,0.20342
2019-05-17 16:00:45,-0.07161,-0.07161
2019-05-17 17:00:15,0.046682,0.046682
2019-05-17 17:00:45,0.78791,0.78791
2019-05-17 18:00:15,1.5692,1.5692
2019-05-17 18:00:45,1.8635,1.8635
2019-05-17 19:00:15,1.8344,1.8344
2019-05-17 19:00:45,1.0251,1.0251
2019-05-17 20:00:15,0.77761,0.77761
2019-05-17 20:00:45,0.6119,0.6119
2019-05-17 21:00:15,0.35964,0.35964
2019-05-17 21:00:45,0.63477,0.63477
2019-05-17 22:00:15,0.50508,0.50508
2019-05-17 22:00:45,0.90725,0.90725
2019-05-17 23:00:15,1.0368,1.0368
2019-05-17 23:00:45,0.13528,0.13528
2019-05-18 00:00:15,0.2741,0.2741
2019-05-18 00:00:45,0.35148,0.35148
2019-05-18 01:00:15,0.67165,0.67165
2019-05-18 01:00:45,0.1147,0.1147
2019-05-18 02:00:15,-0.03406,-0.03406
2019-05-18 02:00:45,0.063867,0.063867
2019-05-18 03:00:15,0.19464,0.19464
2019-05-18 03:00:45,0.19168,0.19168
2019-05-18 04:00:15,-0.006302,-0.006302
2019-05-18 04:00:45,-0.032958,-0.032958
2019-05-18 05:00:15,-0.01405,-0.01405
2019-05-18 05:00:45,-0.66113,-0.66113
2019-05-18 06:00:15,-0.95166,-0.95166
2019-05-18 06:00:45,-1.4108,-1.4108
2019-05-18 07:00:15,-1.7125,-1.7125
2019-05-18 07:00:45,-1.9312,-1.9312
2019-05-18 08:00:15,-1.9491,-1.9491
2019-05-18 08:00:45,-2.0677,-2.0677
2019-05-18 09:00:15,-1.2126,-1.2126
2019-05-18 09:00:45,-2.2669,-2.2669
2019-05-18 10:00:15,-2.7314,-2.7314
2019-05-18 10:00:45,-2.0488,-2.0488
2019-05-18 11:00:15,-2.3309,-2.3309
2019-05-18 11:00:45,-1.7975,-1.7975
2019-05-18 12:00:15,-1.4372,-1.4372
2019-05-18 12:00:45,-1.638,-1.638
2019-05-18 13:00:15,0.36145,0.36145
2019-05-18 13:00:45,,-1.3127165599999997
2019-05-18 14:00:15,-1.8399,-1.8399
2019-05-18 14:00:45,-1.9256,-1.9256
2019-05-18 15:00:15,,-1.0407226975000001
2019-05-18 15:00:45,-1.5103,-1.5103
2019-05-18 16:00:15,-0.92128,-0.92128
2019-05-18 16:00:45,-0.87087,-0.87087
2019-05-18 17:00:15,-0.68179,-0.68179
2019-05-18 17:00:45,-0.52073,-0.52073
2019-05-18 18:00:15,-0.40476,-0.40476
2019-05-18 18:00:45,0.12602,0.12602
2019-05-18 19:00:15,0.34417,0.34417
2019-05-18 19:00:45,0.27362,0.27362
2019-05-18 20:00:15,0.3072,0.3072
2019-05-18 20:00:45,0.13476,0.13476
2019-05-18 21:00:15,0.19324,0.19324
2019-05-18 21:00:45,0.026224,0.026224
2019-05-18 22:00:15,-0.097188,-0.097188
2019-05-18 22:00:45,0.37088,0.37088
2019-05-18 23:00:15,-0.023015,-0.023015
2019-05-18 23:00:45,,-0.0004410025000000003
2019-05-19 00:00:15,,0.02970118249999999
2019-05-19 00:00:45,-0.10197,-0.10197
2019-05-19 01:00:15,-0.040022,-0.040022
2019-05-19 01:00:45,-0.10916,-0.10916
2019-05-19 02:00:15,,-0.015628014999999995
2019-05-19 02:00:45,0.2309,0.2309
2019-05-19 03:00:15,,0.017977497500000002
2019-05-19 03:00:45,-0.066618,-0.066618
2019-05-19 04:00:15,-0.16374,-0.16374
2019-05-19 04:00:45,-0.072056,-0.072056
2019-05-19 05:00:15,0.063721,0.063721
2019-05-19 05:00:45,-0.1546,-0.1546
2019-05-19 06:00:15,-0.25013,-0.25013
2019-05-19 06:00:45,-0.97185,-0.97185
2019-05-19 07:00:15,-0.71728,-0.71728
2019-05-19 07:00:45,-1.4598,-1.4598
2019-05-19 08:00:15,-2.4452,-2.4452
2019-05-19 08:00:45,-2.3731,-2.3731
2019-05-19 09:00:15,-2.5836,-2.5836
2019-05-19 09:00:45,-1.8219,-1.8219
2019-05-19 10:00:15,-1.7737,-1.7737
2019-05-19 10:00:45,-2.1051,-2.1051
2019-05-19 11:00:15,-1.8032,-1.8032
2019-05-19 11:00:45,-1.3447,-1.3447
2019-05-19 12:00:15,-1.3048,-1.3048
2019-05-19 12:00:45,-1.5981,-1.5981
2019-05-19 13:00:15,-1.7718,-1.7718
2019-05-19 13:00:45,-1.8748,-1.8748
2019-05-19 14:00:15,-1.2461,-1.2461
2019-05-19 14:00:45,-1.2555,-1.2555
2019-05-19 15:00:15,-0.83493,-0.83493
2019-05-19 15:00:45,-0.81124,-0.81124
2019-05-19 16:00:15,-0.52001,-0.52001
2019-05-19 16:00:45,0.19165,0.19165
2019-05-19 17:00:15,0.53684,0.53684
2019-05-19 17:00:45,0.98824,0.98824
2019-05-19 18:00:15,1.0799,1.0799
2019-05-19 18:00:45,1.1851,1.1851
2019-05-19 19:00:15,1.1787,1.1787
2019-05-19 19:00:45,1.3599,1.3599
2019-05-19 20:00:15,0.99839,0.99839
2019-05-19 20:00:45,0.62191,0.62191
2019-05-19 21:00:15,0.55693,0.55693
2019-05-19 21:00:45,0.48056,0.48056
2019-05-19 22:00:15,0.35856,0.35856
2019-05-19 22:00:45,0.24548,0.24548
2019-05-19 23:00:15,0.82407,0.82407
2019-05-19 23:00:45,-0.093547,-0.093547
2019-05-20 00:00:15,2.1515,2.1515
2019-05-20 00:00:45,2.2285,2.2285
2019-05-20 01:00:15,0.35915,0.35915
2019-05-20 01:00:45,,0.4293586849999999
2019-05-20 02:00:15,0.3858,0.3858
2019-05-20 02:00:45,0.28681,0.28681
2019-05-20 03:00:15,-0.026627,-0.026627
2019-05-20 03:00:45,0.063399,0.063399
2019-05-20 04:00:15,0.073822,0.073822
2019-05-20 04:00:45,1.1122,1.1122
2019-05-20 05:00:15,0.32825,0.32825
2019-05-20 05:00:45,0.029309,0.029309
2019-05-20 06:00:15,0.20629,0.20629
2019-05-20 06:00:45,-0.17612,-0.17612
2019-05-20 07:00:15,-0.098587,-0.098587
2019-05-20 07:00:45,-0.48122,-0.48122
2019-05-20 08:00:15,-0.93547,-0.93547
2019-05-20 08:00:45,-1.2314,-1.2314
2019-05-20 09:00:15,-1.2145,-1.2145
2019-05-20 09:00:45,-1.9681,-1.9681
2019-05-20 10:00:15,-2.0445,-2.0445
2019-05-20 10:00:45,-1.9791,-1.9791
2019-05-20 11:00:15,-1.3179,-1.3179
2019-05-20 11:00:45,-2.792,-2.792
2019-05-20 12:00:15,-1.5198,-1.5198
2019-05-20 12:00:45,-1.0887,-1.0887
2019-05-20 13:00:15,-0.23857,-0.23857
2019-05-20 13:00:45,-0.48415,-0.48415
2019-05-20 14:00:15,,-0.3354911075
2019-05-20 14:00:45,-1.081,-1.081
2019-05-20 15:00:15,0.38976,0.38976
2019-05-20 15:00:45,1.6197,1.6197
2019-05-20 16:00:15,1.4464,1.4464
2019-05-20 16:00:45,0.66923,0.66923
2019-05-20 17:00:15,0.35935,0.35935
2019-05-20 17:00:45,,-0.1499755075
2019-05-20 18:00:15,-0.1059,-0.1059
2019-05-20 18:00:45,-0.50804,-0.50804
2019-05-20 19:00:15,,0.33403053749999995
2019-05-20 19:00:45,,0.21847293750000002
2019-05-20 20:00:15,,0.31799480500000005
2019-05-20 20:00:45,0.75288,0.75288
2019-05-20 21:00:15,0.64654,0.64654
2019-05-20 21:00:45,0.25017,0.25017
2019-05-20 22:00:15,0.4334,0.4334
2019-05-20 22:00:45,0.56273,0.56273
2019-05-20 23:00:15,0.31421,0.31421
2019-05-20 23:00:45,0.3557,0.3557
2019-05-21 00:00:15,0.20729,0.20729
2019-05-21 00:00:45,0.15283,0.15283
2019-05-21 01:00:15,0.30225,0.30225
2019-05-21 01:00:45,0.10502,0.10502
2019-05-21 02:00:15,0.12182,0.12182
2019-05-21 02:00:45,0.34635,0.34635
2019-05-21 03:00:15,0.15641,0.15641
2019-05-21 03:00:45,,0.0850482725
2019-05-21 04:00:15,0.74201,0.74201
2019-05-21 04:00:45,0.45864,0.45864
2019-05-21 05:00:15,0.45155,0.45155
2019-05-21 05:00:45,-0.14117,-0.14117
2019-05-21 06:00:15,-0.17129,-0.17129
2019-05-21 06:00:45,-0.84755,-0.84755
2019-05-21 07:00:15,-0.47606,-0.47606
2019-05-21 07:00:45,-0.40161,-0.40161
2019-05-21 08:00:15,0.92051,0.92051
2019-05-21 08:00:45,-1.2141,-1.2141
2019-05-21 09:00:15,-0.66127,-0.66127
2019-05-21 09:00:45,-2.2904,-2.2904
2019-05-21 10:00:15,-2.3423,-2.3423
2019-05-21 10:00:45,-1.3547,-1.3547
2019-05-21 11:00:15,-1.051,-1.051
2019-05-21 11:00:45,-0.002303,-0.002303
2019-05-21 12:00:15,-2.2842,-2.2842
2019-05-21 12:00:45,-0.72697,-0.72697
2019-05-21 13:00:15,0.31568,0.31568
2019-05-21 13:00:45,-1.9438,-1.9438
2019-05-21 14:00:15,-1.0673,-1.0673
2019-05-21 14:00:45,-0.40723,-0.40723
2019-05-21 15:00:15,-0.5306,-0.5306
2019-05-21 15:00:45,-0.42638,-0.42638
2019-05-21 16:00:15,0.080367,0.080367
2019-05-21 16:00:45,0.46341,0.46341
2019-05-21 17:00:15,0.5114,0.5114
2019-05-21 17:00:45,0.80887,0.80887
2019-05-21 18:00:15,0.70044,0.70044
2019-05-21 18:00:45,1.0502,1.0502
2019-05-21 19:00:15,1.0615,1.0615
2019-05-21 19:00:45,0.49626,0.49626
2019-05-21 20:00:15,0.19392,0.19392
2019-05-21 20:00:45,0.38531,0.38531
2019-05-21 21:00:15,0.28778,0.28778
2019-05-21 21:00:45,0.17056,0.17056
2019-05-21 22:00:15,0.20014,0.20014
2019-05-21 22:00:45,0.032937,0.032937
2019-05-21 23:00:15,0.13629,0.13629
2019-05-21 23:00:45,0.24128,0.24128
2019-05-22 00:00:15,-0.039518,-0.039518
2019-05-22 00:00:45,0.10339,0.10339
2019-05-22 01:00:15,0.02031,0.02031
2019-05-22 01:00:45,0.1286,0.1286
2019-05-22 02:00:15,0.2157,0.2157
2019-05-22 02:00:45,0.061002,0.061002
2019-05-22 03:00:15,0.15713,0.15713
2019-05-22 03:00:45,0.19516,0.19516
2019-05-22 04:00:15,0.28325,0.28325
2019-05-22 04:00:45,0.050124,0.050124
2019-05-22 05:00:15,-0.14298,-0.14298
2019-05-22 05:00:45,-0.71495,-0.71495
2019-05-22 06:00:15,-1.7305,-1.7305
2019-05-22 06:00:45,-1.5148,-1.5148
2019-05-22 07:00:15,-1.5676,-1.5676
2019-05-22 07:00:45,-2.2131,-2.2131
2019-05-22 08:00:15,-2.1184,-2.1184
2019-05-22 08:00:45,-2.0546,-2.0546
2019-05-22 09:00:15,-1.8094,-1.8094
2019-05-22 09:00:45,-2.062,-2.062
2019-05-22 10:00:15,-1.8929,-1.8929
2019-05-22 10:00:45,-2.2532,-2.2532
2019-05-22 11:00:15,-2.072,-2.072
2019-05-22 11:00:45,-0.039395,-0.039395
2019-05-22 12:00:15,-1.4153,-1.4153
2019-05-22 12:00:45,-3.4519,-3.4519
2019-05-22 13:00:15,-1.6923,-1.6923
2019-05-22 13:00:45,-1.2719,-1.2719
2019-05-22 14:00:15,-0.86031,-0.86031
2019-05-22 14:00:45,0.14756,0.14756
2019-05-22 15:00:15,,-0.17743413999999996
2019-05-22 15:00:45,-0.88851,-0.88851
2019-05-22 16:00:15,-0.11592,-0.11592
2019-05-22 16:00:45,0.30021,0.30021
2019-05-22 17:00:15,0.10595,0.10595
2019-05-22 17:00:45,0.32039,0.32039
2019-05-22 18:00:15,0.45152,0.45152
2019-05-22 18:00:45,0.62729,0.62729
2019-05-22 19:00:15,1.1442,1.1442
2019-05-22 19:00:45,0.84703,0.84703
2019-05-22 20:00:15,1.0011,1.0011
2019-05-22 20:00:45,0.7369,0.7369
2019-05-22 21:00:15,0.7496,0.7496
2019-05-22 21:00:45,0.75573,0.75573
2019-05-22 22:00:15,0.68359,0.68359
2019-05-22 22:00:45,0.55301,0.55301
2019-05-22 23:00:15,0.42593,0.42593
2019-05-22 23:00:45,0.45189,0.45189
2019-05-23 00:00:15,0.47577,0.47577
2019-05-23 00:00:45,0.39407,0.39407
2019-05-23 01:00:15,0.04599,0.04599
2019-05-23 01:00:45,0.22177,0.22177
2019-05-23 02:00:15,0.26376,0.26376
2019-05-23 02:00:45,0.28021,0.28021
2019-05-23 03:00:15,0.52346,0.52346
2019-05-23 03:00:45,0.73562,0.73562
2019-05-23 04:00:15,0.76853,0.76853
2019-05-23 04:00:45,0.96213,0.96213
2019-05-23 05:00:15,0.22616,0.22616
2019-05-23 05:00:45,-0.53431,-0.53431
2019-05-23 06:00:15,-1.0345,-1.0345
2019-05-23 06:00:45,-1.4106,-1.4106
2019-05-23 07:00:15,-1.4203,-1.4203
2019-05-23 07:00:45,-0.75815,-0.75815
2019-05-23 08:00:15,-1.0421,-1.0421
2019-05-23 08:00:45,-0.83836,-0.83836
2019-05-23 09:00:15,-0.38137,-0.38137
2019-05-23 09:00:45,0.45732,0.45732
2019-05-23 10:00:15,0.45063,0.45063
2019-05-23 10:00:45,0.95302,0.95302
2019-05-23 11:00:15,-0.009597,-0.009597
2019-05-23 11:00:45,-0.20698,-0.20698
2019-05-23 12:00:15,-1.2724,-1.2724
2019-05-23 12:00:45,0.58505,0.58505
2019-05-23 13:00:15,-1.669,-1.669
2019-05-23 13:00:45,-1.2565,-1.2565
2019-05-23 14:00:15,-0.050975,-0.050975
2019-05-23 14:00:45,-1.0183,-1.0183
2019-05-23 15:00:15,,-1.0422488074999998
2019-05-23 15:00:45,-0.45724,-0.45724
2019-05-23 16:00:15,-0.93557,-0.93557
2019-05-23 16:00:45,-0.68838,-0.68838
2019-05-23 17:00:15,-0.9922,-0.9922
2019-05-23 17:00:45,-0.57936,-0.57936
2019-05-23 18:00:15,-0.42407,-0.42407
2019-05-23 18:00:45,-0.031457,-0.031457
2019-05-23 19:00:15,0.23165,0.23165
2019-05-23 19:00:45,0.10637,0.10637
2019-05-23 20:00:15,0.042838,0.042838
2019-05-23 20:00:45,0.031809,0.031809
2019-05-23 21:00:15,0.095964,0.095964
2019-05-23 21:00:45,,0.10915226750000001
2019-05-23 22:00:15,0.033243,0.033243
2019-05-23 22:00:45,0.070991,0.070991
2019-05-23 23:00:15,0.02388,0.02388
2019-05-23 23:00:45,0.035925,0.035925
2019-05-24 00:00:15,0.012068,0.012068
2019-05-24 00:00:45,0.24533,0.24533
2019-05-24 01:00:15,,-0.02511107
2019-05-24 01:00:45,-0.012051,-0.012051
2019-05-24 02:00:15,-0.041302,-0.041302
2019-05-24 02:00:45,-0.03887,-0.03887
2019-05-24 03:00:15,-0.038904,-0.038904
2019-05-24 03:00:45,-0.027416,-0.027416
2019-05-24 04:00:15,-0.048577,-0.048577
2019-05-24 04:00:45,-0.084729,-0.084729
2019-05-24 05:00:15,-0.11266,-0.11266
2019-05-24 05:00:45,-0.71323,-0.71323
2019-05-24 06:00:15,-1.1405,-1.1405
2019-05-24 06:00:45,-0.90105,-0.90105
2019-05-24 07:00:15,-0.87898,-0.87898
2019-05-24 07:00:45,-0.93944,-0.93944
2019-05-24 08:00:15,-0.89169,-0.89169
2019-05-24 08:00:45,-0.71839,-0.71839
2019-05-24 09:00:15,-1.4555,-1.4555
2019-05-24 09:00:45,-1.2547,-1.2547
2019-05-24 10:00:15,-1.309,-1.309
2019-05-24 10:00:45,-2.1117,-2.1117
2019-05-24 11:00:15,-1.6021,-1.6021
2019-05-24 11:00:45,-2.6926,-2.6926
2019-05-24 12:00:15,-3.13,-3.13
2019-05-24 12:00:45,-2.8316,-2.8316
2019-05-24 13:00:15,-2.2314,-2.2314
2019-05-24 13:00:45,-3.6897,-3.6897
2019-05-24 14:00:15,-2.1997,-2.1997
2019-05-24 14:00:45,-1.7294,-1.7294
2019-05-24 15:00:15,,-1.143634885
2019-05-24 15:00:45,-0.10038,-0.10038
2019-05-24 16:00:15,-1.1826,-1.1826
2019-05-24 16:00:45,-1.0641,-1.0641
2019-05-24 17:00:15,-0.94088,-0.94088
2019-05-24 17:00:45,-0.67146,-0.67146
2019-05-24 18:00:15,-0.27514,-0.27514
2019-05-24 18:00:45,0.087968,0.087968
2019-05-24 19:00:15,0.55892,0.55892
2019-05-24 19:00:45,0.59145,0.59145
2019-05-24 20:00:15,0.48746,0.48746
2019-05-24 20:00:45,0.3575,0.3575
2019-05-24 21:00:15,0.11588,0.11588
2019-05-24 21:00:45,0.017346,0.017346
2019-05-24 22:00:15,0.067058,0.067058
2019-05-24 22:00:45,-0.038226,-0.038226
2019-05-24 23:00:15,-0.048026,-0.048026
2019-05-24 23:00:45,-0.13008,-0.13008
2019-05-25 00:00:15,,0.07072869749999998
2019-05-25 00:00:45,,0.08050210749999999
2019-05-25 01:00:15,,0.009223650000000002
2019-05-25 01:00:45,0.038098,0.038098
2019-05-25 02:00:15,,0.045011607499999995
2019-05-25 02:00:45,,0.006873109999999998
2019-05-25 03:00:15,-0.016377,-0.016377
2019-05-25 03:00:45,,0.24458049750000002
2019-05-25 04:00:15,0.3399,0.3399
2019-05-25 04:00:45,-0.001002,-0.001002
2019-05-25 05:00:15,-0.26873,-0.26873
2019-05-25 05:00:45,-0.93574,-0.93574
2019-05-25 06:00:15,-2.3156,-2.3156
2019-05-25 06:00:45,-0.9466,-0.9466
2019-05-25 07:00:15,-0.42329,-0.42329
2019-05-25 07:00:45,-0.95906,-0.95906
2019-05-25 08:00:15,-2.032,-2.032
2019-05-25 08:00:45,-1.3641,-1.3641
2019-05-25 09:00:15,-2.0657,-2.0657
2019-05-25 09:00:45,-1.0716,-1.0716
2019-05-25 10:00:15,-1.7953,-1.7953
2019-05-25 10:00:45,-1.8414,-1.8414
2019-05-25 11:00:15,-2.4109,-2.4109
2019-05-25 11:00:45,-1.3663,-1.3663
2019-05-25 12:00:15,-1.2007,-1.2007
2019-05-25 12:00:45,-1.1242,-1.1242
2019-05-25 13:00:15,-0.7475,-0.7475
2019-05-25 13:00:45,0.09028,0.09028
2019-05-25 14:00:15,-1.931,-1.931
2019-05-25 14:00:45,-1.2829,-1.2829
2019-05-25 15:00:15,2.5575,2.5575
2019-05-25 15:00:45,-0.83347,-0.83347
2019-05-25 16:00:15,0.21223,0.21223
2019-05-25 16:00:45,0.014209,0.014209
2019-05-25 17:00:15,0.64687,0.64687
2019-05-25 17:00:45,0.27518,0.27518
2019-05-25 18:00:15,0.37292,0.37292
2019-05-25 18:00:45,0.85446,0.85446
2019-05-25 19:00:15,1.0621,1.0621
2019-05-25 19:00:45,0.68631,0.68631
2019-05-25 20:00:15,0.6356,0.6356
2019-05-25 20:00:45,0.40832,0.40832
2019-05-25 21:00:15,0.41657,0.41657
2019-05-25 21:00:45,0.57009,0.57009
2019-05-25 22:00:15,,0.21112646249999997
2019-05-25 22:00:45,-0.12166,-0.12166
2019-05-25 23:00:15,0.20488,0.20488
2019-05-25 23:00:45,0.1139,0.1139
2019-05-26 00:00:15,0.053771,0.053771
2019-05-26 00:00:45,0.12412,0.12412
2019-05-26 01:00:15,0.17383,0.17383
2019-05-26 01:00:45,0.10273,0.10273
2019-05-26 02:00:15,0.029347,0.029347
2019-05-26 02:00:45,0.074981,0.074981
2019-05-26 03:00:15,0.059791,0.059791
2019-05-26 03:00:45,0.13348,0.13348
2019-05-26 04:00:15,0.11191,0.11191
2019-05-26 04:00:45,0.016922,0.016922
2019-05-26 05:00:15,-0.2737,-0.2737
2019-05-26 05:00:45,-0.84546,-0.84546
2019-05-26 06:00:15,-1.136,-1.136
2019-05-26 06:00:45,-1.0959,-1.0959
2019-05-26 07:00:15,-0.97537,-0.97537
2019-05-26 07:00:45,-0.60037,-0.60037
2019-05-26 08:00:15,-0.79838,-0.79838
2019-05-26 08:00:45,-0.38056,-0.38056
2019-05-26 09:00:15,0.14988,0.14988
2019-05-26 09:00:45,-0.004655,-0.004655
2019-05-26 10:00:15,-0.44531,-0.44531
2019-05-26 10:00:45,-0.19242,-0.19242
2019-05-26 11:00:15,1.0288,1.0288
2019-05-26 11:00:45,-0.60293,-0.60293
2019-05-26 12:00:15,0.30436,0.30436
2019-05-26 12:00:45,-0.69991,-0.69991
2019-05-26 13:00:15,-0.14922,-0.14922
2019-05-26 13:00:45,0.73959,0.73959
2019-05-26 14:00:15,,0.39045671
2019-05-26 14:00:45,1.375,1.375
2019-05-26 15:00:15,-0.25122,-0.25122
2019-05-26 15:00:45,0.75689,0.75689
2019-05-26 16:00:15,0.63631,0.63631
2019-05-26 16:00:45,1.3524,1.3524
2019-05-26 17:00:15,0.30357,0.30357
2019-05-26 17:00:45,0.68228,0.68228
2019-05-26 18:00:15,0.45783,0.45783
2019-05-26 18:00:45,0.66155,0.66155
2019-05-26 19:00:15,0.44403,0.44403
2019-05-26 19:00:45,0.19051,0.19051
2019-05-26 20:00:15,0.12581,0.12581
2019-05-26 20:00:45,-0.027598,-0.027598
2019-05-26 21:00:15,0.005799,0.005799
2019-05-26 21:00:45,0.11307,0.11307
2019-05-26 22:00:15,0.19833,0.19833
2019-05-26 22:00:45,0.58011,0.58011
2019-05-26 23:00:15,0.22151,0.22151
2019-05-26 23:00:45,0.5901,0.5901
2019-05-27 00:00:15,-0.11592,-0.11592
2019-05-27 00:00:45,0.18708,0.18708
2019-05-27 01:00:15,0.18351,0.18351
2019-05-27 01:00:45,0.098105,0.098105
2019-05-27 02:00:15,0.1189,0.1189
2019-05-27 02:00:45,0.1033,0.1033
2019-05-27 03:00:15,0.014357,0.014357
2019-05-27 03:00:45,0.036435,0.036435
2019-05-27 04:00:15,0.10129,0.10129
2019-05-27 04:00:45,0.043978,0.043978
2019-05-27 05:00:15,-0.087028,-0.087028
2019-05-27 05:00:45,-0.64027,-0.64027
2019-05-27 06:00:15,-0.91338,-0.91338
2019-05-27 06:00:45,-1.5203,-1.5203
2019-05-27 07:00:15,-1.4706,-1.4706
2019-05-27 07:00:45,-1.1704,-1.1704
2019-05-27 08:00:15,-1.5776,-1.5776
2019-05-27 08:00:45,-2.0404,-2.0404
2019-05-27 09:00:15,-1.9468,-1.9468
2019-05-27 09:00:45,-2.0363,-2.0363
2019-05-27 10:00:15,-1.4149,-1.4149
2019-05-27 10:00:45,-1.5908,-1.5908
2019-05-27 11:00:15,-1.1907,-1.1907
2019-05-27 11:00:45,-0.60016,-0.60016
2019-05-27 12:00:15,-0.24705,-0.24705
2019-05-27 12:00:45,2.8373,2.8373
2019-05-27 13:00:15,-0.72455,-0.72455
2019-05-27 13:00:45,2.0411,2.0411
2019-05-27 14:00:15,2.5892,2.5892
2019-05-27 14:00:45,2.6364,2.6364
2019-05-27 15:00:15,-4.7311,-4.7311
2019-05-27 15:00:45,2.6475,2.6475
2019-05-27 16:00:15,1.2462,1.2462
2019-05-27 16:00:45,1.1056,1.1056
2019-05-27 17:00:15,0.38612,0.38612
2019-05-27 17:00:45,0.41256,0.41256
2019-05-27 18:00:15,0.076108,0.076108
2019-05-27 18:00:45,0.69914,0.69914
2019-05-27 19:00:15,0.89114,0.89114
2019-05-27 19:00:45,1.206,1.206
2019-05-27 20:00:15,0.84035,0.84035
2019-05-27 20:00:45,0.77693,0.77693
2019-05-27 21:00:15,0.6911,0.6911
2019-05-27 21:00:45,0.47237,0.47237
2019-05-27 22:00:15,0.29772,0.29772
2019-05-27 22:00:45,-0.016223,-0.016223
2019-05-27 23:00:15,0.013562,0.013562
2019-05-27 23:00:45,0.051474,0.051474
2019-05-28 00:00:15,0.071321,0.071321
2019-05-28 00:00:45,0.41939,0.41939
2019-05-28 01:00:15,0.26304,0.26304
2019-05-28 01:00:45,0.337,0.337
2019-05-28 02:00:15,0.29719,0.29719
2019-05-28 02:00:45,0.3538,0.3538
2019-05-28 03:00:15,0.2816,0.2816
2019-05-28 03:00:45,0.13254,0.13254
2019-05-28 04:00:15,0.12238,0.12238
2019-05-28 04:00:45,-0.043992,-0.043992
2019-05-28 05:00:15,-0.06863,-0.06863
2019-05-28 05:00:45,-0.69843,-0.69843
2019-05-28 06:00:15,-1.0814,-1.0814
2019-05-28 06:00:45,-1.6415,-1.6415
2019-05-28 07:00:15,-1.0671,-1.0671
2019-05-28 07:00:45,-0.75844,-0.75844
2019-05-28 08:00:15,-1.0067,-1.0067
2019-05-28 08:00:45,-1.3464,-1.3464
2019-05-28 09:00:15,-1.5534,-1.5534
2019-05-28 09:00:45,-1.9149,-1.9149
2019-05-28 10:00:15,-1.7322,-1.7322
2019-05-28 10:00:45,0.93952,0.93952
2019-05-28 11:00:15,-2.3303,-2.3303
2019-05-28 11:00:45,,-1.2680746549999995
2019-05-28 12:00:15,,-1.6194593275000002
2019-05-28 12:00:45,-4.0725,-4.0725
2019-05-28 13:00:15,,-1.5295840274999994
2019-05-28 13:00:45,-0.38403,-0.38403
2019-05-28 14:00:15,-0.79756,-0.79756
2019-05-28 14:00:45,-0.55433,-0.55433
2019-05-28 15:00:15,,-1.1862351349999998
2019-05-28 15:00:45,0.43096,0.43096
2019-05-28 16:00:15,-1.9866,-1.9866
2019-05-28 16:00:45,-1.262,-1.262
2019-05-28 17:00:15,-1.3668,-1.3668
2019-05-28 17:00:45,-0.95793,-0.95793
2019-05-28 18:00:15,-0.38888,-0.38888
2019-05-28 18:00:45,-0.25071,-0.25071
2019-05-28 19:00:15,-0.029637,-0.029637
2019-05-28 19:00:45,0.016746,0.016746
2019-05-28 20:00:15,0.13977,0.13977
2019-05-28 20:00:45,0.14448,0.14448
2019-05-28 21:00:15,,0.08675653000000003
2019-05-28 21:00:45,-0.17862,-0.17862
2019-05-28 22:00:15,,0.3636854599999999
2019-05-28 22:00:45,,0.31130655999999995
2019-05-28 23:00:15,0.66308,0.66308
2019-05-28 23:00:45,0.23753,0.23753
2019-05-29 00:00:15,0.03473,0.03473
2019-05-29 00:00:45,0.1157,0.1157
2019-05-29 01:00:15,,0.153350885
2019-05-29 01:00:45,0.20795,0.20795
2019-05-29 02:00:15,-0.040503,-0.040503
2019-05-29 02:00:45,0.23126,0.23126
2019-05-29 03:00:15,1.2353,1.2353
2019-05-29 03:00:45,,0.1275819575
2019-05-29 04:00:15,-0.11089,-0.11089
2019-05-29 04:00:45,0.028699,0.028699
2019-05-29 05:00:15,0.11626,0.11626
2019-05-29 05:00:45,0.12586,0.12586
2019-05-29 06:00:15,-0.71366,-0.71366
2019-05-29 06:00:45,-0.87407,-0.87407
2019-05-29 07:00:15,-0.79162,-0.79162
2019-05-29 07:00:45,-0.91792,-0.91792
2019-05-29 08:00:15,-1.0143,-1.0143
2019-05-29 08:00:45,-0.89968,-0.89968
2019-05-29 09:00:15,-0.7112,-0.7112
2019-05-29 09:00:45,-0.78927,-0.78927
2019-05-29 10:00:15,-0.6501,-0.6501
2019-05-29 10:00:45,0.17845,0.17845
2019-05-29 11:00:15,-0.71237,-0.71237
2019-05-29 11:00:45,-1.4746,-1.4746
2019-05-29 12:00:15,-0.78809,-0.78809
2019-05-29 12:00:45,-1.5632,-1.5632
2019-05-29 13:00:15,2.2569,2.2569
2019-05-29 13:00:45,-1.7488,-1.7488
2019-05-29 14:00:15,-4.1481,-4.1481
2019-05-29 14:00:45,-1.8235,-1.8235
2019-05-29 15:00:15,-1.4362,-1.4362
2019-05-29 15:00:45,-1.0045,-1.0045
2019-05-29 16:00:15,-1.1193,-1.1193
2019-05-29 16:00:45,-0.70117,-0.70117
2019-05-29 17:00:15,-1.2266,-1.2266
2019-05-29 17:00:45,-0.50746,-0.50746
2019-05-29 18:00:15,-0.13752,-0.13752
2019-05-29 18:00:45,-0.2057,-0.2057
2019-05-29 19:00:15,-0.04946,-0.04946
2019-05-29 19:00:45,-0.017974,-0.017974
2019-05-29 20:00:15,0.43124,0.43124
2019-05-29 20:00:45,,0.2617307
2019-05-29 21:00:15,0.26283,0.26283
2019-05-29 21:00:45,0.42761,0.42761
2019-05-29 22:00:15,-0.04576,-0.04576
2019-05-29 22:00:45,0.16275,0.16275
2019-05-29 23:00:15,-0.025562,-0.025562
2019-05-29 23:00:45,,0.5006589275
2019-05-30 00:00:15,,0.6796398025
2019-05-30 00:00:45,,0.72339746
2019-05-30 01:00:15,,0.64656248
2019-05-30 01:00:45,,0.6705283250000003
2019-05-30 02:00:15,,0.44492457
2019-05-30 02:00:45,,0.34031560250000004
2019-05-30 03:00:15,-0.010332,-0.010332
2019-05-30 03:00:45,0.2587,0.2587
2019-05-30 04:00:15,0.10965,0.10965
2019-05-30 04:00:45,0.4883,0.4883
2019-05-30 05:00:15,-0.12956,-0.12956
2019-05-30 05:00:45,-0.56909,-0.56909
2019-05-30 06:00:15,-0.86019,-0.86019
2019-05-30 06:00:45,-1.2499,-1.2499
2019-05-30 07:00:15,-1.472,-1.472
2019-05-30 07:00:45,-4.1475,-4.1475
2019-05-30 08:00:15,-2.0206,-2.0206
2019-05-30 08:00:45,-1.871,-1.871
2019-05-30 09:00:15,-2.8107,-2.8107
2019-05-30 09:00:45,-1.4046,-1.4046
2019-05-30 10:00:15,-1.7811,-1.7811
2019-05-30 10:00:45,-1.283,-1.283
2019-05-30 11:00:15,-0.86232,-0.86232
2019-05-30 11:00:45,-1.1102,-1.1102
2019-05-30 12:00:15,-3.947,-3.947
2019-05-30 12:00:45,-1.3912,-1.3912
2019-05-30 13:00:15,3.0376,3.0376
2019-05-30 13:00:45,-1.2172,-1.2172
2019-05-30 14:00:15,-1.668,-1.668
2019-05-30 14:00:45,-1.5833,-1.5833
2019-05-30 15:00:15,0.10008,0.10008
2019-05-30 15:00:45,-0.93391,-0.93391
2019-05-30 16:00:15,-1.183,-1.183
2019-05-30 16:00:45,-0.61796,-0.61796
2019-05-30 17:00:15,-0.79956,-0.79956
2019-05-30 17:00:45,-0.44741,-0.44741
2019-05-30 18:00:15,-0.55861,-0.55861
2019-05-30 18:00:45,-0.35314,-0.35314
2019-05-30 19:00:15,0.035656,0.035656
2019-05-30 19:00:45,0.19375,0.19375
2019-05-30 20:00:15,0.42628,0.42628
2019-05-30 20:00:45,0.3638,0.3638
2019-05-30 21:00:15,0.32163,0.32163
2019-05-30 21:00:45,0.34113,0.34113
2019-05-30 22:00:15,0.14445,0.14445
2019-05-30 22:00:45,0.031621,0.031621
2019-05-30 23:00:15,0.24103,0.24103
2019-05-30 23:00:45,,0.17938385749999997
2019-05-31 00:00:15,0.42294,0.42294
2019-05-31 00:00:45,-0.14709,-0.14709
2019-05-31 01:00:15,0.0929,0.0929
2019-05-31 01:00:45,0.056346,0.056346
2019-05-31 02:00:15,0.042054,0.042054
2019-05-31 02:00:45,0.032157,0.032157
2019-05-31 03:00:15,0.030715,0.030715
2019-05-31 03:00:45,-0.072604,-0.072604
2019-05-31 04:00:15,0.029772,0.029772
2019-05-31 04:00:45,0.080506,0.080506
2019-05-31 05:00:15,-0.62953,-0.62953
2019-05-31 05:00:45,-0.71546,-0.71546
2019-05-31 06:00:15,-1.7337,-1.7337
2019-05-31 06:00:45,-1.3119,-1.3119
2019-05-31 07:00:15,-1.5603,-1.5603
2019-05-31 07:00:45,-1.7776,-1.7776
2019-05-31 08:00:15,-1.6913,-1.6913
2019-05-31 08:00:45,-1.1007,-1.1007
2019-05-31 09:00:15,-1.3597,-1.3597
2019-05-31 09:00:45,-2.3538,-2.3538
2019-05-31 10:00:15,-1.7359,-1.7359
2019-05-31 10:00:45,-2.1209,-2.1209
2019-05-31 11:00:15,-1.9563,-1.9563
2019-05-31 11:00:45,0.57145,0.57145
2019-05-31 12:00:15,-2.1482,-2.1482
2019-05-31 12:00:45,-1.2458,-1.2458
2019-05-31 13:00:15,-0.69831,-0.69831
2019-05-31 13:00:45,-1.729,-1.729
2019-05-31 14:00:15,-1.2834,-1.2834
2019-05-31 14:00:45,-1.7518,-1.7518
2019-05-31 15:00:15,-1.8938,-1.8938
2019-05-31 15:00:45,-2.1906,-2.1906
2019-05-31 16:00:15,-0.90472,-0.90472
2019-05-31 16:00:45,-0.94979,-0.94979
2019-05-31 17:00:15,-0.95625,-0.95625
2019-05-31 17:00:45,-0.59889,-0.59889
2019-05-31 18:00:15,-0.44543,-0.44543
2019-05-31 18:00:45,0.006399,0.006399
2019-05-31 19:00:15,0.25998,0.25998
2019-05-31 19:00:45,0.21176,0.21176
2019-05-31 20:00:15,0.28989,0.28989
2019-05-31 20:00:45,0.37268,0.37268
2019-05-31 21:00:15,0.2238,0.2238
2019-05-31 21:00:45,0.073224,0.073224
2019-05-31 22:00:15,0.27856,0.27856
2019-05-31 22:00:45,0.19459,0.19459
2019-05-31 23:00:15,0.44421,0.44421
2019-05-31 23:00:45,0.25259,0.25259
2019-06-01 00:00:15,0.22679,0.22679
2019-06-01 00:00:45,0.36556,0.36556
2019-06-01 01:00:15,0.40414,0.40414
2019-06-01 01:00:45,0.57316,0.57316
2019-06-01 02:00:15,0.52495,0.52495
2019-06-01 02:00:45,0.48168,0.48168
2019-06-01 03:00:15,0.5373,0.5373
2019-06-01 03:00:45,0.68543,0.68543
2019-06-01 04:00:15,0.28295,0.28295
2019-06-01 04:00:45,0.29908,0.29908
2019-06-01 05:00:15,0.1679,0.1679
2019-06-01 05:00:45,-0.4057,-0.4057
2019-06-01 06:00:15,-0.98523,-0.98523
2019-06-01 06:00:45,-1.1998,-1.1998
2019-06-01 07:00:15,-1.4655,-1.4655
2019-06-01 07:00:45,-1.7532,-1.7532
2019-06-01 08:00:15,-1.3166,-1.3166
2019-06-01 08:00:45,-1.6128,-1.6128
2019-06-01 09:00:15,-1.9459,-1.9459
2019-06-01 09:00:45,-1.6421,-1.6421
2019-06-01 10:00:15,-1.7487,-1.7487
2019-06-01 10:00:45,-0.94087,-0.94087
2019-06-01 11:00:15,-0.67734,-0.67734
2019-06-01 11:00:45,-0.9811,-0.9811
2019-06-01 12:00:15,-0.40921,-0.40921
2019-06-01 12:00:45,,0.272362395
2019-06-01 13:00:15,,0.027840927499999998
2019-06-01 13:00:45,,-0.7134925874999999
2019-06-01 14:00:15,1.6174,1.6174
2019-06-01 14:00:45,,0.12126614999999999
2019-06-01 15:00:15,,0.030012069999999974
2019-06-01 15:00:45,,0.04930998250000001
2019-06-01 16:00:15,,-0.6206305075
2019-06-01 16:00:45,0.16081,0.16081
2019-06-01 17:00:15,-0.059297,-0.059297
2019-06-01 17:00:45,0.4435,0.4435
2019-06-01 18:00:15,0.20285,0.20285
2019-06-01 18:00:45,0.23477,0.23477
2019-06-01 19:00:15,,0.3145202074999999
2019-06-01 19:00:45,1.2964,1.2964
2019-06-01 20:00:15,0.69826,0.69826
2019-06-01 20:00:45,-0.16454,-0.16454
2019-06-01 21:00:15,0.18982,0.18982
2019-06-01 21:00:45,0.71504,0.71504
2019-06-01 22:00:15,0.66675,0.66675
2019-06-01 22:00:45,1.6955,1.6955
2019-06-01 23:00:15,0.84615,0.84615
2019-06-01 23:00:45,0.43717,0.43717
2019-06-02 00:00:15,1.216,1.216
2019-06-02 00:00:45,0.10747,0.10747
2019-06-02 01:00:15,1.1836,1.1836
2019-06-02 01:00:45,0.31148,0.31148
2019-06-02 02:00:15,0.34118,0.34118
2019-06-02 02:00:45,0.68184,0.68184
2019-06-02 03:00:15,1.2957,1.2957
2019-06-02 03:00:45,1.6377,1.6377
2019-06-02 04:00:15,0.39337,0.39337
2019-06-02 04:00:45,1.6229,1.6229
2019-06-02 05:00:15,0.61444,0.61444
2019-06-02 05:00:45,-0.004803,-0.004803
2019-06-02 06:00:15,-0.56142,-0.56142
2019-06-02 06:00:45,-1.0138,-1.0138
2019-06-02 07:00:15,-1.3496,-1.3496
2019-06-02 07:00:45,-1.3637,-1.3637
2019-06-02 08:00:15,-1.2451,-1.2451
2019-06-02 08:00:45,-1.1352,-1.1352
2019-06-02 09:00:15,-1.5552,-1.5552
2019-06-02 09:00:45,-1.368,-1.368
2019-06-02 10:00:15,-0.83269,-0.83269
2019-06-02 10:00:45,-1.1779,-1.1779
2019-06-02 11:00:15,-2.3962,-2.3962
2019-06-02 11:00:45,-3.2567,-3.2567
2019-06-02 12:00:15,1.5477,1.5477
2019-06-02 12:00:45,-0.29547,-0.29547
2019-06-02 13:00:15,,-1.0400054525
2019-06-02 13:00:45,-0.40215,-0.40215
2019-06-02 14:00:15,1.5549,1.5549
2019-06-02 14:00:45,-0.008884,-0.008884
2019-06-02 15:00:15,0.94313,0.94313
2019-06-02 15:00:45,-0.011991,-0.011991
2019-06-02 16:00:15,-0.32238,-0.32238
2019-06-02 16:00:45,0.058477,0.058477
2019-06-02 17:00:15,0.13719,0.13719
2019-06-02 17:00:45,-0.15655,-0.15655
2019-06-02 18:00:15,-0.40073,-0.40073
2019-06-02 18:00:45,-0.4108,-0.4108
2019-06-02 19:00:15,-0.046823,-0.046823
2019-06-02 19:00:45,0.035195,0.035195
2019-06-02 20:00:15,0.229,0.229
2019-06-02 20:00:45,0.25469,0.25469
2019-06-02 21:00:15,,0.15445717750000001
2019-06-02 21:00:45,,0.10994726250000002
2019-06-02 22:00:15,,0.08588047250000001
2019-06-02 22:00:45,0.05943,0.05943
2019-06-02 23:00:15,0.024535,0.024535
2019-06-02 23:00:45,0.073408,0.073408
2019-06-03 00:00:15,0.065352,0.065352
2019-06-03 00:00:45,,0.41242805500000007
2019-06-03 01:00:15,0.4341,0.4341
2019-06-03 01:00:45,0.20921,0.20921
2019-06-03 02:00:15,0.41429,0.41429
2019-06-03 02:00:45,0.34177,0.34177
2019-06-03 03:00:15,0.32085,0.32085
2019-06-03 03:00:45,0.36763,0.36763
2019-06-03 04:00:15,0.31438,0.31438
2019-06-03 04:00:45,0.26885,0.26885
2019-06-03 05:00:15,-0.001794,-0.001794
2019-06-03 05:00:45,-0.78337,-0.78337
2019-06-03 06:00:15,-1.236,-1.236
2019-06-03 06:00:45,-1.57,-1.57
2019-06-03 07:00:15,-1.776,-1.776
2019-06-03 07:00:45,-2.3285,-2.3285
2019-06-03 08:00:15,-1.6818,-1.6818
2019-06-03 08:00:45,-1.8989,-1.8989
2019-06-03 09:00:15,-1.5645,-1.5645
2019-06-03 09:00:45,-2.1381,-2.1381
2019-06-03 10:00:15,-1.7308,-1.7308
2019-06-03 10:00:45,-2.5851,-2.5851
2019-06-03 11:00:15,0.27735,0.27735
2019-06-03 11:00:45,-0.001295,-0.001295
2019-06-03 12:00:15,-1.8185,-1.8185
2019-06-03 12:00:45,-0.95816,-0.95816
2019-06-03 13:00:15,,-0.8148569225000002
2019-06-03 13:00:45,0.49109,0.49109
2019-06-03 14:00:15,0.63587,0.63587
2019-06-03 14:00:45,-0.12432,-0.12432
2019-06-03 15:00:15,0.74517,0.74517
2019-06-03 15:00:45,1.3577,1.3577
2019-06-03 16:00:15,-0.21008,-0.21008
2019-06-03 16:00:45,-0.21024,-0.21024
2019-06-03 17:00:15,-0.39627,-0.39627
2019-06-03 17:00:45,-0.24307,-0.24307
2019-06-03 18:00:15,-0.37534,-0.37534
2019-06-03 18:00:45,-0.84157,-0.84157
2019-06-03 19:00:15,0.25275,0.25275
2019-06-03 19:00:45,0.037915,0.037915
2019-06-03 20:00:15,-0.036517,-0.036517
2019-06-03 20:00:45,,0.3220212150000001
2019-06-03 21:00:15,,0.3753023775
2019-06-03 21:00:45,,0.33525894750000007
2019-06-03 22:00:15,,0.30743051000000005
2019-06-03 22:00:45,-0.079906,-0.079906
2019-06-03 23:00:15,0.082923,0.082923
2019-06-03 23:00:45,0.043179,0.043179
2019-06-04 00:00:15,0.3569,0.3569
2019-06-04 00:00:45,0.011532,0.011532
2019-06-04 01:00:15,0.15626,0.15626
2019-06-04 01:00:45,0.27661,0.27661
2019-06-04 02:00:15,0.2534,0.2534
2019-06-04 02:00:45,-0.00329,-0.00329
2019-06-04 03:00:15,-0.11693,-0.11693
2019-06-04 03:00:45,0.30182,0.30182
2019-06-04 04:00:15,0.58287,0.58287
2019-06-04 04:00:45,0.55498,0.55498
2019-06-04 05:00:15,0.15726,0.15726
2019-06-04 05:00:45,-0.47464,-0.47464
2019-06-04 06:00:15,-0.94491,-0.94491
2019-06-04 06:00:45,-1.1316,-1.1316
2019-06-04 07:00:15,-1.5447,-1.5447
2019-06-04 07:00:45,-1.5917,-1.5917
2019-06-04 08:00:15,-1.9042,-1.9042
2019-06-04 08:00:45,-1.8841,-1.8841
2019-06-04 09:00:15,-1.8886,-1.8886
2019-06-04 09:00:45,-1.5683,-1.5683
2019-06-04 10:00:15,-2.0611,-2.0611
2019-06-04 10:00:45,-2.1754,-2.1754
2019-06-04 11:00:15,-3.3738,-3.3738
2019-06-04 11:00:45,-0.73612,-0.73612
2019-06-04 12:00:15,-2.9065,-2.9065
2019-06-04 12:00:45,-1.3634,-1.3634
2019-06-04 13:00:15,-0.62685,-0.62685
2019-06-04 13:00:45,1.1944,1.1944
2019-06-04 14:00:15,,0.06056868
2019-06-04 14:00:45,,-0.095717965
2019-06-04 15:00:15,,-0.04555231999999999
2019-06-04 15:00:45,-1.2406,-1.2406
2019-06-04 16:00:15,-0.24901,-0.24901
2019-06-04 16:00:45,-0.34796,-0.34796
2019-06-04 17:00:15,0.17544,0.17544
2019-06-04 17:00:45,-0.43067,-0.43067
2019-06-04 18:00:15,0.028705,0.028705
2019-06-04 18:00:45,,0.8260812025000001
2019-06-04 19:00:15,,0.6462950950000002
2019-06-04 19:00:45,,1.0622815599999997
2019-06-04 20:00:15,,0.9983119324999997
2019-06-04 20:00:45,,0.4250673550000001
2019-06-04 21:00:15,,0.529722595
2019-06-04 21:00:45,0.72883,0.72883
2019-06-04 22:00:15,0.75322,0.75322
2019-06-04 22:00:45,,0.6376380900000003
2019-06-04 23:00:15,0.83053,0.83053
2019-06-04 23:00:45,0.76167,0.76167
2019-06-05 00:00:15,0.65213,0.65213
2019-06-05 00:00:45,0.41451,0.41451
2019-06-05 01:00:15,0.48379,0.48379
2019-06-05 01:00:45,0.46779,0.46779
2019-06-05 02:00:15,0.34779,0.34779
2019-06-05 02:00:45,1.0714,1.0714
2019-06-05 03:00:15,,0.23991754
2019-06-05 03:00:45,,0.31053254999999996
2019-06-05 04:00:15,0.070485,0.070485
2019-06-05 04:00:45,0.50428,0.50428
2019-06-05 05:00:15,0.026537,0.026537
2019-06-05 05:00:45,-0.97881,-0.97881
2019-06-05 06:00:15,-1.1328,-1.1328
2019-06-05 06:00:45,,0.061892222499999996
2019-06-05 07:00:15,,0.023807697500000002
2019-06-05 07:00:45,-0.21771,-0.21771
2019-06-05 08:00:15,,-0.09551291
2019-06-05 08:00:45,-0.84163,-0.84163
2019-06-05 09:00:15,-1.8315,-1.8315
2019-06-05 09:00:45,,-0.5786992375000001
2019-06-05 10:00:15,0.31532,0.31532
2019-06-05 10:00:45,-1.4329,-1.4329
2019-06-05 11:00:15,-1.7545,-1.7545
2019-06-05 11:00:45,0.20955,0.20955
2019-06-05 12:00:15,-1.2781,-1.2781
2019-06-05 12:00:45,-0.98731,-0.98731
2019-06-05 13:00:15,-1.5267,-1.5267
2019-06-05 13:00:45,-0.41507,-0.41507
2019-06-05 14:00:15,-3.2236,-3.2236
2019-06-05 14:00:45,-0.13274,-0.13274
2019-06-05 15:00:15,-0.47097,-0.47097
2019-06-05 15:00:45,-0.044709,-0.044709
2019-06-05 16:00:15,-0.19653,-0.19653
2019-06-05 16:00:45,-0.079547,-0.079547
2019-06-05 17:00:15,-0.32825,-0.32825
2019-06-05 17:00:45,-0.18525,-0.18525
2019-06-05 18:00:15,0.024161,0.024161
2019-06-05 18:00:45,1.89,1.89
2019-06-05 19:00:15,0.46368,0.46368
2019-06-05 19:00:45,0.2746,0.2746
2019-06-05 20:00:15,0.40204,0.40204
2019-06-05 20:00:45,0.75915,0.75915
2019-06-05 21:00:15,0.2849,0.2849
2019-06-05 21:00:45,0.11457,0.11457
2019-06-05 22:00:15,,0.04730052000000001
2019-06-05 22:00:45,-0.065322,-0.065322
2019-06-05 23:00:15,0.025389,0.025389
2019-06-05 23:00:45,0.003212,0.003212
2019-06-06 00:00:15,0.037318,0.037318
2019-06-06 00:00:45,,-0.025918767500000002
2019-06-06 01:00:15,-0.19349,-0.19349
2019-06-06 01:00:45,0.019826,0.019826
2019-06-06 02:00:15,-0.022599,-0.022599
2019-06-06 02:00:45,0.022047,0.022047
2019-06-06 03:00:15,-0.020262,-0.020262
2019-06-06 03:00:45,-0.11977,-0.11977
2019-06-06 04:00:15,0.012761,0.012761
2019-06-06 04:00:45,-0.046447,-0.046447
2019-06-06 05:00:15,-0.092183,-0.092183
2019-06-06 05:00:45,-0.24771,-0.24771
2019-06-06 06:00:15,-1.7218,-1.7218
2019-06-06 06:00:45,-1.361,-1.361
2019-06-06 07:00:15,-1.2656,-1.2656
2019-06-06 07:00:45,-1.2233,-1.2233
2019-06-06 08:00:15,-1.1891,-1.1891
2019-06-06 08:00:45,-1.0059,-1.0059
2019-06-06 09:00:15,-1.1016,-1.1016
2019-06-06 09:00:45,-0.51877,-0.51877
2019-06-06 10:00:15,-1.0233,-1.0233
2019-06-06 10:00:45,0.92471,0.92471
2019-06-06 11:00:15,-0.1752,-0.1752
2019-06-06 11:00:45,-0.15074,-0.15074
2019-06-06 12:00:15,-0.5834,-0.5834
2019-06-06 12:00:45,-0.5218,-0.5218
2019-06-06 13:00:15,,-0.3457813675000001
2019-06-06 13:00:45,,-0.3719553025
2019-06-06 14:00:15,-0.68339,-0.68339
2019-06-06 14:00:45,-1.1382,-1.1382
2019-06-06 15:00:15,0.57456,0.57456
2019-06-06 15:00:45,1.8829,1.8829
2019-06-06 16:00:15,-0.86284,-0.86284
2019-06-06 16:00:45,-0.026079,-0.026079
2019-06-06 17:00:15,-0.10421,-0.10421
2019-06-06 17:00:45,-0.29645,-0.29645
2019-06-06 18:00:15,-0.20048,-0.20048
2019-06-06 18:00:45,0.091203,0.091203
2019-06-06 19:00:15,0.047285,0.047285
2019-06-06 19:00:45,0.066718,0.066718
2019-06-06 20:00:15,-0.036226,-0.036226
2019-06-06 20:00:45,0.2354,0.2354
2019-06-06 21:00:15,0.20797,0.20797
2019-06-06 21:00:45,0.31009,0.31009
2019-06-06 22:00:15,0.11589,0.11589
2019-06-06 22:00:45,0.021236,0.021236
2019-06-06 23:00:15,0.23335,0.23335
2019-06-06 23:00:45,0.045678,0.045678
2019-06-07 00:00:15,-0.02933,-0.02933
2019-06-07 00:00:45,,0.17606227500000002
2019-06-07 01:00:15,,0.2108494875
2019-06-07 01:00:45,0.41354,0.41354
2019-06-07 02:00:15,0.13917,0.13917
2019-06-07 02:00:45,-0.051612,-0.051612
2019-06-07 03:00:15,0.11656,0.11656
2019-06-07 03:00:45,,-0.02479894
2019-06-07 04:00:15,-0.07871,-0.07871
2019-06-07 04:00:45,,0.099631465
2019-06-07 05:00:15,-0.81428,-0.81428
2019-06-07 05:00:45,-0.60085,-0.60085
2019-06-07 06:00:15,-1.6511,-1.6511
2019-06-07 06:00:45,-1.3592,-1.3592
2019-06-07 07:00:15,-1.4871,-1.4871
2019-06-07 07:00:45,-0.96003,-0.96003
2019-06-07 08:00:15,-1.3576,-1.3576
2019-06-07 08:00:45,-0.33845,-0.33845
2019-06-07 09:00:15,-0.30292,-0.30292
2019-06-07 09:00:45,-0.87232,-0.87232
2019-06-07 10:00:15,-0.057834,-0.057834
2019-06-07 10:00:45,,-0.9894248874999998
2019-06-07 11:00:15,-0.21913,-0.21913
2019-06-07 11:00:45,-2.4668,-2.4668
2019-06-07 12:00:15,-2.2829,-2.2829
2019-06-07 12:00:45,-3.8043,-3.8043
2019-06-07 13:00:15,,-0.9512132200000001
2019-06-07 13:00:45,0.97968,0.97968
2019-06-07 14:00:15,-0.093171,-0.093171
2019-06-07 14:00:45,-1.292,-1.292
2019-06-07 15:00:15,-0.55753,-0.55753
2019-06-07 15:00:45,-0.50094,-0.50094
2019-06-07 16:00:15,-0.034345,-0.034345
2019-06-07 16:00:45,-0.051175,-0.051175
2019-06-07 17:00:15,-0.043815,-0.043815
2019-06-07 17:00:45,-0.068309,-0.068309
2019-06-07 18:00:15,0.17393,0.17393
2019-06-07 18:00:45,0.10147,0.10147
2019-06-07 19:00:15,0.41564,0.41564
2019-06-07 19:00:45,0.73928,0.73928
2019-06-07 20:00:15,0.644,0.644
2019-06-07 20:00:45,0.52187,0.52187
2019-06-07 21:00:15,0.66704,0.66704
2019-06-07 21:00:45,0.23833,0.23833
2019-06-07 22:00:15,0.48533,0.48533
2019-06-07 22:00:45,0.26276,0.26276
2019-06-07 23:00:15,0.44939,0.44939
2019-06-07 23:00:45,0.19472,0.19472
2019-06-08 00:00:15,-0.036357,-0.036357
2019-06-08 00:00:45,0.12609,0.12609
2019-06-08 01:00:15,-0.10728,-0.10728
2019-06-08 01:00:45,0.010162,0.010162
2019-06-08 02:00:15,0.55921,0.55921
2019-06-08 02:00:45,0.14004,0.14004
2019-06-08 03:00:15,0.39838,0.39838
2019-06-08 03:00:45,0.13658,0.13658
2019-06-08 04:00:15,-0.071111,-0.071111
2019-06-08 04:00:45,0.021281,0.021281
2019-06-08 05:00:15,-0.11646,-0.11646
2019-06-08 05:00:45,-0.6437,-0.6437
2019-06-08 06:00:15,-1.4913,-1.4913
2019-06-08 06:00:45,-0.55036,-0.55036
2019-06-08 07:00:15,-0.6596,-0.6596
2019-06-08 07:00:45,-1.0391,-1.0391
2019-06-08 08:00:15,-0.10775,-0.10775
2019-06-08 08:00:45,-0.29102,-0.29102
2019-06-08 09:00:15,-0.43798,-0.43798
2019-06-08 09:00:45,-0.66801,-0.66801
2019-06-08 10:00:15,-0.67761,-0.67761
2019-06-08 10:00:45,-3.2612,-3.2612
2019-06-08 11:00:15,-2.6031,-2.6031
2019-06-08 11:00:45,,-0.6261785849999999
2019-06-08 12:00:15,-0.18881,-0.18881
2019-06-08 12:00:45,0.033999,0.033999
2019-06-08 13:00:15,,-0.1389657549999999
2019-06-08 13:00:45,-2.5396,-2.5396
2019-06-08 14:00:15,2.6307,2.6307
2019-06-08 14:00:45,0.26551,0.26551
2019-06-08 15:00:15,-1.0822,-1.0822
2019-06-08 15:00:45,-0.58455,-0.58455
2019-06-08 16:00:15,-0.76453,-0.76453
2019-06-08 16:00:45,-0.56534,-0.56534
2019-06-08 17:00:15,-0.40958,-0.40958
2019-06-08 17:00:45,-0.43147,-0.43147
2019-06-08 18:00:15,-0.28169,-0.28169
2019-06-08 18:00:45,-0.22363,-0.22363
2019-06-08 19:00:15,-0.37155,-0.37155
2019-06-08 19:00:45,1.0877,1.0877
2019-06-08 20:00:15,0.23975,0.23975
2019-06-08 20:00:45,,0.20131852750000007
2019-06-08 21:00:15,0.32473,0.32473
2019-06-08 21:00:45,0.021943,0.021943
2019-06-08 22:00:15,0.051877,0.051877
2019-06-08 22:00:45,-0.068065,-0.068065
2019-06-08 23:00:15,,0.18536911500000006
2019-06-08 23:00:45,-0.003274,-0.003274
2019-06-09 00:00:15,0.088036,0.088036
2019-06-09 00:00:45,0.21313,0.21313
2019-06-09 01:00:15,0.97265,0.97265
2019-06-09 01:00:45,0.53689,0.53689
2019-06-09 02:00:15,0.2317,0.2317
2019-06-09 02:00:45,0.11825,0.11825
2019-06-09 03:00:15,-0.10164,-0.10164
2019-06-09 03:00:45,,0.08827544250000002
2019-06-09 04:00:15,-0.042286,-0.042286
2019-06-09 04:00:45,-0.048198,-0.048198
2019-06-09 05:00:15,-0.23018,-0.23018
2019-06-09 05:00:45,-0.55964,-0.55964
2019-06-09 06:00:15,-1.0339,-1.0339
2019-06-09 06:00:45,-1.1241,-1.1241
2019-06-09 07:00:15,-1.1483,-1.1483
2019-06-09 07:00:45,-0.75892,-0.75892
2019-06-09 08:00:15,-0.34556,-0.34556
2019-06-09 08:00:45,-0.23994,-0.23994
2019-06-09 09:00:15,-1.1189,-1.1189
2019-06-09 09:00:45,-1.2783,-1.2783
2019-06-09 10:00:15,-0.79966,-0.79966
2019-06-09 10:00:45,-1.1595,-1.1595
2019-06-09 11:00:15,-1.4378,-1.4378
2019-06-09 11:00:45,-0.088559,-0.088559
2019-06-09 12:00:15,-2.8689,-2.8689
2019-06-09 12:00:45,1.0301,1.0301
2019-06-09 13:00:15,-1.9195,-1.9195
2019-06-09 13:00:45,-3.7797,-3.7797
2019-06-09 14:00:15,-1.7989,-1.7989
2019-06-09 14:00:45,-1.8027,-1.8027
2019-06-09 15:00:15,-1.6251,-1.6251
2019-06-09 15:00:45,-1.6188,-1.6188
2019-06-09 16:00:15,-1.705,-1.705
2019-06-09 16:00:45,-1.741,-1.741
2019-06-09 17:00:15,-1.5638,-1.5638
2019-06-09 17:00:45,-1.9375,-1.9375
2019-06-09 18:00:15,-2.4417,-2.4417
2019-06-09 18:00:45,-2.0386,-2.0386
2019-06-09 19:00:15,-1.3434,-1.3434
2019-06-09 19:00:45,,0.6391057025
2019-06-09 20:00:15,,0.5424275475
2019-06-09 20:00:45,,0.8788397025000001
2019-06-09 21:00:15,,0.809862765
2019-06-09 21:00:45,,0.8291185225000001
2019-06-09 22:00:15,,0.7147585049999998
2019-06-09 22:00:45,,0.4099208525
2019-06-09 23:00:15,,0.5467778474999999
2019-06-09 23:00:45,,0.7401247624999999
2019-06-10 00:00:15,,0.8039005549999999
2019-06-10 00:00:45,,0.41154846750000007
2019-06-10 01:00:15,,0.38139809999999996
2019-06-10 01:00:45,,0.41517765
2019-06-10 02:00:15,,0.3664396349999999
2019-06-10 02:00:45,,0.37818123750000004
2019-06-10 03:00:15,,0.49194737750000006
2019-06-10 03:00:45,,0.4172756350000001
2019-06-10 04:00:15,,0.2624105199999999
2019-06-10 04:00:45,,0.25139253500000003
2019-06-10 05:00:15,-0.55943,-0.55943
2019-06-10 05:00:45,-0.89983,-0.89983
2019-06-10 06:00:15,-1.7401,-1.7401
2019-06-10 06:00:45,-1.2754,-1.2754
2019-06-10 07:00:15,-1.3841,-1.3841
2019-06-10 07:00:45,-2.2439,-2.2439
2019-06-10 08:00:15,-1.9669,-1.9669
2019-06-10 08:00:45,-2.2708,-2.2708
2019-06-10 09:00:15,-2.252,-2.252
2019-06-10 09:00:45,-1.8683,-1.8683
2019-06-10 10:00:15,-2.5698,-2.5698
2019-06-10 10:00:45,-2.8736,-2.8736
2019-06-10 11:00:15,-1.4058,-1.4058
2019-06-10 11:00:45,-0.45613,-0.45613
2019-06-10 12:00:15,-1.8816,-1.8816
2019-06-10 12:00:45,-0.85388,-0.85388
2019-06-10 13:00:15,,-1.56846899
2019-06-10 13:00:45,-4.4487,-4.4487
2019-06-10 14:00:15,-4.4106,-4.4106
2019-06-10 14:00:45,-1.4846,-1.4846
2019-06-10 15:00:15,-1.2822,-1.2822
2019-06-10 15:00:45,-1.2615,-1.2615
2019-06-10 16:00:15,-1.1428,-1.1428
2019-06-10 16:00:45,-1.0384,-1.0384
2019-06-10 17:00:15,-0.48635,-0.48635
2019-06-10 17:00:45,0.2283,0.2283
2019-06-10 18:00:15,0.10281,0.10281
2019-06-10 18:00:45,0.1204,0.1204
2019-06-10 19:00:15,0.39664,0.39664
2019-06-10 19:00:45,0.52209,0.52209
2019-06-10 20:00:15,0.52573,0.52573
2019-06-10 20:00:45,0.41864,0.41864
2019-06-10 21:00:15,0.4436,0.4436
2019-06-10 21:00:45,0.2796,0.2796
2019-06-10 22:00:15,0.21502,0.21502
2019-06-10 22:00:45,0.21006,0.21006
2019-06-10 23:00:15,0.14011,0.14011
2019-06-10 23:00:45,0.15048,0.15048
2019-06-11 00:00:15,0.079523,0.079523
2019-06-11 00:00:45,0.14238,0.14238
2019-06-11 01:00:15,0.047117,0.047117
2019-06-11 01:00:45,-0.020134,-0.020134
2019-06-11 02:00:15,0.17042,0.17042
2019-06-11 02:00:45,0.11747,0.11747
2019-06-11 03:00:15,0.045913,0.045913
2019-06-11 03:00:45,0.24613,0.24613
2019-06-11 04:00:15,0.17259,0.17259
2019-06-11 04:00:45,0.15352,0.15352
2019-06-11 05:00:15,-0.086626,-0.086626
2019-06-11 05:00:45,-0.79701,-0.79701
2019-06-11 06:00:15,-1.1396,-1.1396
2019-06-11 06:00:45,-1.5483,-1.5483
2019-06-11 07:00:15,-1.722,-1.722
2019-06-11 07:00:45,-1.6175,-1.6175
2019-06-11 08:00:15,-1.6312,-1.6312
2019-06-11 08:00:45,-1.6372,-1.6372
2019-06-11 09:00:15,-1.5234,-1.5234
2019-06-11 09:00:45,-1.8245,-1.8245
2019-06-11 10:00:15,-1.7971,-1.7971
2019-06-11 10:00:45,3.4677,3.4677
2019-06-11 11:00:15,0.91554,0.91554
2019-06-11 11:00:45,-1.7007,-1.7007
2019-06-11 12:00:15,-1.9265,-1.9265
2019-06-11 12:00:45,-1.3623,-1.3623
2019-06-11 13:00:15,,-0.39603051000000006
2019-06-11 13:00:45,0.64596,0.64596
2019-06-11 14:00:15,-1.9927,-1.9927
2019-06-11 14:00:45,0.39239,0.39239
2019-06-11 15:00:15,0.81344,0.81344
2019-06-11 15:00:45,0.8377,0.8377
2019-06-11 16:00:15,0.32552,0.32552
2019-06-11 16:00:45,-0.44944,-0.44944
2019-06-11 17:00:15,0.31357,0.31357
2019-06-11 17:00:45,-0.53386,-0.53386
2019-06-11 18:00:15,0.055245,0.055245
2019-06-11 18:00:45,0.083368,0.083368
2019-06-11 19:00:15,0.50007,0.50007
2019-06-11 19:00:45,0.27301,0.27301
2019-06-11 20:00:15,0.37408,0.37408
2019-06-11 20:00:45,0.28103,0.28103
2019-06-11 21:00:15,0.25036,0.25036
2019-06-11 21:00:45,0.094235,0.094235
2019-06-11 22:00:15,0.42276,0.42276
2019-06-11 22:00:45,0.073506,0.073506
2019-06-11 23:00:15,0.060649,0.060649
2019-06-11 23:00:45,0.0469,0.0469
2019-06-12 00:00:15,0.000816,0.000816
2019-06-12 00:00:45,-0.046888,-0.046888
2019-06-12 01:00:15,,0.05422715
2019-06-12 01:00:45,-0.014881,-0.014881
2019-06-12 02:00:15,1.24,1.24
2019-06-12 02:00:45,-0.10321,-0.10321
2019-06-12 03:00:15,-0.01187,-0.01187
2019-06-12 03:00:45,0.060435,0.060435
2019-06-12 04:00:15,-0.034528,-0.034528
2019-06-12 04:00:45,,0.20515835
2019-06-12 05:00:15,-0.84656,-0.84656
2019-06-12 05:00:45,-0.8463,-0.8463
2019-06-12 06:00:15,-1.5143,-1.5143
2019-06-12 06:00:45,-1.8356,-1.8356
2019-06-12 07:00:15,-1.7529,-1.7529
2019-06-12 07:00:45,-2.2004,-2.2004
2019-06-12 08:00:15,-2.3087,-2.3087
2019-06-12 08:00:45,-2.2462,-2.2462
2019-06-12 09:00:15,-2.0827,-2.0827
2019-06-12 09:00:45,-1.7852,-1.7852
2019-06-12 10:00:15,-1.0774,-1.0774
2019-06-12 10:00:45,-1.6059,-1.6059
2019-06-12 11:00:15,-3.9177,-3.9177
2019-06-12 11:00:45,-3.1634,-3.1634
2019-06-12 12:00:15,-0.97421,-0.97421
2019-06-12 12:00:45,-1.865,-1.865
2019-06-12 13:00:15,,-0.8421993449999996
2019-06-12 13:00:45,0.32622,0.32622
2019-06-12 14:00:15,-0.50247,-0.50247
2019-06-12 14:00:45,-0.91361,-0.91361
2019-06-12 15:00:15,-1.9513,-1.9513
2019-06-12 15:00:45,0.87504,0.87504
2019-06-12 16:00:15,-0.99115,-0.99115
2019-06-12 16:00:45,-1.0358,-1.0358
2019-06-12 17:00:15,-0.94793,-0.94793
2019-06-12 17:00:45,-0.79355,-0.79355
2019-06-12 18:00:15,-0.50392,-0.50392
2019-06-12 18:00:45,-0.22192,-0.22192
2019-06-12 19:00:15,0.13223,0.13223
2019-06-12 19:00:45,-0.000922,-0.000922
2019-06-12 20:00:15,0.11136,0.11136
2019-06-12 20:00:45,-0.14129,-0.14129
2019-06-12 21:00:15,0.012888,0.012888
2019-06-12 21:00:45,-0.008249,-0.008249
2019-06-12 22:00:15,0.090283,0.090283
2019-06-12 22:00:45,0.14467,0.14467
2019-06-12 23:00:15,0.45798,0.45798
2019-06-12 23:00:45,0.19133,0.19133
2019-06-13 00:00:15,0.46795,0.46795
2019-06-13 00:00:45,0.66139,0.66139
2019-06-13 01:00:15,0.45148,0.45148
2019-06-13 01:00:45,0.53687,0.53687
2019-06-13 02:00:15,0.4583,0.4583
2019-06-13 02:00:45,0.41599,0.41599
2019-06-13 03:00:15,0.42504,0.42504
2019-06-13 03:00:45,0.58241,0.58241
2019-06-13 04:00:15,0.47788,0.47788
2019-06-13 04:00:45,0.39706,0.39706
2019-06-13 05:00:15,0.31294,0.31294
2019-06-13 05:00:45,-0.13587,-0.13587
2019-06-13 06:00:15,-0.41074,-0.41074
2019-06-13 06:00:45,-0.43153,-0.43153
2019-06-13 07:00:15,-0.97169,-0.97169
2019-06-13 07:00:45,-0.72899,-0.72899
2019-06-13 08:00:15,-1.0105,-1.0105
2019-06-13 08:00:45,-1.2139,-1.2139
2019-06-13 09:00:15,-0.98887,-0.98887
2019-06-13 09:00:45,-1.3445,-1.3445
2019-06-13 10:00:15,-1.2881,-1.2881
2019-06-13 10:00:45,-1.1242,-1.1242
2019-06-13 11:00:15,-1.3469,-1.3469
2019-06-13 11:00:45,1.0694,1.0694
2019-06-13 12:00:15,0.86594,0.86594
2019-06-13 12:00:45,0.035485,0.035485
2019-06-13 13:00:15,1.8978,1.8978
2019-06-13 13:00:45,-0.93551,-0.93551
2019-06-13 14:00:15,1.1655,1.1655
2019-06-13 14:00:45,0.41755,0.41755
2019-06-13 15:00:15,0.7149,0.7149
2019-06-13 15:00:45,,0.6880016
2019-06-13 16:00:15,0.42962,0.42962
2019-06-13 16:00:45,0.59418,0.59418
2019-06-13 17:00:15,0.73341,0.73341
2019-06-13 17:00:45,0.46152,0.46152
2019-06-13 18:00:15,0.8913,0.8913
2019-06-13 18:00:45,0.8337,0.8337
2019-06-13 19:00:15,0.52395,0.52395
2019-06-13 19:00:45,0.51607,0.51607
2019-06-13 20:00:15,0.3439,0.3439
2019-06-13 20:00:45,0.36364,0.36364
2019-06-13 21:00:15,0.19807,0.19807
2019-06-13 21:00:45,0.31432,0.31432
2019-06-13 22:00:15,0.024156,0.024156
2019-06-13 22:00:45,0.41004,0.41004
2019-06-13 23:00:15,0.22093,0.22093
2019-06-13 23:00:45,0.23522,0.23522
2019-06-14 00:00:15,0.079889,0.079889
2019-06-14 00:00:45,0.49138,0.49138
2019-06-14 01:00:15,0.67396,0.67396
2019-06-14 01:00:45,0.67994,0.67994
2019-06-14 02:00:15,0.70891,0.70891
2019-06-14 02:00:45,0.58155,0.58155
2019-06-14 03:00:15,0.49717,0.49717
2019-06-14 03:00:45,0.51547,0.51547
2019-06-14 04:00:15,0.37133,0.37133
2019-06-14 04:00:45,0.45933,0.45933
2019-06-14 05:00:15,0.18409,0.18409
2019-06-14 05:00:45,-0.47877,-0.47877
2019-06-14 06:00:15,-0.80308,-0.80308
2019-06-14 06:00:45,-1.0384,-1.0384
2019-06-14 07:00:15,-0.85119,-0.85119
2019-06-14 07:00:45,-1.1149,-1.1149
2019-06-14 08:00:15,-0.94095,-0.94095
2019-06-14 08:00:45,-1.336,-1.336
2019-06-14 09:00:15,-1.329,-1.329
2019-06-14 09:00:45,-1.4652,-1.4652
2019-06-14 10:00:15,-1.3703,-1.3703
2019-06-14 10:00:45,-3.3058,-3.3058
2019-06-14 11:00:15,1.216,1.216
2019-06-14 11:00:45,,-0.6906233824999999
2019-06-14 12:00:15,-2.8869,-2.8869
2019-06-14 12:00:45,-0.075397,-0.075397
2019-06-14 13:00:15,,-0.18423177750000003
2019-06-14 13:00:45,,-0.17937763000000007
2019-06-14 14:00:15,-0.45285,-0.45285
2019-06-14 14:00:45,-0.54905,-0.54905
2019-06-14 15:00:15,-0.81954,-0.81954
2019-06-14 15:00:45,0.63934,0.63934
2019-06-14 16:00:15,0.043368,0.043368
2019-06-14 16:00:45,0.33719,0.33719
2019-06-14 17:00:15,-0.00816,-0.00816
2019-06-14 17:00:45,0.31759,0.31759
2019-06-14 18:00:15,0.32854,0.32854
2019-06-14 18:00:45,0.28865,0.28865
2019-06-14 19:00:15,0.32287,0.32287
2019-06-14 19:00:45,0.21003,0.21003
2019-06-14 20:00:15,0.010614,0.010614
2019-06-14 20:00:45,0.007715,0.007715
2019-06-14 21:00:15,-0.027255,-0.027255
2019-06-14 21:00:45,0.029798,0.029798
2019-06-14 22:00:15,-0.085209,-0.085209
2019-06-14 22:00:45,0.035348,0.035348
2019-06-14 23:00:15,0.15569,0.15569
2019-06-14 23:00:45,0.26072,0.26072
2019-06-15 00:00:15,-0.096738,-0.096738
2019-06-15 00:00:45,0.033701,0.033701
2019-06-15 01:00:15,-0.082157,-0.082157
2019-06-15 01:00:45,-0.046435,-0.046435
2019-06-15 02:00:15,-0.061895,-0.061895
2019-06-15 02:00:45,-0.13351,-0.13351
2019-06-15 03:00:15,0.039624,0.039624
2019-06-15 03:00:45,,-0.009151454999999994
2019-06-15 04:00:15,0.12955,0.12955
2019-06-15 04:00:45,0.31564,0.31564
2019-06-15 05:00:15,-0.039624,-0.039624
2019-06-15 05:00:45,-0.43336,-0.43336
2019-06-15 06:00:15,-0.61605,-0.61605
2019-06-15 06:00:45,-0.99794,-0.99794
2019-06-15 07:00:15,-0.78234,-0.78234
2019-06-15 07:00:45,-0.024633,-0.024633
2019-06-15 08:00:15,-0.52222,-0.52222
2019-06-15 08:00:45,-0.4226,-0.4226
2019-06-15 09:00:15,-1.1111,-1.1111
2019-06-15 09:00:45,-1.1793,-1.1793
2019-06-15 10:00:15,-0.52756,-0.52756
2019-06-15 10:00:45,2.8696,2.8696
2019-06-15 11:00:15,-1.375,-1.375
2019-06-15 11:00:45,0.6647,0.6647
2019-06-15 12:00:15,-0.034228,-0.034228
2019-06-15 12:00:45,0.25393,0.25393
2019-06-15 13:00:15,,-0.49415519499999994
2019-06-15 13:00:45,,-0.20333611499999998
2019-06-15 14:00:15,-0.56017,-0.56017
2019-06-15 14:00:45,-0.16675,-0.16675
2019-06-15 15:00:15,-0.11762,-0.11762
2019-06-15 15:00:45,-0.68371,-0.68371
2019-06-15 16:00:15,-0.62521,-0.62521
2019-06-15 16:00:45,-0.83708,-0.83708
2019-06-15 17:00:15,-0.17169,-0.17169
2019-06-15 17:00:45,-0.14306,-0.14306
2019-06-15 18:00:15,-0.06902,-0.06902
2019-06-15 18:00:45,0.009633,0.009633
2019-06-15 19:00:15,0.16981,0.16981
2019-06-15 19:00:45,0.21117,0.21117
2019-06-15 20:00:15,0.10212,0.10212
2019-06-15 20:00:45,1.2089,1.2089
2019-06-15 21:00:15,0.34319,0.34319
2019-06-15 21:00:45,0.11676,0.11676
2019-06-15 22:00:15,-0.026339,-0.026339
2019-06-15 22:00:45,,0.13567738750000002
2019-06-15 23:00:15,0.31557,0.31557
2019-06-15 23:00:45,0.25199,0.25199
2019-06-16 00:00:15,-0.047285,-0.047285
2019-06-16 00:00:45,1.9542,1.9542
2019-06-16 01:00:15,0.11738,0.11738
2019-06-16 01:00:45,0.0129,0.0129
2019-06-16 02:00:15,0.030227,0.030227
2019-06-16 02:00:45,0.051469,0.051469
2019-06-16 03:00:15,,0.13090724250000002
2019-06-16 03:00:45,-0.16794,-0.16794
2019-06-16 04:00:15,0.025852,0.025852
2019-06-16 04:00:45,-0.010071,-0.010071
2019-06-16 05:00:15,-0.080239,-0.080239
2019-06-16 05:00:45,-0.68932,-0.68932
2019-06-16 06:00:15,-0.92464,-0.92464
2019-06-16 06:00:45,-0.70302,-0.70302
2019-06-16 07:00:15,-0.60806,-0.60806
2019-06-16 07:00:45,-0.86099,-0.86099
2019-06-16 08:00:15,-0.88075,-0.88075
2019-06-16 08:00:45,-0.59557,-0.59557
2019-06-16 09:00:15,0.10005,0.10005
2019-06-16 09:00:45,-0.89168,-0.89168
2019-06-16 10:00:15,-0.91242,-0.91242
2019-06-16 10:00:45,0.66763,0.66763
2019-06-16 11:00:15,0.22707,0.22707
2019-06-16 11:00:45,-1.7898,-1.7898
2019-06-16 12:00:15,1.6437,1.6437
2019-06-16 12:00:45,-1.5609,-1.5609
2019-06-16 13:00:15,,-0.5019848075
2019-06-16 13:00:45,0.78237,0.78237
2019-06-16 14:00:15,-1.3958,-1.3958
2019-06-16 14:00:45,-0.48684,-0.48684
2019-06-16 15:00:15,-0.64891,-0.64891
2019-06-16 15:00:45,0.87001,0.87001
2019-06-16 16:00:15,-0.53091,-0.53091
2019-06-16 16:00:45,-0.15378,-0.15378
2019-06-16 17:00:15,-0.15207,-0.15207
2019-06-16 17:00:45,-0.21653,-0.21653
2019-06-16 18:00:15,-0.27245,-0.27245
2019-06-16 18:00:45,0.051415,0.051415
2019-06-16 19:00:15,0.2016,0.2016
2019-06-16 19:00:45,-0.027531,-0.027531
2019-06-16 20:00:15,0.17703,0.17703
2019-06-16 20:00:45,,0.1461800275
2019-06-16 21:00:15,0.12253,0.12253
2019-06-16 21:00:45,0.50057,0.50057
2019-06-16 22:00:15,0.23576,0.23576
2019-06-16 22:00:45,-0.11225,-0.11225
2019-06-16 23:00:15,2.4969,2.4969
2019-06-16 23:00:45,0.68706,0.68706
2019-06-17 00:00:15,0.16311,0.16311
2019-06-17 00:00:45,0.26058,0.26058
2019-06-17 01:00:15,0.40709,0.40709
2019-06-17 01:00:45,-0.068259,-0.068259
2019-06-17 02:00:15,0.22814,0.22814
2019-06-17 02:00:45,0.1122,0.1122
2019-06-17 03:00:15,0.012669,0.012669
2019-06-17 03:00:45,0.028605,0.028605
2019-06-17 04:00:15,0.095289,0.095289
2019-06-17 04:00:45,0.048466,0.048466
2019-06-17 05:00:15,-0.12703,-0.12703
2019-06-17 05:00:45,-0.72251,-0.72251
2019-06-17 06:00:15,-0.78355,-0.78355
2019-06-17 06:00:45,-0.90128,-0.90128
2019-06-17 07:00:15,-1.2454,-1.2454
2019-06-17 07:00:45,-1.2361,-1.2361
2019-06-17 08:00:15,-1.3029,-1.3029
2019-06-17 08:00:45,-1.2905,-1.2905
2019-06-17 09:00:15,-3.4516,-3.4516
2019-06-17 09:00:45,-0.76097,-0.76097
2019-06-17 10:00:15,-0.069801,-0.069801
2019-06-17 10:00:45,,-0.7254667624999996
2019-06-17 11:00:15,-2.429,-2.429
2019-06-17 11:00:45,0.59672,0.59672
2019-06-17 12:00:15,-1.6604,-1.6604
2019-06-17 12:00:45,-0.65262,-0.65262
2019-06-17 13:00:15,-1.0245,-1.0245
2019-06-17 13:00:45,0.013207,0.013207
2019-06-17 14:00:15,,0.5672857374999999
2019-06-17 14:00:45,0.21351,0.21351
2019-06-17 15:00:15,0.43736,0.43736
2019-06-17 15:00:45,-0.91654,-0.91654
2019-06-17 16:00:15,-0.78801,-0.78801
2019-06-17 16:00:45,-0.73156,-0.73156
2019-06-17 17:00:15,0.59029,0.59029
2019-06-17 17:00:45,-0.87073,-0.87073
2019-06-17 18:00:15,-0.70128,-0.70128
2019-06-17 18:00:45,-0.0551,-0.0551
2019-06-17 19:00:15,0.068783,0.068783
2019-06-17 19:00:45,-0.007661,-0.007661
2019-06-17 20:00:15,0.033821,0.033821
2019-06-17 20:00:45,-0.19859,-0.19859
2019-06-17 21:00:15,,0.020190534999999996
2019-06-17 21:00:45,0.003162,0.003162
2019-06-17 22:00:15,0.16011,0.16011
2019-06-17 22:00:45,0.010976,0.010976
2019-06-17 23:00:15,-0.084665,-0.084665
2019-06-17 23:00:45,0.005917,0.005917
2019-06-18 00:00:15,,0.05657145750000002
2019-06-18 00:00:45,-0.06215,-0.06215
2019-06-18 01:00:15,,0.11570855499999999
2019-06-18 01:00:45,-0.054001,-0.054001
2019-06-18 02:00:15,0.041145,0.041145
2019-06-18 02:00:45,0.020193,0.020193
2019-06-18 03:00:15,,0.006418267500000005
2019-06-18 03:00:45,,-0.0001362374999999967
2019-06-18 04:00:15,,0.031105742499999995
2019-06-18 04:00:45,,0.17696735999999996
2019-06-18 05:00:15,-0.22154,-0.22154
2019-06-18 05:00:45,-0.81967,-0.81967
2019-06-18 06:00:15,-2.0994,-2.0994
2019-06-18 06:00:45,-1.7692,-1.7692
2019-06-18 07:00:15,-0.94717,-0.94717
2019-06-18 07:00:45,-0.11294,-0.11294
2019-06-18 08:00:15,-1.458,-1.458
2019-06-18 08:00:45,-1.016,-1.016
2019-06-18 09:00:15,-1.0682,-1.0682
2019-06-18 09:00:45,-1.4974,-1.4974
2019-06-18 10:00:15,-0.92081,-0.92081
2019-06-18 10:00:45,0.072788,0.072788
2019-06-18 11:00:15,1.3873,1.3873
2019-06-18 11:00:45,1.6691,1.6691
2019-06-18 12:00:15,-1.542,-1.542
2019-06-18 12:00:45,0.41274,0.41274
2019-06-18 13:00:15,-0.41469,-0.41469
2019-06-18 13:00:45,,0.07348365500000001
2019-06-18 14:00:15,,-0.16742485249999997
2019-06-18 14:00:45,1.9079,1.9079
2019-06-18 15:00:15,0.83661,0.83661
2019-06-18 15:00:45,0.20725,0.20725
2019-06-18 16:00:15,0.2118,0.2118
2019-06-18 16:00:45,0.034851,0.034851
2019-06-18 17:00:15,-0.17429,-0.17429
2019-06-18 17:00:45,0.59373,0.59373
2019-06-18 18:00:15,-0.21181,-0.21181
2019-06-18 18:00:45,-0.020466,-0.020466
2019-06-18 19:00:15,0.069359,0.069359
2019-06-18 19:00:45,0.042503,0.042503
2019-06-18 20:00:15,0.093311,0.093311
2019-06-18 20:00:45,0.19174,0.19174
2019-06-18 21:00:15,0.035107,0.035107
2019-06-18 21:00:45,,0.2348243075
2019-06-18 22:00:15,0.47945,0.47945
2019-06-18 22:00:45,0.19633,0.19633
2019-06-18 23:00:15,0.053888,0.053888
2019-06-18 23:00:45,0.075295,0.075295
2019-06-19 00:00:15,-0.057065,-0.057065
2019-06-19 00:00:45,-0.043952,-0.043952
2019-06-19 01:00:15,0.021425,0.021425
2019-06-19 01:00:45,-0.050677,-0.050677
2019-06-19 02:00:15,-0.071582,-0.071582
2019-06-19 02:00:45,-0.065634,-0.065634
2019-06-19 03:00:15,-0.056311,-0.056311
2019-06-19 03:00:45,,-0.013776039999999996
2019-06-19 04:00:15,-0.12208,-0.12208
2019-06-19 04:00:45,,0.023513755
2019-06-19 05:00:15,-0.06286,-0.06286
2019-06-19 05:00:45,-0.4568,-0.4568
2019-06-19 06:00:15,-1.3349,-1.3349
2019-06-19 06:00:45,-1.4245,-1.4245
2019-06-19 07:00:15,-1.2711,-1.2711
2019-06-19 07:00:45,-0.67049,-0.67049
2019-06-19 08:00:15,-0.40173,-0.40173
2019-06-19 08:00:45,-0.69157,-0.69157
2019-06-19 09:00:15,-0.2191,-0.2191
2019-06-19 09:00:45,-0.12421,-0.12421
2019-06-19 10:00:15,-0.87143,-0.87143
2019-06-19 10:00:45,-1.0753,-1.0753
2019-06-19 11:00:15,-0.61661,-0.61661
2019-06-19 11:00:45,-1.9138,-1.9138
2019-06-19 12:00:15,2.118,2.118
2019-06-19 12:00:45,-0.91299,-0.91299
2019-06-19 13:00:15,,-0.05757628000000001
2019-06-19 13:00:45,-3.1869,-3.1869
2019-06-19 14:00:15,-0.10402,-0.10402
2019-06-19 14:00:45,-0.012757,-0.012757
2019-06-19 15:00:15,0.23482,0.23482
2019-06-19 15:00:45,-0.53273,-0.53273
2019-06-19 16:00:15,-0.10241,-0.10241
2019-06-19 16:00:45,-0.36708,-0.36708
2019-06-19 17:00:15,0.10141,0.10141
2019-06-19 17:00:45,-0.054257,-0.054257
2019-06-19 18:00:15,-0.032289,-0.032289
2019-06-19 18:00:45,0.032747,0.032747
2019-06-19 19:00:15,-0.04046,-0.04046
2019-06-19 19:00:45,0.14274,0.14274
2019-06-19 20:00:15,0.028755,0.028755
2019-06-19 20:00:45,0.04445,0.04445
2019-06-19 21:00:15,0.016188,0.016188
2019-06-19 21:00:45,0.042546,0.042546
2019-06-19 22:00:15,,0.006568005000000004
2019-06-19 22:00:45,-0.15129,-0.15129
2019-06-19 23:00:15,-0.042224,-0.042224
2019-06-19 23:00:45,-0.050074,-0.050074
2019-06-20 00:00:15,-0.045993,-0.045993
2019-06-20 00:00:45,0.21154,0.21154
2019-06-20 01:00:15,0.41345,0.41345
2019-06-20 01:00:45,0.75167,0.75167
2019-06-20 02:00:15,0.16139,0.16139
2019-06-20 02:00:45,0.16918,0.16918
2019-06-20 03:00:15,0.5631,0.5631
2019-06-20 03:00:45,-0.067921,-0.067921
2019-06-20 04:00:15,,-0.022332430000000007
2019-06-20 04:00:45,-0.038215,-0.038215
2019-06-20 05:00:15,-0.25567,-0.25567
2019-06-20 05:00:45,-0.80452,-0.80452
2019-06-20 06:00:15,-0.68073,-0.68073
2019-06-20 06:00:45,-0.45719,-0.45719
2019-06-20 07:00:15,-1.2942,-1.2942
2019-06-20 07:00:45,-1.3145,-1.3145
2019-06-20 08:00:15,-1.7587,-1.7587
2019-06-20 08:00:45,-0.80848,-0.80848
2019-06-20 09:00:15,-0.84726,-0.84726
2019-06-20 09:00:45,-1.0132,-1.0132
2019-06-20 10:00:15,-0.31083,-0.31083
2019-06-20 10:00:45,,-0.32282360499999996
2019-06-20 11:00:15,,-0.5649927525
2019-06-20 11:00:45,-1.4337,-1.4337
2019-06-20 12:00:15,0.41525,0.41525
2019-06-20 12:00:45,0.13228,0.13228
2019-06-20 13:00:15,,-0.423262105
2019-06-20 13:00:45,-1.1712,-1.1712
2019-06-20 14:00:15,0.42111,0.42111
2019-06-20 14:00:45,-0.31631,-0.31631
2019-06-20 15:00:15,-0.75631,-0.75631
2019-06-20 15:00:45,0.38587,0.38587
2019-06-20 16:00:15,-0.30661,-0.30661
2019-06-20 16:00:45,-0.43928,-0.43928
2019-06-20 17:00:15,-0.29747,-0.29747
2019-06-20 17:00:45,-0.29486,-0.29486
2019-06-20 18:00:15,-0.24359,-0.24359
2019-06-20 18:00:45,-0.031457,-0.031457
2019-06-20 19:00:15,0.12252,0.12252
2019-06-20 19:00:45,0.31552,0.31552
2019-06-20 20:00:15,0.35418,0.35418
2019-06-20 20:00:45,0.068002,0.068002
2019-06-20 21:00:15,0.13608,0.13608
2019-06-20 21:00:45,0.25051,0.25051
2019-06-20 22:00:15,-0.00015,-0.00015
2019-06-20 22:00:45,-0.0604,-0.0604
2019-06-20 23:00:15,-0.035781,-0.035781
2019-06-20 23:00:45,0.063476,0.063476
2019-06-21 00:00:15,0.037873,0.037873
2019-06-21 00:00:45,0.016041,0.016041
2019-06-21 01:00:15,0.55491,0.55491
2019-06-21 01:00:45,-0.055922,-0.055922
2019-06-21 02:00:15,-0.000738,-0.000738
2019-06-21 02:00:45,0.099088,0.099088
2019-06-21 03:00:15,-0.13119,-0.13119
2019-06-21 03:00:45,,0.4631597025000002
2019-06-21 04:00:15,,0.10101600500000002
2019-06-21 04:00:45,0.040088,0.040088
2019-06-21 05:00:15,-0.16869,-0.16869
2019-06-21 05:00:45,-0.88106,-0.88106
2019-06-21 06:00:15,-0.93167,-0.93167
2019-06-21 06:00:45,-0.68108,-0.68108
2019-06-21 07:00:15,-0.72901,-0.72901
2019-06-21 07:00:45,-0.029881,-0.029881
2019-06-21 08:00:15,-0.62468,-0.62468
2019-06-21 08:00:45,-0.48707,-0.48707
2019-06-21 09:00:15,-0.11135,-0.11135
2019-06-21 09:00:45,-0.89714,-0.89714
2019-06-21 10:00:15,-0.6148,-0.6148
2019-06-21 10:00:45,-1.6743,-1.6743
2019-06-21 11:00:15,-2.2311,-2.2311
2019-06-21 11:00:45,-1.4138,-1.4138
2019-06-21 12:00:15,-0.030785,-0.030785
2019-06-21 12:00:45,-0.6947,-0.6947
2019-06-21 13:00:15,,-0.3950229525000001
2019-06-21 13:00:45,,-0.6398184925
2019-06-21 14:00:15,0.1468,0.1468
2019-06-21 14:00:45,-1.0808,-1.0808
2019-06-21 15:00:15,0.63258,0.63258
2019-06-21 15:00:45,-1.663,-1.663
2019-06-21 16:00:15,0.4025,0.4025
2019-06-21 16:00:45,0.2248,0.2248
2019-06-21 17:00:15,0.3626,0.3626
2019-06-21 17:00:45,0.064498,0.064498
2019-06-21 18:00:15,0.2776,0.2776
2019-06-21 18:00:45,0.32486,0.32486
2019-06-21 19:00:15,0.44821,0.44821
2019-06-21 19:00:45,0.50558,0.50558
2019-06-21 20:00:15,0.3249,0.3249
2019-06-21 20:00:45,0.34889,0.34889
2019-06-21 21:00:15,0.24881,0.24881
2019-06-21 21:00:45,0.7017,0.7017
2019-06-21 22:00:15,0.16861,0.16861
2019-06-21 22:00:45,0.27291,0.27291
2019-06-21 23:00:15,0.22431,0.22431
2019-06-21 23:00:45,0.068574,0.068574
2019-06-22 00:00:15,0.10145,0.10145
2019-06-22 00:00:45,0.082748,0.082748
2019-06-22 01:00:15,0.062898,0.062898
2019-06-22 01:00:45,-0.003951,-0.003951
2019-06-22 02:00:15,-0.018474,-0.018474
2019-06-22 02:00:45,0.040536,0.040536
2019-06-22 03:00:15,-0.085412,-0.085412
2019-06-22 03:00:45,-0.10706,-0.10706
2019-06-22 04:00:15,0.075997,0.075997
2019-06-22 04:00:45,-0.048096,-0.048096
2019-06-22 05:00:15,-0.096853,-0.096853
2019-06-22 05:00:45,-0.61325,-0.61325
2019-06-22 06:00:15,-0.73889,-0.73889
2019-06-22 06:00:45,-0.58345,-0.58345
2019-06-22 07:00:15,-0.49778,-0.49778
2019-06-22 07:00:45,-0.3516,-0.3516
2019-06-22 08:00:15,-0.53367,-0.53367
2019-06-22 08:00:45,-0.82473,-0.82473
2019-06-22 09:00:15,-1.2499,-1.2499
2019-06-22 09:00:45,-0.27367,-0.27367
2019-06-22 10:00:15,-0.30992,-0.30992
2019-06-22 10:00:45,-3.3674,-3.3674
2019-06-22 11:00:15,-2.4827,-2.4827
2019-06-22 11:00:45,-2.1164,-2.1164
2019-06-22 12:00:15,-1.8538,-1.8538
2019-06-22 12:00:45,-0.17522,-0.17522
2019-06-22 13:00:15,-1.7335,-1.7335
2019-06-22 13:00:45,-3.5731,-3.5731
2019-06-22 14:00:15,-0.26006,-0.26006
2019-06-22 14:00:45,-0.093885,-0.093885
2019-06-22 15:00:15,-0.47076,-0.47076
2019-06-22 15:00:45,0.90107,0.90107
2019-06-22 16:00:15,-0.9149,-0.9149
2019-06-22 16:00:45,-0.48942,-0.48942
2019-06-22 17:00:15,-0.31588,-0.31588
2019-06-22 17:00:45,-0.61164,-0.61164
2019-06-22 18:00:15,-0.031255,-0.031255
2019-06-22 18:00:45,0.10146,0.10146
2019-06-22 19:00:15,-0.033936,-0.033936
2019-06-22 19:00:45,,0.808161135
2019-06-22 20:00:15,-0.13065,-0.13065
2019-06-22 20:00:45,-0.009633,-0.009633
2019-06-22 21:00:15,0.13293,0.13293
2019-06-22 21:00:45,,0.22853858500000002
2019-06-22 22:00:15,0.2691,0.2691
2019-06-22 22:00:45,-0.00155,-0.00155
2019-06-22 23:00:15,0.38245,0.38245
2019-06-22 23:00:45,0.048455,0.048455
2019-06-23 00:00:15,-0.035674,-0.035674
2019-06-23 00:00:45,-0.10545,-0.10545
2019-06-23 01:00:15,-0.098348,-0.098348
2019-06-23 01:00:45,-0.11543,-0.11543
2019-06-23 02:00:15,-0.09624,-0.09624
2019-06-23 02:00:45,-0.030447,-0.030447
2019-06-23 03:00:15,-0.004775,-0.004775
2019-06-23 03:00:45,-0.1152,-0.1152
2019-06-23 04:00:15,-0.1589,-0.1589
2019-06-23 04:00:45,-0.053988,-0.053988
2019-06-23 05:00:15,0.035269,0.035269
2019-06-23 05:00:45,-0.47263,-0.47263
2019-06-23 06:00:15,-0.48799,-0.48799
2019-06-23 06:00:45,-0.70515,-0.70515
2019-06-23 07:00:15,-0.61474,-0.61474
2019-06-23 07:00:45,-0.009704,-0.009704
2019-06-23 08:00:15,-0.69602,-0.69602
2019-06-23 08:00:45,-0.38981,-0.38981
2019-06-23 09:00:15,-0.19948,-0.19948
2019-06-23 09:00:45,-0.019085,-0.019085
2019-06-23 10:00:15,-0.94291,-0.94291
2019-06-23 10:00:45,-3.2211,-3.2211
2019-06-23 11:00:15,1.6622,1.6622
2019-06-23 11:00:45,-0.67993,-0.67993
2019-06-23 12:00:15,-1.5521,-1.5521
2019-06-23 12:00:45,-0.0926,-0.0926
2019-06-23 13:00:15,,-0.6586989700000001
2019-06-23 13:00:45,,-0.6110653949999999
2019-06-23 14:00:15,,-0.7910326849999998
2019-06-23 14:00:45,-0.018626,-0.018626
2019-06-23 15:00:15,-0.34149,-0.34149
2019-06-23 15:00:45,-2.3201,-2.3201
2019-06-23 16:00:15,-0.78436,-0.78436
2019-06-23 16:00:45,-0.35344,-0.35344
2019-06-23 17:00:15,0.16912,0.16912
2019-06-23 17:00:45,-0.072898,-0.072898
2019-06-23 18:00:15,-0.072043,-0.072043
2019-06-23 18:00:45,-0.078473,-0.078473
2019-06-23 19:00:15,-0.25043,-0.25043
2019-06-23 19:00:45,-0.035019,-0.035019
2019-06-23 20:00:15,-0.073043,-0.073043
2019-06-23 20:00:45,0.061147,0.061147
2019-06-23 21:00:15,0.052891,0.052891
2019-06-23 21:00:45,-0.12636,-0.12636
2019-06-23 22:00:15,0.02255,0.02255
2019-06-23 22:00:45,0.088923,0.088923
2019-06-23 23:00:15,0.052414,0.052414
2019-06-23 23:00:45,-0.022026,-0.022026
2019-06-24 00:00:15,-0.10694,-0.10694
2019-06-24 00:00:45,0.03972,0.03972
2019-06-24 01:00:15,0.010105,0.010105
2019-06-24 01:00:45,-0.013884,-0.013884
2019-06-24 02:00:15,-0.051825,-0.051825
2019-06-24 02:00:45,,0.018521847499999997
2019-06-24 03:00:15,-0.19566,-0.19566
2019-06-24 03:00:45,-0.060909,-0.060909
2019-06-24 04:00:15,-0.017778,-0.017778
2019-06-24 04:00:45,0.057563,0.057563
2019-06-24 05:00:15,-0.045545,-0.045545
2019-06-24 05:00:45,-0.50104,-0.50104
2019-06-24 06:00:15,-0.71875,-0.71875
2019-06-24 06:00:45,-0.59194,-0.59194
2019-06-24 07:00:15,-0.28006,-0.28006
2019-06-24 07:00:45,-0.34787,-0.34787
2019-06-24 08:00:15,0.18985,0.18985
2019-06-24 08:00:45,0.25786,0.25786
2019-06-24 09:00:15,-0.44822,-0.44822
2019-06-24 09:00:45,-0.10921,-0.10921
2019-06-24 10:00:15,3.5404,3.5404
2019-06-24 10:00:45,1.8887,1.8887
2019-06-24 11:00:15,-3.1764,-3.1764
2019-06-24 11:00:45,-1.2851,-1.2851
2019-06-24 12:00:15,-0.87475,-0.87475
2019-06-24 12:00:45,-0.52583,-0.52583
2019-06-24 13:00:15,,-0.03210462500000006
2019-06-24 13:00:45,,-0.7790206525000003
2019-06-24 14:00:15,1.5366,1.5366
2019-06-24 14:00:45,-0.30495,-0.30495
2019-06-24 15:00:15,-0.96863,-0.96863
2019-06-24 15:00:45,-3.5354,-3.5354
2019-06-24 16:00:15,-1.0825,-1.0825
2019-06-24 16:00:45,-1.0459,-1.0459
2019-06-24 17:00:15,-0.64097,-0.64097
2019-06-24 17:00:45,-0.91565,-0.91565
2019-06-24 18:00:15,-0.7838,-0.7838
2019-06-24 18:00:45,-0.3903,-0.3903
2019-06-24 19:00:15,-0.14166,-0.14166
2019-06-24 19:00:45,-0.11126,-0.11126
2019-06-24 20:00:15,-0.13011,-0.13011
2019-06-24 20:00:45,-0.073968,-0.073968
2019-06-24 21:00:15,-0.11782,-0.11782
2019-06-24 21:00:45,,-0.04919108750000001
2019-06-24 22:00:15,0.009599,0.009599
2019-06-24 22:00:45,0.063119,0.063119
2019-06-24 23:00:15,3.5787,3.5787
2019-06-24 23:00:45,-0.1106,-0.1106
2019-06-25 00:00:15,0.11617,0.11617
2019-06-25 00:00:45,-0.10752,-0.10752
2019-06-25 01:00:15,-0.008192,-0.008192
2019-06-25 01:00:45,0.31653,0.31653
2019-06-25 02:00:15,-0.019161,-0.019161
2019-06-25 02:00:45,-0.009564,-0.009564
2019-06-25 03:00:15,-0.002933,-0.002933
2019-06-25 03:00:45,,0.07773586
2019-06-25 04:00:15,0.19266,0.19266
2019-06-25 04:00:45,0.4772,0.4772
2019-06-25 05:00:15,-0.16161,-0.16161
2019-06-25 05:00:45,-0.55666,-0.55666
2019-06-25 06:00:15,-2.9501,-2.9501
2019-06-25 06:00:45,,-1.120404375
2019-06-25 07:00:15,-0.58168,-0.58168
2019-06-25 07:00:45,0.094392,0.094392
2019-06-25 08:00:15,-0.81924,-0.81924
2019-06-25 08:00:45,-1.2025,-1.2025
2019-06-25 09:00:15,-0.67233,-0.67233
2019-06-25 09:00:45,0.49963,0.49963
2019-06-25 10:00:15,0.16013,0.16013
2019-06-25 10:00:45,-3.0621,-3.0621
2019-06-25 11:00:15,,-0.3259744750000001
2019-06-25 11:00:45,,-0.07888832750000008
2019-06-25 12:00:15,3.5762,3.5762
2019-06-25 12:00:45,-0.40673,-0.40673
2019-06-25 13:00:15,,-0.14065628
2019-06-25 13:00:45,,-0.37409399500000007
2019-06-25 14:00:15,-1.0243,-1.0243
2019-06-25 14:00:45,-1.194,-1.194
2019-06-25 15:00:15,-1.0243,-1.0243
2019-06-25 15:00:45,1.4707,1.4707
2019-06-25 16:00:15,-0.29631,-0.29631
2019-06-25 16:00:45,-0.27167,-0.27167
2019-06-25 17:00:15,-0.25061,-0.25061
2019-06-25 17:00:45,-0.26773,-0.26773
2019-06-25 18:00:15,0.025378,0.025378
2019-06-25 18:00:45,-0.10254,-0.10254
2019-06-25 19:00:15,0.16004,0.16004
2019-06-25 19:00:45,0.20009,0.20009
2019-06-25 20:00:15,0.066551,0.066551
2019-06-25 20:00:45,0.15563,0.15563
2019-06-25 21:00:15,0.049295,0.049295
2019-06-25 21:00:45,0.11099,0.11099
2019-06-25 22:00:15,0.17376,0.17376
2019-06-25 22:00:45,0.12588,0.12588
2019-06-25 23:00:15,-0.037725,-0.037725
2019-06-25 23:00:45,-0.027999,-0.027999
2019-06-26 00:00:15,0.042048,0.042048
2019-06-26 00:00:45,-0.064864,-0.064864
2019-06-26 01:00:15,-0.034715,-0.034715
2019-06-26 01:00:45,-0.063862,-0.063862
2019-06-26 02:00:15,-0.030447,-0.030447
2019-06-26 02:00:45,,-0.038277465000000004
2019-06-26 03:00:15,0.034715,0.034715
2019-06-26 03:00:45,,-0.017093219999999996
2019-06-26 04:00:15,-0.044563,-0.044563
2019-06-26 04:00:45,-0.10233,-0.10233
2019-06-26 05:00:15,-0.006595,-0.006595
2019-06-26 05:00:45,-0.4992,-0.4992
2019-06-26 06:00:15,-0.61327,-0.61327
2019-06-26 06:00:45,-0.63161,-0.63161
2019-06-26 07:00:15,-0.43689,-0.43689
2019-06-26 07:00:45,-0.37558,-0.37558
2019-06-26 08:00:15,-0.41074,-0.41074
2019-06-26 08:00:45,-0.34062,-0.34062
2019-06-26 09:00:15,-0.31128,-0.31128
2019-06-26 09:00:45,-0.36849,-0.36849
2019-06-26 10:00:15,-0.31715,-0.31715
2019-06-26 10:00:45,-4.3247,-4.3247
2019-06-26 11:00:15,-1.8489,-1.8489
2019-06-26 11:00:45,-0.87644,-0.87644
2019-06-26 12:00:15,1.2567,1.2567
2019-06-26 12:00:45,0.48842,0.48842
2019-06-26 13:00:15,,0.06598156749999998
2019-06-26 13:00:45,-3.422,-3.422
2019-06-26 14:00:15,-0.11945,-0.11945
2019-06-26 14:00:45,0.23155,0.23155
2019-06-26 15:00:15,-0.2468,-0.2468
2019-06-26 15:00:45,-0.47366,-0.47366
2019-06-26 16:00:15,0.70069,0.70069
2019-06-26 16:00:45,0.21562,0.21562
2019-06-26 17:00:15,,0.09582090750000002
2019-06-26 17:00:45,,0.14894817250000003
2019-06-26 18:00:15,,0.25851073500000005
2019-06-26 18:00:45,,0.3848110974999999
2019-06-26 19:00:15,,0.9342028374999999
2019-06-26 19:00:45,,0.9518301699999998
2019-06-26 20:00:15,1.2636,1.2636
2019-06-26 20:00:45,1.4141,1.4141
2019-06-26 21:00:15,1.2307,1.2307
2019-06-26 21:00:45,0.87378,0.87378
2019-06-26 22:00:15,0.30848,0.30848
2019-06-26 22:00:45,0.66368,0.66368
2019-06-26 23:00:15,0.44125,0.44125
2019-06-26 23:00:45,0.43144,0.43144
2019-06-27 00:00:15,0.38401,0.38401
2019-06-27 00:00:45,0.28495,0.28495
2019-06-27 01:00:15,0.005972,0.005972
2019-06-27 01:00:45,0.25462,0.25462
2019-06-27 02:00:15,0.26234,0.26234
2019-06-27 02:00:45,0.12636,0.12636
2019-06-27 03:00:15,-0.10365,-0.10365
2019-06-27 03:00:45,-0.044397,-0.044397
2019-06-27 04:00:15,0.06772,0.06772
2019-06-27 04:00:45,0.12556,0.12556
2019-06-27 05:00:15,0.1015,0.1015
2019-06-27 05:00:45,-0.3403,-0.3403
2019-06-27 06:00:15,-0.38123,-0.38123
2019-06-27 06:00:45,-0.32831,-0.32831
2019-06-27 07:00:15,-0.52031,-0.52031
2019-06-27 07:00:45,-0.083757,-0.083757
2019-06-27 08:00:15,-0.68437,-0.68437
2019-06-27 08:00:45,-0.3424,-0.3424
2019-06-27 09:00:15,0.2316,0.2316
2019-06-27 09:00:45,-0.026814,-0.026814
2019-06-27 10:00:15,-0.31879,-0.31879
2019-06-27 10:00:45,-1.0984,-1.0984
2019-06-27 11:00:15,-0.46843,-0.46843
2019-06-27 11:00:45,-0.85067,-0.85067
2019-06-27 12:00:15,-0.21823,-0.21823
2019-06-27 12:00:45,-0.25215,-0.25215
2019-06-27 13:00:15,4.1168,4.1168
2019-06-27 13:00:45,0.87566,0.87566
2019-06-27 14:00:15,0.17209,0.17209
2019-06-27 14:00:45,-1.2566,-1.2566
2019-06-27 15:00:15,0.48054,0.48054
2019-06-27 15:00:45,0.74707,0.74707
2019-06-27 16:00:15,,0.41825417
2019-06-27 16:00:45,-0.006751,-0.006751
2019-06-27 17:00:15,,0.8398211275
2019-06-27 17:00:45,-0.068625,-0.068625
2019-06-27 18:00:15,0.26415,0.26415
2019-06-27 18:00:45,0.37384,0.37384
2019-06-27 19:00:15,,1.2366809575000002
2019-06-27 19:00:45,,1.4239372975000002
2019-06-27 20:00:15,,1.4656531600000005
2019-06-27 20:00:45,,1.7227301725000008
2019-06-27 21:00:15,,1.3753072675000002
2019-06-27 21:00:45,,2.171597385000001
2019-06-27 22:00:15,3.5875,3.5875
2019-06-27 22:00:45,2.9522,2.9522
2019-06-27 23:00:15,1.4387,1.4387
2019-06-27 23:00:45,-0.032808,-0.032808
2019-06-28 00:00:15,2.9026,2.9026
2019-06-28 00:00:45,,0.9153309425
2019-06-28 01:00:15,0.39515,0.39515
2019-06-28 01:00:45,0.31767,0.31767
2019-06-28 02:00:15,-0.008,-0.008
2019-06-28 02:00:45,0.48171,0.48171
2019-06-28 03:00:15,-0.11696,-0.11696
2019-06-28 03:00:45,,0.2728128125
2019-06-28 04:00:15,-0.11782,-0.11782
2019-06-28 04:00:45,,0.296900495
2019-06-28 05:00:15,-0.69252,-0.69252
2019-06-28 05:00:45,-0.052355,-0.052355
2019-06-28 06:00:15,-1.5354,-1.5354
2019-06-28 06:00:45,-0.73463,-0.73463
2019-06-28 07:00:15,-0.18649,-0.18649
2019-06-28 07:00:45,0.20341,0.20341
2019-06-28 08:00:15,-0.25702,-0.25702
2019-06-28 08:00:45,-1.3051,-1.3051
2019-06-28 09:00:15,-3.4996,-3.4996
2019-06-28 09:00:45,1.389,1.389
2019-06-28 10:00:15,0.55622,0.55622
2019-06-28 10:00:45,-0.56074,-0.56074
2019-06-28 11:00:15,-1.2229,-1.2229
2019-06-28 11:00:45,0.95633,0.95633
2019-06-28 12:00:15,-0.87547,-0.87547
2019-06-28 12:00:45,0.61206,0.61206
2019-06-28 13:00:15,0.93617,0.93617
2019-06-28 13:00:45,,-0.48705228750000007
2019-06-28 14:00:15,-1.2256,-1.2256
2019-06-28 14:00:45,0.27501,0.27501
2019-06-28 15:00:15,0.40212,0.40212
2019-06-28 15:00:45,0.94094,0.94094
2019-06-28 16:00:15,0.64832,0.64832
2019-06-28 16:00:45,0.3469,0.3469
2019-06-28 17:00:15,-0.54935,-0.54935
2019-06-28 17:00:45,-0.2485,-0.2485
2019-06-28 18:00:15,-0.00188,-0.00188
2019-06-28 18:00:45,0.68354,0.68354
2019-06-28 19:00:15,0.72764,0.72764
2019-06-28 19:00:45,,0.1511819375
2019-06-28 20:00:15,-0.081975,-0.081975
2019-06-28 20:00:45,0.024487,0.024487
2019-06-28 21:00:15,0.10983,0.10983
2019-06-28 21:00:45,-0.037795,-0.037795
2019-06-28 22:00:15,-0.13212,-0.13212
2019-06-28 22:00:45,-0.016534,-0.016534
2019-06-28 23:00:15,,0.291390235
2019-06-28 23:00:45,-0.077353,-0.077353
2019-06-29 00:00:15,0.18954,0.18954
2019-06-29 00:00:45,0.20163,0.20163
2019-06-29 01:00:15,-0.17755,-0.17755
2019-06-29 01:00:45,,0.30602163249999986
2019-06-29 02:00:15,1.8583,1.8583
2019-06-29 02:00:45,0.15676,0.15676
2019-06-29 03:00:15,0.42579,0.42579
2019-06-29 03:00:45,0.029694,0.029694
2019-06-29 04:00:15,0.077215,0.077215
2019-06-29 04:00:45,0.22508,0.22508
2019-06-29 05:00:15,-0.00094,-0.00094
2019-06-29 05:00:45,-0.26394,-0.26394
2019-06-29 06:00:15,-0.56157,-0.56157
2019-06-29 06:00:45,-0.36803,-0.36803
2019-06-29 07:00:15,-1.6118,-1.6118
2019-06-29 07:00:45,-1.1358,-1.1358
2019-06-29 08:00:15,-1.1562,-1.1562
2019-06-29 08:00:45,-1.4609,-1.4609
2019-06-29 09:00:15,-0.49445,-0.49445
2019-06-29 09:00:45,-1.5721,-1.5721
2019-06-29 10:00:15,-1.4183,-1.4183
2019-06-29 10:00:45,-1.3425,-1.3425
2019-06-29 11:00:15,-1.7295,-1.7295
2019-06-29 11:00:45,-2.6833,-2.6833
2019-06-29 12:00:15,-2.0858,-2.0858
2019-06-29 12:00:45,0.68608,0.68608
2019-06-29 13:00:15,0.3725,0.3725
2019-06-29 13:00:45,,-0.18102080500000012
2019-06-29 14:00:15,0.075106,0.075106
2019-06-29 14:00:45,0.11745,0.11745
2019-06-29 15:00:15,-1.2892,-1.2892
2019-06-29 15:00:45,-0.053972,-0.053972
2019-06-29 16:00:15,-0.83089,-0.83089
2019-06-29 16:00:45,-0.44922,-0.44922
2019-06-29 17:00:15,-0.17598,-0.17598
2019-06-29 17:00:45,-0.34775,-0.34775
2019-06-29 18:00:15,-0.21252,-0.21252
2019-06-29 18:00:45,0.19821,0.19821
2019-06-29 19:00:15,0.2494,0.2494
2019-06-29 19:00:45,0.25079,0.25079
2019-06-29 20:00:15,,0.043515075
2019-06-29 20:00:45,-0.012362,-0.012362
2019-06-29 21:00:15,0.39546,0.39546
2019-06-29 21:00:45,0.019517,0.019517
2019-06-29 22:00:15,0.055938,0.055938
2019-06-29 22:00:45,0.065883,0.065883
2019-06-29 23:00:15,0.016176,0.016176
2019-06-29 23:00:45,-0.084722,-0.084722
2019-06-30 00:00:15,0.039679,0.039679
2019-06-30 00:00:45,0.16846,0.16846
2019-06-30 01:00:15,0.041232,0.041232
2019-06-30 01:00:45,-0.086157,-0.086157
2019-06-30 02:00:15,0.17184,0.17184
2019-06-30 02:00:45,0.12658,0.12658
2019-06-30 03:00:15,0.16578,0.16578
2019-06-30 03:00:45,0.19231,0.19231
2019-06-30 04:00:15,0.12793,0.12793
2019-06-30 04:00:45,0.091843,0.091843
2019-06-30 05:00:15,-0.04642,-0.04642
2019-06-30 05:00:45,-0.41273,-0.41273
2019-06-30 06:00:15,-0.54004,-0.54004
2019-06-30 06:00:45,-0.61616,-0.61616
2019-06-30 07:00:15,-0.5878,-0.5878
2019-06-30 07:00:45,-0.70567,-0.70567
2019-06-30 08:00:15,-0.66709,-0.66709
2019-06-30 08:00:45,-0.84283,-0.84283
2019-06-30 09:00:15,-0.78124,-0.78124
2019-06-30 09:00:45,-0.58373,-0.58373
2019-06-30 10:00:15,-0.53482,-0.53482
2019-06-30 10:00:45,1.2854,1.2854
2019-06-30 11:00:15,0.84772,0.84772
2019-06-30 11:00:45,-0.65535,-0.65535
2019-06-30 12:00:15,,-0.158615515
2019-06-30 12:00:45,-0.32734,-0.32734
2019-06-30 13:00:15,,-0.21311380999999993
2019-06-30 13:00:45,,-0.43740885999999995
2019-06-30 14:00:15,-2.593,-2.593
2019-06-30 14:00:45,3.2372,3.2372
2019-06-30 15:00:15,-0.43103,-0.43103
2019-06-30 15:00:45,-1.7951,-1.7951
2019-06-30 16:00:15,0.068372,0.068372
2019-06-30 16:00:45,-0.62211,-0.62211
2019-06-30 17:00:15,-0.56636,-0.56636
2019-06-30 17:00:45,-0.31615,-0.31615
2019-06-30 18:00:15,-1.5637,-1.5637
2019-06-30 18:00:45,-0.14089,-0.14089
2019-06-30 19:00:15,0.28879,0.28879
2019-06-30 19:00:45,-0.030339,-0.030339
2019-06-30 20:00:15,0.3703,0.3703
2019-06-30 20:00:45,0.59438,0.59438
2019-06-30 21:00:15,,0.2651413399999999
2019-06-30 21:00:45,0.15728,0.15728
2019-06-30 22:00:15,0.19502,0.19502
2019-06-30 22:00:45,-0.005069,-0.005069
2019-06-30 23:00:15,0.37535,0.37535
2019-06-30 23:00:45,0.020772,0.020772
2019-07-01 00:00:15,0.061396,0.061396
2019-07-01 00:00:45,0.049949,0.049949
2019-07-01 01:00:15,0.058535,0.058535
2019-07-01 01:00:45,0.053389,0.053389
2019-07-01 02:00:15,-0.030318,-0.030318
2019-07-01 02:00:45,0.027275,0.027275
2019-07-01 03:00:15,0.007398,0.007398
2019-07-01 03:00:45,-0.072606,-0.072606
2019-07-01 04:00:15,-0.024499,-0.024499
2019-07-01 04:00:45,,0.03978118250000001
2019-07-01 05:00:15,-0.64836,-0.64836
2019-07-01 05:00:45,-0.077344,-0.077344
2019-07-01 06:00:15,-0.8495,-0.8495
2019-07-01 06:00:45,-0.55093,-0.55093
2019-07-01 07:00:15,-0.18465,-0.18465
2019-07-01 07:00:45,-0.31489,-0.31489
2019-07-01 08:00:15,-0.092926,-0.092926
2019-07-01 08:00:45,-0.5024,-0.5024
2019-07-01 09:00:15,-0.34843,-0.34843
2019-07-01 09:00:45,-1.3935,-1.3935
2019-07-01 10:00:15,-0.1848,-0.1848
2019-07-01 10:00:45,-1.193,-1.193
2019-07-01 11:00:15,-0.72587,-0.72587
2019-07-01 11:00:45,-0.064444,-0.064444
2019-07-01 12:00:15,-0.44941,-0.44941
2019-07-01 12:00:45,-0.43454,-0.43454
2019-07-01 13:00:15,,0.4699581
2019-07-01 13:00:45,,0.16100725500000004
2019-07-01 14:00:15,1.4951,1.4951
2019-07-01 14:00:45,0.40428,0.40428
2019-07-01 15:00:15,-0.032419,-0.032419
2019-07-01 15:00:45,0.53278,0.53278
2019-07-01 16:00:15,0.2281,0.2281
2019-07-01 16:00:45,-1.3078,-1.3078
2019-07-01 17:00:15,-0.40259,-0.40259
2019-07-01 17:00:45,0.61506,0.61506
2019-07-01 18:00:15,-0.56863,-0.56863
2019-07-01 18:00:45,,0.41909780249999995
2019-07-01 19:00:15,0.1972,0.1972
2019-07-01 19:00:45,-0.05063,-0.05063
2019-07-01 20:00:15,-0.11453,-0.11453
2019-07-01 20:00:45,0.030773,0.030773
2019-07-01 21:00:15,0.16054,0.16054
2019-07-01 21:00:45,0.049372,0.049372
2019-07-01 22:00:15,0.17356,0.17356
2019-07-01 22:00:45,0.00874,0.00874
2019-07-01 23:00:15,,0.22234562999999996
2019-07-01 23:00:45,,0.32930351750000003
2019-07-02 00:00:15,0.63134,0.63134
2019-07-02 00:00:45,0.10461,0.10461
2019-07-02 01:00:15,-0.074437,-0.074437
2019-07-02 01:00:45,0.24016,0.24016
2019-07-02 02:00:15,0.022279,0.022279
2019-07-02 02:00:45,,0.4905357849999999
2019-07-02 03:00:15,,0.1587319625
2019-07-02 03:00:45,0.58951,0.58951
2019-07-02 04:00:15,-0.014762,-0.014762
2019-07-02 04:00:45,,0.12642569250000005
2019-07-02 05:00:15,-0.47325,-0.47325
2019-07-02 05:00:45,-0.42507,-0.42507
2019-07-02 06:00:15,-0.14714,-0.14714
2019-07-02 06:00:45,-1.3235,-1.3235
2019-07-02 07:00:15,-1.3806,-1.3806
2019-07-02 07:00:45,-1.4223,-1.4223
2019-07-02 08:00:15,-1.0601,-1.0601
2019-07-02 08:00:45,-0.83381,-0.83381
2019-07-02 09:00:15,-1.2747,-1.2747
2019-07-02 09:00:45,-0.37545,-0.37545
2019-07-02 10:00:15,-0.017238,-0.017238
2019-07-02 10:00:45,-0.36421,-0.36421
2019-07-02 11:00:15,3.0217,3.0217
2019-07-02 11:00:45,0.58129,0.58129
2019-07-02 12:00:15,-0.10674,-0.10674
2019-07-02 12:00:45,,0.51342616
2019-07-02 13:00:15,0.74533,0.74533
2019-07-02 13:00:45,,0.6281738024999995
2019-07-02 14:00:15,-0.008327,-0.008327
2019-07-02 14:00:45,,0.45403573
2019-07-02 15:00:15,-0.062905,-0.062905
2019-07-02 15:00:45,,0.013908969999999996
2019-07-02 16:00:15,0.85594,0.85594
2019-07-02 16:00:45,1.1496,1.1496
2019-07-02 17:00:15,0.6451,0.6451
2019-07-02 17:00:45,0.40324,0.40324
2019-07-02 18:00:15,0.1109,0.1109
2019-07-02 18:00:45,0.29134,0.29134
2019-07-02 19:00:15,0.15088,0.15088
2019-07-02 19:00:45,0.003267,0.003267
2019-07-02 20:00:15,0.22027,0.22027
2019-07-02 20:00:45,0.11217,0.11217
2019-07-02 21:00:15,-0.012813,-0.012813
2019-07-02 21:00:45,-0.092644,-0.092644
2019-07-02 22:00:15,-0.017814,-0.017814
2019-07-02 22:00:45,0.02122,0.02122
2019-07-02 23:00:15,-0.038382,-0.038382
2019-07-02 23:00:45,0.11032,0.11032
2019-07-03 00:00:15,-0.093379,-0.093379
2019-07-03 00:00:45,0.1393,0.1393
2019-07-03 01:00:15,0.000304,0.000304
2019-07-03 01:00:45,0.024268,0.024268
2019-07-03 02:00:15,0.29241,0.29241
2019-07-03 02:00:45,0.055344,0.055344
2019-07-03 03:00:15,-0.004164,-0.004164
2019-07-03 03:00:45,0.04834,0.04834
2019-07-03 04:00:15,0.004349,0.004349
2019-07-03 04:00:45,0.007795,0.007795
2019-07-03 05:00:15,-0.13494,-0.13494
2019-07-03 05:00:45,-0.41981,-0.41981
2019-07-03 06:00:15,-0.86354,-0.86354
2019-07-03 06:00:45,-0.63026,-0.63026
2019-07-03 07:00:15,-0.79583,-0.79583
2019-07-03 07:00:45,-0.29983,-0.29983
2019-07-03 08:00:15,0.13948,0.13948
2019-07-03 08:00:45,0.48573,0.48573
2019-07-03 09:00:15,0.11241,0.11241
2019-07-03 09:00:45,0.39986,0.39986
2019-07-03 10:00:15,0.16738,0.16738
2019-07-03 10:00:45,1.3356,1.3356
2019-07-03 11:00:15,-0.32745,-0.32745
2019-07-03 11:00:45,-0.25036,-0.25036
2019-07-03 12:00:15,1.6249,1.6249
2019-07-03 12:00:45,0.30006,0.30006
2019-07-03 13:00:15,,0.36362487750000005
2019-07-03 13:00:45,1.7106,1.7106
2019-07-03 14:00:15,0.13775,0.13775
2019-07-03 14:00:45,0.054738,0.054738
2019-07-03 15:00:15,-0.33504,-0.33504
2019-07-03 15:00:45,,-0.9252291050000001
2019-07-03 16:00:15,0.010008,0.010008
2019-07-03 16:00:45,0.10063,0.10063
2019-07-03 17:00:15,-0.27858,-0.27858
2019-07-03 17:00:45,-0.40531,-0.40531
2019-07-03 18:00:15,-0.005582,-0.005582
2019-07-03 18:00:45,-0.1153,-0.1153
2019-07-03 19:00:15,-0.10663,-0.10663
2019-07-03 19:00:45,-0.035669,-0.035669
2019-07-03 20:00:15,0.022785,0.022785
2019-07-03 20:00:45,-0.051979,-0.051979
2019-07-03 21:00:15,-0.19638,-0.19638
2019-07-03 21:00:45,,0.09087283000000002
2019-07-03 22:00:15,0.16511,0.16511
2019-07-03 22:00:45,0.27757,0.27757
2019-07-03 23:00:15,-0.09953,-0.09953
2019-07-03 23:00:45,-0.10542,-0.10542
2019-07-04 00:00:15,,0.007545602499999998
2019-07-04 00:00:45,-0.045964,-0.045964
2019-07-04 01:00:15,-0.020535,-0.020535
2019-07-04 01:00:45,0.10224,0.10224
2019-07-04 02:00:15,0.19536,0.19536
2019-07-04 02:00:45,0.4281,0.4281
2019-07-04 03:00:15,-0.13469,-0.13469
2019-07-04 03:00:45,-0.15591,-0.15591
2019-07-04 04:00:15,-0.1529,-0.1529
2019-07-04 04:00:45,-0.10421,-0.10421
2019-07-04 05:00:15,-0.11587,-0.11587
2019-07-04 05:00:45,-0.37913,-0.37913
2019-07-04 06:00:15,-0.61254,-0.61254
2019-07-04 06:00:45,-0.54371,-0.54371
2019-07-04 07:00:15,0.018856,0.018856
2019-07-04 07:00:45,0.38714,0.38714
2019-07-04 08:00:15,0.21742,0.21742
2019-07-04 08:00:45,0.36681,0.36681
2019-07-04 09:00:15,-0.21105,-0.21105
2019-07-04 09:00:45,0.32855,0.32855
2019-07-04 10:00:15,0.13772,0.13772
2019-07-04 10:00:45,0.98566,0.98566
2019-07-04 11:00:15,-0.57519,-0.57519
2019-07-04 11:00:45,1.2108,1.2108
2019-07-04 12:00:15,,0.2335866825
2019-07-04 12:00:45,0.35989,0.35989
2019-07-04 13:00:15,,0.39073937500000006
2019-07-04 13:00:45,,-0.42970363750000007
2019-07-04 14:00:15,-3.0923,-3.0923
2019-07-04 14:00:45,0.60157,0.60157
2019-07-04 15:00:15,-0.044086,-0.044086
2019-07-04 15:00:45,-2.9421,-2.9421
2019-07-04 16:00:15,-0.53737,-0.53737
2019-07-04 16:00:45,-0.27987,-0.27987
2019-07-04 17:00:15,-0.387,-0.387
2019-07-04 17:00:45,-0.56817,-0.56817
2019-07-04 18:00:15,-0.19307,-0.19307
2019-07-04 18:00:45,-0.1065,-0.1065
2019-07-04 19:00:15,-0.15765,-0.15765
2019-07-04 19:00:45,0.22662,0.22662
2019-07-04 20:00:15,-0.061168,-0.061168
2019-07-04 20:00:45,-0.079103,-0.079103
2019-07-04 21:00:15,-0.096798,-0.096798
2019-07-04 21:00:45,0.077326,0.077326
2019-07-04 22:00:15,0.06803,0.06803
2019-07-04 22:00:45,0.25387,0.25387
2019-07-04 23:00:15,0.12959,0.12959
2019-07-04 23:00:45,0.045139,0.045139
2019-07-05 00:00:15,0.17653,0.17653
2019-07-05 00:00:45,0.37564,0.37564
2019-07-05 01:00:15,0.13237,0.13237
2019-07-05 01:00:45,0.084528,0.084528
2019-07-05 02:00:15,0.11039,0.11039
2019-07-05 02:00:45,0.014526,0.014526
2019-07-05 03:00:15,0.050234,0.050234
2019-07-05 03:00:45,0.054967,0.054967
2019-07-05 04:00:15,0.063506,0.063506
2019-07-05 04:00:45,-0.068578,-0.068578
2019-07-05 05:00:15,-0.075801,-0.075801
2019-07-05 05:00:45,-0.37121,-0.37121
2019-07-05 06:00:15,-0.66532,-0.66532
2019-07-05 06:00:45,-0.42881,-0.42881
2019-07-05 07:00:15,-0.16889,-0.16889
2019-07-05 07:00:45,-0.49991,-0.49991
2019-07-05 08:00:15,0.7825,0.7825
2019-07-05 08:00:45,0.59643,0.59643
2019-07-05 09:00:15,,0.2989482025000001
2019-07-05 09:00:45,-0.42784,-0.42784
2019-07-05 10:00:15,-0.49531,-0.49531
2019-07-05 10:00:45,0.52715,0.52715
2019-07-05 11:00:15,-0.31168,-0.31168
2019-07-05 11:00:45,-0.27075,-0.27075
2019-07-05 12:00:15,-0.097368,-0.097368
2019-07-05 12:00:45,0.33247,0.33247
2019-07-05 13:00:15,2.7143,2.7143
2019-07-05 13:00:45,-2.1113,-2.1113
2019-07-05 14:00:15,1.5697,1.5697
2019-07-05 14:00:45,0.03338,0.03338
2019-07-05 15:00:15,0.246,0.246
2019-07-05 15:00:45,-0.4352,-0.4352
2019-07-05 16:00:15,-0.29343,-0.29343
2019-07-05 16:00:45,-0.42935,-0.42935
2019-07-05 17:00:15,-0.30087,-0.30087
2019-07-05 17:00:45,-0.17066,-0.17066
2019-07-05 18:00:15,-0.04758,-0.04758
2019-07-05 18:00:45,0.24617,0.24617
2019-07-05 19:00:15,0.20958,0.20958
2019-07-05 19:00:45,0.19178,0.19178
2019-07-05 20:00:15,-0.000373,-0.000373
2019-07-05 20:00:45,0.12274,0.12274
2019-07-05 21:00:15,0.36625,0.36625
2019-07-05 21:00:45,0.39601,0.39601
2019-07-05 22:00:15,,0.5674825275
2019-07-05 22:00:45,-0.024366,-0.024366
2019-07-05 23:00:15,0.028477,0.028477
2019-07-05 23:00:45,0.002978,0.002978
2019-07-06 00:00:15,-0.02804,-0.02804
2019-07-06 00:00:45,-0.009852,-0.009852
2019-07-06 01:00:15,0.055417,0.055417
2019-07-06 01:00:45,-0.066484,-0.066484
2019-07-06 02:00:15,0.047164,0.047164
2019-07-06 02:00:45,0.081699,0.081699
2019-07-06 03:00:15,0.24211,0.24211
2019-07-06 03:00:45,0.43218,0.43218
2019-07-06 04:00:15,-0.042617,-0.042617
2019-07-06 04:00:45,-0.098599,-0.098599
2019-07-06 05:00:15,0.057781,0.057781
2019-07-06 05:00:45,0.14181,0.14181
2019-07-06 06:00:15,-0.2652,-0.2652
2019-07-06 06:00:45,-0.48795,-0.48795
2019-07-06 07:00:15,-0.50838,-0.50838
2019-07-06 07:00:45,-1.1432,-1.1432
2019-07-06 08:00:15,-0.45984,-0.45984
2019-07-06 08:00:45,-0.5803,-0.5803
2019-07-06 09:00:15,-1.4116,-1.4116
2019-07-06 09:00:45,-0.78758,-0.78758
2019-07-06 10:00:15,-1.0802,-1.0802
2019-07-06 10:00:45,0.1918,0.1918
2019-07-06 11:00:15,,-0.5905551824999999
2019-07-06 11:00:45,-1.0452,-1.0452
2019-07-06 12:00:15,-1.8826,-1.8826
2019-07-06 12:00:45,-0.87769,-0.87769
2019-07-06 13:00:15,2.3278,2.3278
2019-07-06 13:00:45,1.8474,1.8474
2019-07-06 14:00:15,-0.65177,-0.65177
2019-07-06 14:00:45,-2.1008,-2.1008
2019-07-06 15:00:15,-1.2243,-1.2243
2019-07-06 15:00:45,-0.71584,-0.71584
2019-07-06 16:00:15,-1.1005,-1.1005
2019-07-06 16:00:45,,0.23434145000000006
2019-07-06 17:00:15,,0.22607887499999993
2019-07-06 17:00:45,,0.1366176375
2019-07-06 18:00:15,0.57401,0.57401
2019-07-06 18:00:45,1.2551,1.2551
2019-07-06 19:00:15,,0.71499494
2019-07-06 19:00:45,0.40242,0.40242
2019-07-06 20:00:15,0.58392,0.58392
2019-07-06 20:00:45,0.2785,0.2785
2019-07-06 21:00:15,0.72931,0.72931
2019-07-06 21:00:45,0.22843,0.22843
2019-07-06 22:00:15,0.25822,0.25822
2019-07-06 22:00:45,0.27014,0.27014
2019-07-06 23:00:15,0.72547,0.72547
2019-07-06 23:00:45,,0.6035688799999999
2019-07-07 00:00:15,0.99337,0.99337
2019-07-07 00:00:45,0.89604,0.89604
2019-07-07 01:00:15,0.27273,0.27273
2019-07-07 01:00:45,,0.6937973749999999
2019-07-07 02:00:15,0.69889,0.69889
2019-07-07 02:00:45,,0.7692168600000001
2019-07-07 03:00:15,,0.5785874249999998
2019-07-07 03:00:45,-0.03023,-0.03023
2019-07-07 04:00:15,0.22449,0.22449
2019-07-07 04:00:45,,0.8895789825
2019-07-07 05:00:15,,1.4064396099999998
2019-07-07 05:00:45,,0.7542615049999999
2019-07-07 06:00:15,,0.283513455
2019-07-07 06:00:45,,0.9908925850000002
2019-07-07 07:00:15,2.9671,2.9671
2019-07-07 07:00:45,,1.1125904300000005
2019-07-07 08:00:15,-0.32037,-0.32037
2019-07-07 08:00:45,-1.2163,-1.2163
2019-07-07 09:00:15,-0.4224,-0.4224
2019-07-07 09:00:45,-1.3673,-1.3673
2019-07-07 10:00:15,,-0.8833175325
2019-07-07 10:00:45,-2.7354,-2.7354
2019-07-07 11:00:15,0.074123,0.074123
2019-07-07 11:00:45,-0.21902,-0.21902
2019-07-07 12:00:15,0.40885,0.40885
2019-07-07 12:00:45,-0.86272,-0.86272
2019-07-07 13:00:15,,-0.3052983449999999
2019-07-07 13:00:45,-0.30299,-0.30299
2019-07-07 14:00:15,-0.30142,-0.30142
2019-07-07 14:00:45,0.84461,0.84461
2019-07-07 15:00:15,,0.11222396499999998
2019-07-07 15:00:45,,0.25817773000000005
2019-07-07 16:00:15,1.7677,1.7677
2019-07-07 16:00:45,1.5974,1.5974
2019-07-07 17:00:15,1.2149,1.2149
2019-07-07 17:00:45,0.76471,0.76471
2019-07-07 18:00:15,1.6582,1.6582
2019-07-07 18:00:45,0.22707,0.22707
2019-07-07 19:00:15,0.69726,0.69726
2019-07-07 19:00:45,,1.0043368350000001
2019-07-07 20:00:15,2.0192,2.0192
2019-07-07 20:00:45,1.4113,1.4113
2019-07-07 21:00:15,0.70715,0.70715
2019-07-07 21:00:45,,0.88942795
2019-07-07 22:00:15,,0.9287433774999995
2019-07-07 22:00:45,0.87965,0.87965
2019-07-07 23:00:15,0.58884,0.58884
2019-07-07 23:00:45,0.38928,0.38928
2019-07-08 00:00:15,0.73953,0.73953
2019-07-08 00:00:45,0.68599,0.68599
2019-07-08 01:00:15,0.31228,0.31228
2019-07-08 01:00:45,0.45875,0.45875
2019-07-08 02:00:15,0.6632,0.6632
2019-07-08 02:00:45,0.62453,0.62453
2019-07-08 03:00:15,0.43707,0.43707
2019-07-08 03:00:45,0.64855,0.64855
2019-07-08 04:00:15,0.34718,0.34718
2019-07-08 04:00:45,0.5429,0.5429
2019-07-08 05:00:15,0.13045,0.13045
2019-07-08 05:00:45,0.099091,0.099091
2019-07-08 06:00:15,-0.097234,-0.097234
2019-07-08 06:00:45,-0.1854,-0.1854
2019-07-08 07:00:15,-0.15828,-0.15828
2019-07-08 07:00:45,0.48341,0.48341
2019-07-08 08:00:15,0.35866,0.35866
2019-07-08 08:00:45,0.012965,0.012965
2019-07-08 09:00:15,0.72967,0.72967
2019-07-08 09:00:45,0.51519,0.51519
2019-07-08 10:00:15,0.69472,0.69472
2019-07-08 10:00:45,-0.30754,-0.30754
2019-07-08 11:00:15,3.381,3.381
2019-07-08 11:00:45,1.6579,1.6579
2019-07-08 12:00:15,2.3311,2.3311
2019-07-08 12:00:45,0.03622,0.03622
2019-07-08 13:00:15,,0.5786532549999999
2019-07-08 13:00:45,2.2098,2.2098
2019-07-08 14:00:15,3.1717,3.1717
2019-07-08 14:00:45,0.70798,0.70798
2019-07-08 15:00:15,0.68424,0.68424
2019-07-08 15:00:45,2.3121,2.3121
2019-07-08 16:00:15,0.5648,0.5648
2019-07-08 16:00:45,0.29155,0.29155
2019-07-08 17:00:15,0.22749,0.22749
2019-07-08 17:00:45,-0.011177,-0.011177
2019-07-08 18:00:15,0.055108,0.055108
2019-07-08 18:00:45,0.21973,0.21973
2019-07-08 19:00:15,0.30578,0.30578
2019-07-08 19:00:45,0.14142,0.14142
2019-07-08 20:00:15,0.26127,0.26127
2019-07-08 20:00:45,0.15069,0.15069
2019-07-08 21:00:15,0.068655,0.068655
2019-07-08 21:00:45,-0.11721,-0.11721
2019-07-08 22:00:15,-0.032732,-0.032732
2019-07-08 22:00:45,-0.088312,-0.088312
2019-07-08 23:00:15,-0.008098,-0.008098
2019-07-08 23:00:45,-0.080354,-0.080354
2019-07-09 00:00:15,-0.05088,-0.05088
2019-07-09 00:00:45,-0.090657,-0.090657
2019-07-09 01:00:15,-0.090191,-0.090191
2019-07-09 01:00:45,0.41977,0.41977
2019-07-09 02:00:15,0.071327,0.071327
2019-07-09 02:00:45,0.011689,0.011689
2019-07-09 03:00:15,-0.029721,-0.029721
2019-07-09 03:00:45,0.002509,0.002509
2019-07-09 04:00:15,-0.11046,-0.11046
2019-07-09 04:00:45,-0.003712,-0.003712
2019-07-09 05:00:15,0.22017,0.22017
2019-07-09 05:00:45,-0.24349,-0.24349
2019-07-09 06:00:15,-0.84488,-0.84488
2019-07-09 06:00:45,-0.82316,-0.82316
2019-07-09 07:00:15,-1.1173,-1.1173
2019-07-09 07:00:45,-1.161,-1.161
2019-07-09 08:00:15,-0.5404,-0.5404
2019-07-09 08:00:45,-0.48081,-0.48081
2019-07-09 09:00:15,-0.22047,-0.22047
2019-07-09 09:00:45,0.50471,0.50471
2019-07-09 10:00:15,-0.15293,-0.15293
2019-07-09 10:00:45,0.023208,0.023208
2019-07-09 11:00:15,1.7734,1.7734
2019-07-09 11:00:45,-2.5442,-2.5442
2019-07-09 12:00:15,0.23358,0.23358
2019-07-09 12:00:45,-0.17733,-0.17733
2019-07-09 13:00:15,,0.1961724775
2019-07-09 13:00:45,-0.75255,-0.75255
2019-07-09 14:00:15,2.1658,2.1658
2019-07-09 14:00:45,1.43,1.43
2019-07-09 15:00:15,0.44913,0.44913
2019-07-09 15:00:45,-2.9031,-2.9031
2019-07-09 16:00:15,0.39964,0.39964
2019-07-09 16:00:45,-0.097786,-0.097786
2019-07-09 17:00:15,-0.44432,-0.44432
2019-07-09 17:00:45,-0.45991,-0.45991
2019-07-09 18:00:15,-0.31515,-0.31515
2019-07-09 18:00:45,-0.37043,-0.37043
2019-07-09 19:00:15,-0.35545,-0.35545
2019-07-09 19:00:45,-0.16988,-0.16988
2019-07-09 20:00:15,-0.09786,-0.09786
2019-07-09 20:00:45,-0.097595,-0.097595
2019-07-09 21:00:15,-0.068648,-0.068648
2019-07-09 21:00:45,0.04027,0.04027
2019-07-09 22:00:15,-0.025782,-0.025782
2019-07-09 22:00:45,-0.010707,-0.010707
2019-07-09 23:00:15,-0.022431,-0.022431
2019-07-09 23:00:45,-0.14552,-0.14552
2019-07-10 00:00:15,0.082706,0.082706
2019-07-10 00:00:45,,-0.009136702499999993
2019-07-10 01:00:15,-0.13434,-0.13434
2019-07-10 01:00:45,-0.10872,-0.10872
2019-07-10 02:00:15,0.054925,0.054925
2019-07-10 02:00:45,-0.066135,-0.066135
2019-07-10 03:00:15,,0.2188422525000001
2019-07-10 03:00:45,2.305,2.305
2019-07-10 04:00:15,2.1095,2.1095
2019-07-10 04:00:45,0.9811,0.9811
2019-07-10 05:00:15,0.19456,0.19456
2019-07-10 05:00:45,-0.74482,-0.74482
2019-07-10 06:00:15,-0.11044,-0.11044
2019-07-10 06:00:45,-1.1931,-1.1931
2019-07-10 07:00:15,-0.25423,-0.25423
2019-07-10 07:00:45,-0.10359,-0.10359
2019-07-10 08:00:15,-0.36135,-0.36135
2019-07-10 08:00:45,0.67337,0.67337
2019-07-10 09:00:15,0.37272,0.37272
2019-07-10 09:00:45,0.15699,0.15699
2019-07-10 10:00:15,0.23484,0.23484
2019-07-10 10:00:45,1.6549,1.6549
2019-07-10 11:00:15,0.90726,0.90726
2019-07-10 11:00:45,-0.357,-0.357
2019-07-10 12:00:15,1.5817,1.5817
2019-07-10 12:00:45,-0.99928,-0.99928
2019-07-10 13:00:15,2.7774,2.7774
2019-07-10 13:00:45,1.8087,1.8087
2019-07-10 14:00:15,3.6098,3.6098
2019-07-10 14:00:45,1.5515,1.5515
2019-07-10 15:00:15,0.39993,0.39993
2019-07-10 15:00:45,,0.10856568249999994
2019-07-10 16:00:15,1.4114,1.4114
2019-07-10 16:00:45,0.077275,0.077275
2019-07-10 17:00:15,0.19809,0.19809
2019-07-10 17:00:45,0.09308,0.09308
2019-07-10 18:00:15,-0.099767,-0.099767
2019-07-10 18:00:45,-0.57226,-0.57226
2019-07-10 19:00:15,-0.27933,-0.27933
2019-07-10 19:00:45,,0.10649153
2019-07-10 20:00:15,,0.11747171749999999
2019-07-10 20:00:45,,0.1871282225
2019-07-10 21:00:15,,0.66293947
2019-07-10 21:00:45,,0.829840925
2019-07-10 22:00:15,,0.6267089025000002
2019-07-10 22:00:45,,0.7896038024999998
2019-07-10 23:00:15,,0.5739424224999998
2019-07-10 23:00:45,,0.37974609000000004
2019-07-11 00:00:15,,0.6211031899999998
2019-07-11 00:00:45,,0.733329575
2019-07-11 01:00:15,,0.5960527299999998
2019-07-11 01:00:45,2.4937,2.4937
2019-07-11 02:00:15,2.3626,2.3626
2019-07-11 02:00:45,0.043706,0.043706
2019-07-11 03:00:15,0.08583,0.08583
2019-07-11 03:00:45,0.39257,0.39257
2019-07-11 04:00:15,0.010819,0.010819
2019-07-11 04:00:45,0.11493,0.11493
2019-07-11 05:00:15,-0.036277,-0.036277
2019-07-11 05:00:45,-0.48171,-0.48171
2019-07-11 06:00:15,-0.51438,-0.51438
2019-07-11 06:00:45,-0.88115,-0.88115
2019-07-11 07:00:15,-0.34808,-0.34808
2019-07-11 07:00:45,-0.59123,-0.59123
2019-07-11 08:00:15,-0.6091,-0.6091
2019-07-11 08:00:45,-0.35821,-0.35821
2019-07-11 09:00:15,-0.91373,-0.91373
2019-07-11 09:00:45,-0.89362,-0.89362
2019-07-11 10:00:15,-1.3828,-1.3828
2019-07-11 10:00:45,-0.46677,-0.46677
2019-07-11 11:00:15,-0.38635,-0.38635
2019-07-11 11:00:45,-0.15098,-0.15098
2019-07-11 12:00:15,-1.2072,-1.2072
2019-07-11 12:00:45,0.1449,0.1449
2019-07-11 13:00:15,-0.17866,-0.17866
2019-07-11 13:00:45,0.080996,0.080996
2019-07-11 14:00:15,-0.34654,-0.34654
2019-07-11 14:00:45,,0.046434235000000025
2019-07-11 15:00:15,,0.10114703000000005
2019-07-11 15:00:45,-2.633,-2.633
2019-07-11 16:00:15,-0.74737,-0.74737
2019-07-11 16:00:45,0.93879,0.93879
2019-07-11 17:00:15,0.90133,0.90133
2019-07-11 17:00:45,1.1244,1.1244
2019-07-11 18:00:15,0.81958,0.81958
2019-07-11 18:00:45,0.69849,0.69849
2019-07-11 19:00:15,0.47526,0.47526
2019-07-11 19:00:45,0.62043,0.62043
2019-07-11 20:00:15,1.2464,1.2464
2019-07-11 20:00:45,1.0365,1.0365
2019-07-11 21:00:15,0.61662,0.61662
2019-07-11 21:00:45,0.85239,0.85239
2019-07-11 22:00:15,0.75067,0.75067
2019-07-11 22:00:45,0.5917,0.5917
2019-07-11 23:00:15,0.28468,0.28468
2019-07-11 23:00:45,-0.053546,-0.053546
2019-07-12 00:00:15,-0.14696,-0.14696
2019-07-12 00:00:45,0.27098,0.27098
2019-07-12 01:00:15,0.20639,0.20639
2019-07-12 01:00:45,0.16498,0.16498
2019-07-12 02:00:15,0.044237,0.044237
2019-07-12 02:00:45,0.61748,0.61748
2019-07-12 03:00:15,0.18776,0.18776
2019-07-12 03:00:45,,0.39920826749999994
2019-07-12 04:00:15,0.13828,0.13828
2019-07-12 04:00:45,0.36066,0.36066
2019-07-12 05:00:15,-0.18372,-0.18372
2019-07-12 05:00:45,-0.041538,-0.041538
2019-07-12 06:00:15,-0.91347,-0.91347
2019-07-12 06:00:45,-0.19519,-0.19519
2019-07-12 07:00:15,-0.87124,-0.87124
2019-07-12 07:00:45,0.079719,0.079719
2019-07-12 08:00:15,-0.22158,-0.22158
2019-07-12 08:00:45,-1.2196,-1.2196
2019-07-12 09:00:15,-1.1035,-1.1035
2019-07-12 09:00:45,1.0953,1.0953
2019-07-12 10:00:15,0.30509,0.30509
2019-07-12 10:00:45,0.18911,0.18911
2019-07-12 11:00:15,-1.1037,-1.1037
2019-07-12 11:00:45,1.0414,1.0414
2019-07-12 12:00:15,-0.58303,-0.58303
2019-07-12 12:00:45,1.802,1.802
2019-07-12 13:00:15,,0.23452911249999997
2019-07-12 13:00:45,2.8027,2.8027
2019-07-12 14:00:15,-0.62655,-0.62655
2019-07-12 14:00:45,0.53141,0.53141
2019-07-12 15:00:15,0.76181,0.76181
2019-07-12 15:00:45,0.59779,0.59779
2019-07-12 16:00:15,0.01555,0.01555
2019-07-12 16:00:45,-0.23458,-0.23458
2019-07-12 17:00:15,,0.023443220000000018
2019-07-12 17:00:45,,0.6356674200000001
2019-07-12 18:00:15,0.41957,0.41957
2019-07-12 18:00:45,0.1545,0.1545
2019-07-12 19:00:15,0.59735,0.59735
2019-07-12 19:00:45,0.41442,0.41442
2019-07-12 20:00:15,0.19348,0.19348
2019-07-12 20:00:45,0.52643,0.52643
2019-07-12 21:00:15,0.32441,0.32441
2019-07-12 21:00:45,,0.11115095250000004
2019-07-12 22:00:15,0.21536,0.21536
2019-07-12 22:00:45,,0.001962432500000002
2019-07-12 23:00:15,-0.076087,-0.076087
2019-07-12 23:00:45,-0.013315,-0.013315
2019-07-13 00:00:15,0.063036,0.063036
2019-07-13 00:00:45,-0.093038,-0.093038
2019-07-13 01:00:15,0.051401,0.051401
2019-07-13 01:00:45,0.041307,0.041307
2019-07-13 02:00:15,0.14316,0.14316
2019-07-13 02:00:45,0.008468,0.008468
2019-07-13 03:00:15,-0.16935,-0.16935
2019-07-13 03:00:45,-0.014907,-0.014907
2019-07-13 04:00:15,-0.028983,-0.028983
2019-07-13 04:00:45,-0.10775,-0.10775
2019-07-13 05:00:15,0.1373,0.1373
2019-07-13 05:00:45,-0.25542,-0.25542
2019-07-13 06:00:15,-0.34608,-0.34608
2019-07-13 06:00:45,-0.40723,-0.40723
2019-07-13 07:00:15,-0.67742,-0.67742
2019-07-13 07:00:45,-0.54021,-0.54021
2019-07-13 08:00:15,-0.28007,-0.28007
2019-07-13 08:00:45,-0.02428,-0.02428
2019-07-13 09:00:15,-1.1971,-1.1971
2019-07-13 09:00:45,0.11929,0.11929
2019-07-13 10:00:15,0.25764,0.25764
2019-07-13 10:00:45,-0.46938,-0.46938
2019-07-13 11:00:15,-1.217,-1.217
2019-07-13 11:00:45,-0.57634,-0.57634
2019-07-13 12:00:15,-0.77804,-0.77804
2019-07-13 12:00:45,-1.0874,-1.0874
2019-07-13 13:00:15,,0.03523027499999999
2019-07-13 13:00:45,,0.25491964
2019-07-13 14:00:15,0.96418,0.96418
2019-07-13 14:00:45,-0.60472,-0.60472
2019-07-13 15:00:15,1.6926,1.6926
2019-07-13 15:00:45,3.2141,3.2141
2019-07-13 16:00:15,-1.2486,-1.2486
2019-07-13 16:00:45,-0.89667,-0.89667
2019-07-13 17:00:15,-0.62729,-0.62729
2019-07-13 17:00:45,-0.50491,-0.50491
2019-07-13 18:00:15,-0.4728,-0.4728
2019-07-13 18:00:45,-0.12278,-0.12278
2019-07-13 19:00:15,,0.3558726750000001
2019-07-13 19:00:45,3.4869,3.4869
2019-07-13 20:00:15,,0.5755562925
2019-07-13 20:00:45,,0.6407264474999999
2019-07-13 21:00:15,2.7876,2.7876
2019-07-13 21:00:45,0.261,0.261
2019-07-13 22:00:15,0.64153,0.64153
2019-07-13 22:00:45,,0.7122417700000001
2019-07-13 23:00:15,-0.15659,-0.15659
2019-07-13 23:00:45,,0.8249274675000001
2019-07-14 00:00:15,,0.3238247550000001
2019-07-14 00:00:45,,0.21892326499999998
2019-07-14 01:00:15,0.22076,0.22076
2019-07-14 01:00:45,,0.60197053
2019-07-14 02:00:15,,0.18582089999999996
2019-07-14 02:00:45,0.32746,0.32746
2019-07-14 03:00:15,,0.1099102525
2019-07-14 03:00:45,-0.077627,-0.077627
2019-07-14 04:00:15,0.8123,0.8123
2019-07-14 04:00:45,0.010462,0.010462
2019-07-14 05:00:15,-0.49704,-0.49704
2019-07-14 05:00:45,-0.25342,-0.25342
2019-07-14 06:00:15,-0.63072,-0.63072
2019-07-14 06:00:45,0.30425,0.30425
2019-07-14 07:00:15,-0.70889,-0.70889
2019-07-14 07:00:45,-0.22054,-0.22054
2019-07-14 08:00:15,-0.36949,-0.36949
2019-07-14 08:00:45,-0.26459,-0.26459
2019-07-14 09:00:15,0.016523,0.016523
2019-07-14 09:00:45,-1.5007,-1.5007
2019-07-14 10:00:15,0.49908,0.49908
2019-07-14 10:00:45,,-0.6063376450000001
2019-07-14 11:00:15,0.844,0.844
2019-07-14 11:00:45,0.054665,0.054665
2019-07-14 12:00:15,0.28963,0.28963
2019-07-14 12:00:45,,0.21437971250000004
2019-07-14 13:00:15,,0.43927858499999994
2019-07-14 13:00:45,,0.621354245
2019-07-14 14:00:15,1.9838,1.9838
2019-07-14 14:00:45,0.62208,0.62208
2019-07-14 15:00:15,0.53202,0.53202
2019-07-14 15:00:45,3.4857,3.4857
2019-07-14 16:00:15,0.20479,0.20479
2019-07-14 16:00:45,0.027664,0.027664
2019-07-14 17:00:15,-0.38223,-0.38223
2019-07-14 17:00:45,-0.20581,-0.20581
2019-07-14 18:00:15,0.089335,0.089335
2019-07-14 18:00:45,-0.47481,-0.47481
2019-07-14 19:00:15,-0.19038,-0.19038
2019-07-14 19:00:45,0.46869,0.46869
2019-07-14 20:00:15,0.19805,0.19805
2019-07-14 20:00:45,-0.066037,-0.066037
2019-07-14 21:00:15,0.092852,0.092852
2019-07-14 21:00:45,0.11141,0.11141
2019-07-14 22:00:15,,0.0430934925
2019-07-14 22:00:45,-0.10522,-0.10522
2019-07-14 23:00:15,0.075654,0.075654
2019-07-14 23:00:45,0.002057,0.002057
2019-07-15 00:00:15,0.79491,0.79491
2019-07-15 00:00:45,,0.9216924849999998
2019-07-15 01:00:15,1.8768,1.8768
2019-07-15 01:00:45,,0.20736283
2019-07-15 02:00:15,-0.053115,-0.053115
2019-07-15 02:00:45,0.77227,0.77227
2019-07-15 03:00:15,-0.061509,-0.061509
2019-07-15 03:00:45,0.29972,0.29972
2019-07-15 04:00:15,0.021787,0.021787
2019-07-15 04:00:45,0.086934,0.086934
2019-07-15 05:00:15,-0.16042,-0.16042
2019-07-15 05:00:45,-0.37727,-0.37727
2019-07-15 06:00:15,-0.1967,-0.1967
2019-07-15 06:00:45,-0.22736,-0.22736
2019-07-15 07:00:15,-0.32857,-0.32857
2019-07-15 07:00:45,-0.29911,-0.29911
2019-07-15 08:00:15,-0.51409,-0.51409
2019-07-15 08:00:45,-0.28195,-0.28195
2019-07-15 09:00:15,-0.61236,-0.61236
2019-07-15 09:00:45,-0.10285,-0.10285
2019-07-15 10:00:15,-0.58934,-0.58934
2019-07-15 10:00:45,-0.62293,-0.62293
2019-07-15 11:00:15,0.98311,0.98311
2019-07-15 11:00:45,0.37244,0.37244
2019-07-15 12:00:15,1.2676,1.2676
2019-07-15 12:00:45,0.50596,0.50596
2019-07-15 13:00:15,,0.4605368625000001
2019-07-15 13:00:45,,0.3315422875000001
2019-07-15 14:00:15,0.22482,0.22482
2019-07-15 14:00:45,0.31327,0.31327
2019-07-15 15:00:15,-0.44098,-0.44098
2019-07-15 15:00:45,-2.4421,-2.4421
2019-07-15 16:00:15,1.0258,1.0258
2019-07-15 16:00:45,0.13919,0.13919
2019-07-15 17:00:15,-0.17832,-0.17832
2019-07-15 17:00:45,-0.18283,-0.18283
2019-07-15 18:00:15,-0.16834,-0.16834
2019-07-15 18:00:45,-0.03636,-0.03636
2019-07-15 19:00:15,,0.335152365
2019-07-15 19:00:45,-0.16063,-0.16063
2019-07-15 20:00:15,0.12818,0.12818
2019-07-15 20:00:45,0.1797,0.1797
2019-07-15 21:00:15,0.001892,0.001892
2019-07-15 21:00:45,0.13705,0.13705
2019-07-15 22:00:15,-0.093832,-0.093832
2019-07-15 22:00:45,-0.17855,-0.17855
2019-07-15 23:00:15,0.036352,0.036352
2019-07-15 23:00:45,0.19542,0.19542
2019-07-16 00:00:15,-0.015595,-0.015595
2019-07-16 00:00:45,-0.006916,-0.006916
2019-07-16 01:00:15,0.053179,0.053179
2019-07-16 01:00:45,-0.045193,-0.045193
2019-07-16 02:00:15,0.038866,0.038866
2019-07-16 02:00:45,-0.14923,-0.14923
2019-07-16 03:00:15,-0.061442,-0.061442
2019-07-16 03:00:45,-0.11334,-0.11334
2019-07-16 04:00:15,,0.038537595000000015
2019-07-16 04:00:45,0.071103,0.071103
2019-07-16 05:00:15,0.065384,0.065384
2019-07-16 05:00:45,0.056462,0.056462
2019-07-16 06:00:15,-0.17068,-0.17068
2019-07-16 06:00:45,-0.12584,-0.12584
2019-07-16 07:00:15,-0.99582,-0.99582
2019-07-16 07:00:45,0.95778,0.95778
2019-07-16 08:00:15,-0.34971,-0.34971
2019-07-16 08:00:45,-1.0243,-1.0243
2019-07-16 09:00:15,0.099212,0.099212
2019-07-16 09:00:45,-0.92337,-0.92337
2019-07-16 10:00:15,-1.8312,-1.8312
2019-07-16 10:00:45,-0.36789,-0.36789
2019-07-16 11:00:15,-0.18934,-0.18934
2019-07-16 11:00:45,0.91345,0.91345
2019-07-16 12:00:15,1.4295,1.4295
2019-07-16 12:00:45,-1.3734,-1.3734
2019-07-16 13:00:15,-1.2692,-1.2692
2019-07-16 13:00:45,0.059272,0.059272
2019-07-16 14:00:15,1.5497,1.5497
2019-07-16 14:00:45,0.46743,0.46743
2019-07-16 15:00:15,2.603,2.603
2019-07-16 15:00:45,,0.2909803425
2019-07-16 16:00:15,-0.15866,-0.15866
2019-07-16 16:00:45,-0.7743,-0.7743
2019-07-16 17:00:15,0.45884,0.45884
2019-07-16 17:00:45,-0.38075,-0.38075
2019-07-16 18:00:15,-0.14592,-0.14592
2019-07-16 18:00:45,-0.082176,-0.082176
2019-07-16 19:00:15,0.77944,0.77944
2019-07-16 19:00:45,,0.14299881000000003
2019-07-16 20:00:15,0.77547,0.77547
2019-07-16 20:00:45,-0.046269,-0.046269
2019-07-16 21:00:15,-0.080113,-0.080113
2019-07-16 21:00:45,0.47404,0.47404
2019-07-16 22:00:15,0.11583,0.11583
2019-07-16 22:00:45,-0.083269,-0.083269
2019-07-16 23:00:15,0.1186,0.1186
2019-07-16 23:00:45,0.18749,0.18749
2019-07-17 00:00:15,0.70483,0.70483
2019-07-17 00:00:45,0.05248,0.05248
2019-07-17 01:00:15,0.11549,0.11549
2019-07-17 01:00:45,0.22217,0.22217
2019-07-17 02:00:15,0.26878,0.26878
2019-07-17 02:00:45,-0.099033,-0.099033
2019-07-17 03:00:15,,0.10641773250000001
2019-07-17 03:00:45,0.086505,0.086505
2019-07-17 04:00:15,-0.008761,-0.008761
2019-07-17 04:00:45,,0.028020454999999996
2019-07-17 05:00:15,,0.06729964999999999
2019-07-17 05:00:45,-0.23621,-0.23621
2019-07-17 06:00:15,-0.18412,-0.18412
2019-07-17 06:00:45,-0.36348,-0.36348
2019-07-17 07:00:15,-0.94355,-0.94355
2019-07-17 07:00:45,0.006379,0.006379
2019-07-17 08:00:15,-0.7976,-0.7976
2019-07-17 08:00:45,-0.003629,-0.003629
2019-07-17 09:00:15,0.33817,0.33817
2019-07-17 09:00:45,-0.32804,-0.32804
2019-07-17 10:00:15,0.22347,0.22347
2019-07-17 10:00:45,1.3666,1.3666
2019-07-17 11:00:15,-0.6966,-0.6966
2019-07-17 11:00:45,1.5212,1.5212
2019-07-17 12:00:15,1.7912,1.7912
2019-07-17 12:00:45,,0.40618711750000014
2019-07-17 13:00:15,,0.6563901249999997
2019-07-17 13:00:45,0.44722,0.44722
2019-07-17 14:00:15,0.3977,0.3977
2019-07-17 14:00:45,-0.099617,-0.099617
2019-07-17 15:00:15,-0.046613,-0.046613
2019-07-17 15:00:45,-0.15661,-0.15661
2019-07-17 16:00:15,0.10536,0.10536
2019-07-17 16:00:45,,0.0491953425
2019-07-17 17:00:15,,0.25274052
2019-07-17 17:00:45,,-0.07196432750000004
2019-07-17 18:00:15,0.33179,0.33179
2019-07-17 18:00:45,0.35837,0.35837
2019-07-17 19:00:15,0.23327,0.23327
2019-07-17 19:00:45,-0.10867,-0.10867
2019-07-17 20:00:15,0.11591,0.11591
2019-07-17 20:00:45,0.08598,0.08598
2019-07-17 21:00:15,0.065055,0.065055
2019-07-17 21:00:45,-0.072617,-0.072617
2019-07-17 22:00:15,0.35837,0.35837
2019-07-17 22:00:45,0.037695,0.037695
2019-07-17 23:00:15,0.15768,0.15768
2019-07-17 23:00:45,0.33043,0.33043
2019-07-18 00:00:15,0.074269,0.074269
2019-07-18 00:00:45,0.1033,0.1033
2019-07-18 01:00:15,0.1052,0.1052
2019-07-18 01:00:45,0.067376,0.067376
2019-07-18 02:00:15,0.025002,0.025002
2019-07-18 02:00:45,-0.039539,-0.039539
2019-07-18 03:00:15,-0.063942,-0.063942
2019-07-18 03:00:45,-0.071162,-0.071162
2019-07-18 04:00:15,-0.12002,-0.12002
2019-07-18 04:00:45,-0.006175,-0.006175
2019-07-18 05:00:15,-0.035447,-0.035447
2019-07-18 05:00:45,-0.22773,-0.22773
2019-07-18 06:00:15,-0.50032,-0.50032
2019-07-18 06:00:45,-0.50523,-0.50523
2019-07-18 07:00:15,-0.46157,-0.46157
2019-07-18 07:00:45,-0.16288,-0.16288
2019-07-18 08:00:15,0.080781,0.080781
2019-07-18 08:00:45,0.37258,0.37258
2019-07-18 09:00:15,0.23878,0.23878
2019-07-18 09:00:45,0.44245,0.44245
2019-07-18 10:00:15,0.42552,0.42552
2019-07-18 10:00:45,0.57045,0.57045
2019-07-18 11:00:15,0.22755,0.22755
2019-07-18 11:00:45,-0.026266,-0.026266
2019-07-18 12:00:15,0.75503,0.75503
2019-07-18 12:00:45,-1.1996,-1.1996
2019-07-18 13:00:15,,0.5195196425
2019-07-18 13:00:45,1.0136,1.0136
2019-07-18 14:00:15,0.058454,0.058454
2019-07-18 14:00:45,-0.45049,-0.45049
2019-07-18 15:00:15,-0.31891,-0.31891
2019-07-18 15:00:45,2.6328,2.6328
2019-07-18 16:00:15,0.38134,0.38134
2019-07-18 16:00:45,0.39424,0.39424
2019-07-18 17:00:15,-0.16543,-0.16543
2019-07-18 17:00:45,-0.12116,-0.12116
2019-07-18 18:00:15,-0.1496,-0.1496
2019-07-18 18:00:45,0.33829,0.33829
2019-07-18 19:00:15,0.45009,0.45009
2019-07-18 19:00:45,0.35537,0.35537
2019-07-18 20:00:15,0.33516,0.33516
2019-07-18 20:00:45,0.169,0.169
2019-07-18 21:00:15,0.35755,0.35755
2019-07-18 21:00:45,0.31163,0.31163
2019-07-18 22:00:15,0.35265,0.35265
2019-07-18 22:00:45,0.20611,0.20611
2019-07-18 23:00:15,0.46611,0.46611
2019-07-18 23:00:45,0.25624,0.25624
2019-07-19 00:00:15,0.41611,0.41611
2019-07-19 00:00:45,0.11001,0.11001
2019-07-19 01:00:15,0.057405,0.057405
2019-07-19 01:00:45,0.14275,0.14275
2019-07-19 02:00:15,-0.082083,-0.082083
2019-07-19 02:00:45,0.048718,0.048718
2019-07-19 03:00:15,0.008555,0.008555
2019-07-19 03:00:45,-0.1776,-0.1776
2019-07-19 04:00:15,0.035025,0.035025
2019-07-19 04:00:45,0.013562,0.013562
2019-07-19 05:00:15,0.035246,0.035246
2019-07-19 05:00:45,-0.12692,-0.12692
2019-07-19 06:00:15,-0.32835,-0.32835
2019-07-19 06:00:45,-0.31801,-0.31801
2019-07-19 07:00:15,-0.22129,-0.22129
2019-07-19 07:00:45,-0.20429,-0.20429
2019-07-19 08:00:15,0.12092,0.12092
2019-07-19 08:00:45,0.39025,0.39025
2019-07-19 09:00:15,0.6228,0.6228
2019-07-19 09:00:45,0.33483,0.33483
2019-07-19 10:00:15,-0.024074,-0.024074
2019-07-19 10:00:45,1.236,1.236
2019-07-19 11:00:15,2.2859,2.2859
2019-07-19 11:00:45,0.63824,0.63824
2019-07-19 12:00:15,0.15699,0.15699
2019-07-19 12:00:45,-0.75814,-0.75814
2019-07-19 13:00:15,2.3285,2.3285
2019-07-19 13:00:45,,0.65227929
2019-07-19 14:00:15,1.6529,1.6529
2019-07-19 14:00:45,0.58357,0.58357
2019-07-19 15:00:15,-0.8432,-0.8432
2019-07-19 15:00:45,-2.1069,-2.1069
2019-07-19 16:00:15,-1.4877,-1.4877
2019-07-19 16:00:45,-0.80482,-0.80482
2019-07-19 17:00:15,-0.4266,-0.4266
2019-07-19 17:00:45,-0.49195,-0.49195
2019-07-19 18:00:15,-0.34705,-0.34705
2019-07-19 18:00:45,-0.16131,-0.16131
2019-07-19 19:00:15,0.099458,0.099458
2019-07-19 19:00:45,0.44896,0.44896
2019-07-19 20:00:15,0.35779,0.35779
2019-07-19 20:00:45,0.68437,0.68437
2019-07-19 21:00:15,0.51837,0.51837
2019-07-19 21:00:45,0.46744,0.46744
2019-07-19 22:00:15,0.33057,0.33057
2019-07-19 22:00:45,0.11476,0.11476
2019-07-19 23:00:15,0.10824,0.10824
2019-07-19 23:00:45,0.080595,0.080595
2019-07-20 00:00:15,0.030117,0.030117
2019-07-20 00:00:45,0.025782,0.025782
2019-07-20 01:00:15,0.008772,0.008772
2019-07-20 01:00:45,,-0.0206244925
2019-07-20 02:00:15,-0.087488,-0.087488
2019-07-20 02:00:45,-0.031204,-0.031204
2019-07-20 03:00:15,-0.008312,-0.008312
2019-07-20 03:00:45,-0.075454,-0.075454
2019-07-20 04:00:15,-0.009125,-0.009125
2019-07-20 04:00:45,-0.007442,-0.007442
2019-07-20 05:00:15,-0.036439,-0.036439
2019-07-20 05:00:45,-0.2567,-0.2567
2019-07-20 06:00:15,-0.38315,-0.38315
2019-07-20 06:00:45,-0.37386,-0.37386
2019-07-20 07:00:15,-0.11881,-0.11881
2019-07-20 07:00:45,-0.24979,-0.24979
2019-07-20 08:00:15,0.47847,0.47847
2019-07-20 08:00:45,0.59881,0.59881
2019-07-20 09:00:15,0.38879,0.38879
2019-07-20 09:00:45,0.73451,0.73451
2019-07-20 10:00:15,0.70463,0.70463
2019-07-20 10:00:45,0.71364,0.71364
2019-07-20 11:00:15,1.1934,1.1934
2019-07-20 11:00:45,0.74639,0.74639
2019-07-20 12:00:15,1.6547,1.6547
2019-07-20 12:00:45,0.41672,0.41672
2019-07-20 13:00:15,1.4993,1.4993
2019-07-20 13:00:45,2.1147,2.1147
2019-07-20 14:00:15,0.9485,0.9485
2019-07-20 14:00:45,-0.30688,-0.30688
2019-07-20 15:00:15,0.62215,0.62215
2019-07-20 15:00:45,-1.3369,-1.3369
2019-07-20 16:00:15,0.0044,0.0044
2019-07-20 16:00:45,0.14702,0.14702
2019-07-20 17:00:15,-0.19557,-0.19557
2019-07-20 17:00:45,-0.14451,-0.14451
2019-07-20 18:00:15,0.20533,0.20533
2019-07-20 18:00:45,0.057662,0.057662
2019-07-20 19:00:15,0.086186,0.086186
2019-07-20 19:00:45,0.18482,0.18482
2019-07-20 20:00:15,0.062953,0.062953
2019-07-20 20:00:45,,0.19925516499999998
2019-07-20 21:00:15,0.060867,0.060867
2019-07-20 21:00:45,0.011219,0.011219
2019-07-20 22:00:15,-0.010721,-0.010721
2019-07-20 22:00:45,-0.019203,-0.019203
2019-07-20 23:00:15,0.020207,0.020207
2019-07-20 23:00:45,,0.0613571275
2019-07-21 00:00:15,0.10873,0.10873
2019-07-21 00:00:45,-0.082199,-0.082199
2019-07-21 01:00:15,0.19024,0.19024
2019-07-21 01:00:45,0.20551,0.20551
2019-07-21 02:00:15,-0.002005,-0.002005
2019-07-21 02:00:45,-0.19698,-0.19698
2019-07-21 03:00:15,0.24466,0.24466
2019-07-21 03:00:45,-0.084371,-0.084371
2019-07-21 04:00:15,,-0.008273847500000002
2019-07-21 04:00:45,,0.020777422500000003
2019-07-21 05:00:15,0.04709,0.04709
2019-07-21 05:00:45,-0.17238,-0.17238
2019-07-21 06:00:15,-0.63864,-0.63864
2019-07-21 06:00:45,-0.2536,-0.2536
2019-07-21 07:00:15,-0.62795,-0.62795
2019-07-21 07:00:45,-0.10092,-0.10092
2019-07-21 08:00:15,0.21433,0.21433
2019-07-21 08:00:45,0.33464,0.33464
2019-07-21 09:00:15,0.25362,0.25362
2019-07-21 09:00:45,-0.028518,-0.028518
2019-07-21 10:00:15,0.53441,0.53441
2019-07-21 10:00:45,-0.36313,-0.36313
2019-07-21 11:00:15,1.0009,1.0009
2019-07-21 11:00:45,0.75239,0.75239
2019-07-21 12:00:15,0.56213,0.56213
2019-07-21 12:00:45,-1.0893,-1.0893
2019-07-21 13:00:15,,0.14598875750000004
2019-07-21 13:00:45,0.82216,0.82216
2019-07-21 14:00:15,0.80392,0.80392
2019-07-21 14:00:45,0.35399,0.35399
2019-07-21 15:00:15,,-0.8012763075
2019-07-21 15:00:45,-1.3047,-1.3047
2019-07-21 16:00:15,-1.4927,-1.4927
2019-07-21 16:00:45,-1.352,-1.352
2019-07-21 17:00:15,-1.3011,-1.3011
2019-07-21 17:00:45,,0.7436299324999999
2019-07-21 18:00:15,0.90256,0.90256
2019-07-21 18:00:45,0.82046,0.82046
2019-07-21 19:00:15,-0.11036,-0.11036
2019-07-21 19:00:45,-0.14808,-0.14808
2019-07-21 20:00:15,-0.052077,-0.052077
2019-07-21 20:00:45,-0.06061,-0.06061
2019-07-21 21:00:15,0.012363,0.012363
2019-07-21 21:00:45,-0.076007,-0.076007
2019-07-21 22:00:15,,-0.030550704999999994
2019-07-21 22:00:45,-0.16169,-0.16169
2019-07-21 23:00:15,-0.17744,-0.17744
2019-07-21 23:00:45,-0.10126,-0.10126
2019-07-22 00:00:15,-0.022991,-0.022991
2019-07-22 00:00:45,0.17467,0.17467
2019-07-22 01:00:15,,0.244537695
2019-07-22 01:00:45,0.25883,0.25883
2019-07-22 02:00:15,,0.3146423125
2019-07-22 02:00:45,0.094492,0.094492
2019-07-22 03:00:15,-0.15904,-0.15904
2019-07-22 03:00:45,-0.16483,-0.16483
2019-07-22 04:00:15,-0.093463,-0.093463
2019-07-22 04:00:45,-0.089702,-0.089702
2019-07-22 05:00:15,0.14346,0.14346
2019-07-22 05:00:45,-0.51127,-0.51127
2019-07-22 06:00:15,-0.98703,-0.98703
2019-07-22 06:00:45,-1.0669,-1.0669
2019-07-22 07:00:15,-0.74308,-0.74308
2019-07-22 07:00:45,-0.63239,-0.63239
2019-07-22 08:00:15,-0.92191,-0.92191
2019-07-22 08:00:45,-0.58282,-0.58282
2019-07-22 09:00:15,-1.122,-1.122
2019-07-22 09:00:45,-1.123,-1.123
2019-07-22 10:00:15,-1.2522,-1.2522
2019-07-22 10:00:45,-0.82593,-0.82593
2019-07-22 11:00:15,-0.93706,-0.93706
2019-07-22 11:00:45,-1.1712,-1.1712
2019-07-22 12:00:15,-1.335,-1.335
2019-07-22 12:00:45,-0.50593,-0.50593
2019-07-22 13:00:15,0.099191,0.099191
2019-07-22 13:00:45,-0.6029,-0.6029
2019-07-22 14:00:15,-0.63443,-0.63443
2019-07-22 14:00:45,-0.72232,-0.72232
2019-07-22 15:00:15,-0.74711,-0.74711
2019-07-22 15:00:45,-1.9651,-1.9651
2019-07-22 16:00:15,-0.97573,-0.97573
2019-07-22 16:00:45,-1.006,-1.006
2019-07-22 17:00:15,-0.81695,-0.81695
2019-07-22 17:00:45,-0.83604,-0.83604
2019-07-22 18:00:15,-0.83347,-0.83347
2019-07-22 18:00:45,-0.62042,-0.62042
2019-07-22 19:00:15,,0.143237265
2019-07-22 19:00:45,,0.17064023999999997
2019-07-22 20:00:15,,0.06652649
2019-07-22 20:00:45,,0.05374062249999998
2019-07-22 21:00:15,,0.14920884499999995
2019-07-22 21:00:45,,0.14030188749999997
2019-07-22 22:00:15,,0.23441609250000006
2019-07-22 22:00:45,0.52633,0.52633
2019-07-22 23:00:15,-0.082853,-0.082853
2019-07-22 23:00:45,-0.020506,-0.020506
2019-07-23 00:00:15,-0.038587,-0.038587
2019-07-23 00:00:45,0.022545,0.022545
2019-07-23 01:00:15,-0.081821,-0.081821
2019-07-23 01:00:45,0.016395,0.016395
2019-07-23 02:00:15,0.008032,0.008032
2019-07-23 02:00:45,0.029855,0.029855
2019-07-23 03:00:15,0.17931,0.17931
2019-07-23 03:00:45,0.009694,0.009694
2019-07-23 04:00:15,0.10802,0.10802
2019-07-23 04:00:45,,0.1448984825
2019-07-23 05:00:15,0.076637,0.076637
2019-07-23 05:00:45,-0.16566,-0.16566
2019-07-23 06:00:15,-0.50273,-0.50273
2019-07-23 06:00:45,-0.47849,-0.47849
2019-07-23 07:00:15,-0.50915,-0.50915
2019-07-23 07:00:45,-0.51652,-0.51652
2019-07-23 08:00:15,-0.46401,-0.46401
2019-07-23 08:00:45,-0.81008,-0.81008
2019-07-23 09:00:15,-0.56918,-0.56918
2019-07-23 09:00:45,-0.80954,-0.80954
2019-07-23 10:00:15,-0.87876,-0.87876
2019-07-23 10:00:45,-0.48235,-0.48235
2019-07-23 11:00:15,,-0.18687922000000007
2019-07-23 11:00:45,-1.0114,-1.0114
2019-07-23 12:00:15,0.9942,0.9942
2019-07-23 12:00:45,0.033101,0.033101
2019-07-23 13:00:15,-0.83153,-0.83153
2019-07-23 13:00:45,-0.96672,-0.96672
2019-07-23 14:00:15,-0.55093,-0.55093
2019-07-23 14:00:45,-0.72643,-0.72643
2019-07-23 15:00:15,-0.96465,-0.96465
2019-07-23 15:00:45,-0.85253,-0.85253
2019-07-23 16:00:15,-0.75924,-0.75924
2019-07-23 16:00:45,-0.70916,-0.70916
2019-07-23 17:00:15,-0.6498,-0.6498
2019-07-23 17:00:45,-0.44523,-0.44523
2019-07-23 18:00:15,-0.41077,-0.41077
2019-07-23 18:00:45,-0.26025,-0.26025
2019-07-23 19:00:15,-0.14663,-0.14663
2019-07-23 19:00:45,-0.072356,-0.072356
2019-07-23 20:00:15,-0.13355,-0.13355
2019-07-23 20:00:45,-0.085821,-0.085821
2019-07-23 21:00:15,-0.052948,-0.052948
2019-07-23 21:00:45,-0.009713,-0.009713
2019-07-23 22:00:15,-0.054197,-0.054197
2019-07-23 22:00:45,0.029312,0.029312
2019-07-23 23:00:15,0.036186,0.036186
2019-07-23 23:00:45,0.033159,0.033159
2019-07-24 00:00:15,0.036117,0.036117
2019-07-24 00:00:45,-0.003968,-0.003968
2019-07-24 01:00:15,0.008692,0.008692
2019-07-24 01:00:45,0.04719,0.04719
2019-07-24 02:00:15,0.070207,0.070207
2019-07-24 02:00:45,0.092179,0.092179
2019-07-24 03:00:15,0.021557,0.021557
2019-07-24 03:00:45,0.092371,0.092371
2019-07-24 04:00:15,0.12478,0.12478
2019-07-24 04:00:45,0.13941,0.13941
2019-07-24 05:00:15,0.088917,0.088917
2019-07-24 05:00:45,-0.027573,-0.027573
2019-07-24 06:00:15,-0.7244,-0.7244
2019-07-24 06:00:45,-0.63734,-0.63734
2019-07-24 07:00:15,0.17796,0.17796
2019-07-24 07:00:45,-1.3018,-1.3018
2019-07-24 08:00:15,-0.91675,-0.91675
2019-07-24 08:00:45,-0.88039,-0.88039
2019-07-24 09:00:15,-0.5453,-0.5453
2019-07-24 09:00:45,-0.59451,-0.59451
2019-07-24 10:00:15,0.052062,0.052062
2019-07-24 10:00:45,-0.62703,-0.62703
2019-07-24 11:00:15,-0.30927,-0.30927
2019-07-24 11:00:45,-0.27704,-0.27704
2019-07-24 12:00:15,0.58246,0.58246
2019-07-24 12:00:45,-1.0243,-1.0243
2019-07-24 13:00:15,1.6711,1.6711
2019-07-24 13:00:45,-0.57418,-0.57418
2019-07-24 14:00:15,0.47413,0.47413
2019-07-24 14:00:45,-0.40196,-0.40196
2019-07-24 15:00:15,-0.47558,-0.47558
2019-07-24 15:00:45,-1.6873,-1.6873
2019-07-24 16:00:15,-0.44795,-0.44795
2019-07-24 16:00:45,-0.23649,-0.23649
2019-07-24 17:00:15,-0.50604,-0.50604
2019-07-24 17:00:45,-0.28087,-0.28087
2019-07-24 18:00:15,-0.24985,-0.24985
2019-07-24 18:00:45,-0.13374,-0.13374
2019-07-24 19:00:15,-0.093666,-0.093666
2019-07-24 19:00:45,-0.044027,-0.044027
2019-07-24 20:00:15,0.077498,0.077498
2019-07-24 20:00:45,0.099808,0.099808
2019-07-24 21:00:15,0.078541,0.078541
2019-07-24 21:00:45,0.12332,0.12332
2019-07-24 22:00:15,0.1197,0.1197
2019-07-24 22:00:45,0.082746,0.082746
2019-07-24 23:00:15,0.052789,0.052789
2019-07-24 23:00:45,-0.007632,-0.007632
2019-07-25 00:00:15,0.07581,0.07581
2019-07-25 00:00:45,0.057158,0.057158
2019-07-25 01:00:15,0.084236,0.084236
2019-07-25 01:00:45,0.055832,0.055832
2019-07-25 02:00:15,0.078742,0.078742
2019-07-25 02:00:45,0.16176,0.16176
2019-07-25 03:00:15,0.063792,0.063792
2019-07-25 03:00:45,0.072569,0.072569
2019-07-25 04:00:15,-0.02403,-0.02403
2019-07-25 04:00:45,0.000388,0.000388
2019-07-25 05:00:15,-0.020198,-0.020198
2019-07-25 05:00:45,-0.43836,-0.43836
2019-07-25 06:00:15,-0.52056,-0.52056
2019-07-25 06:00:45,-0.93131,-0.93131
2019-07-25 07:00:15,-0.47639,-0.47639
2019-07-25 07:00:45,-1.1264,-1.1264
2019-07-25 08:00:15,-0.62039,-0.62039
2019-07-25 08:00:45,-0.95425,-0.95425
2019-07-25 09:00:15,-0.61169,-0.61169
2019-07-25 09:00:45,-0.3336,-0.3336
2019-07-25 10:00:15,-0.68276,-0.68276
2019-07-25 10:00:45,0.7918,0.7918
2019-07-25 11:00:15,-0.20385,-0.20385
2019-07-25 11:00:45,0.34228,0.34228
2019-07-25 12:00:15,-2.3655,-2.3655
2019-07-25 12:00:45,-0.43837,-0.43837
2019-07-25 13:00:15,-1.6392,-1.6392
2019-07-25 13:00:45,-1.3307,-1.3307
2019-07-25 14:00:15,1.3062,1.3062
2019-07-25 14:00:45,0.004528,0.004528
2019-07-25 15:00:15,0.69827,0.69827
2019-07-25 15:00:45,,-0.058106232500000014
2019-07-25 16:00:15,,0.15500778999999998
2019-07-25 16:00:45,,0.8151103349999999
2019-07-25 17:00:15,-0.005381,-0.005381
2019-07-25 17:00:45,,0.6485855925
2019-07-25 18:00:15,,1.3140403100000002
2019-07-25 18:00:45,0.44634,0.44634
2019-07-25 19:00:15,-0.0758,-0.0758
2019-07-25 19:00:45,,0.8003909199999998
2019-07-25 20:00:15,-0.1416,-0.1416
2019-07-25 20:00:45,,0.13052683750000002
2019-07-25 21:00:15,-0.078155,-0.078155
2019-07-25 21:00:45,0.063122,0.063122
2019-07-25 22:00:15,,0.45244929999999983
2019-07-25 22:00:45,2.0206,2.0206
2019-07-25 23:00:15,0.22947,0.22947
2019-07-25 23:00:45,,0.17222816499999993
2019-07-26 00:00:15,-0.018473,-0.018473
2019-07-26 00:00:45,0.37934,0.37934
2019-07-26 01:00:15,-0.060022,-0.060022
2019-07-26 01:00:45,-0.16479,-0.16479
2019-07-26 02:00:15,0.8139,0.8139
2019-07-26 02:00:45,0.54821,0.54821
2019-07-26 03:00:15,0.22448,0.22448
2019-07-26 03:00:45,0.016422,0.016422
2019-07-26 04:00:15,0.035693,0.035693
2019-07-26 04:00:45,-0.11528,-0.11528
2019-07-26 05:00:15,-0.007459,-0.007459
2019-07-26 05:00:45,0.26251,0.26251
2019-07-26 06:00:15,-0.31163,-0.31163
2019-07-26 06:00:45,-0.24812,-0.24812
2019-07-26 07:00:15,-0.69529,-0.69529
2019-07-26 07:00:45,-0.96758,-0.96758
2019-07-26 08:00:15,-0.56874,-0.56874
2019-07-26 08:00:45,-0.34616,-0.34616
2019-07-26 09:00:15,-0.14909,-0.14909
2019-07-26 09:00:45,-0.78432,-0.78432
2019-07-26 10:00:15,-0.37439,-0.37439
2019-07-26 10:00:45,-0.97875,-0.97875
2019-07-26 11:00:15,-0.51481,-0.51481
2019-07-26 11:00:45,1.415,1.415
2019-07-26 12:00:15,2.2547,2.2547
2019-07-26 12:00:45,0.054858,0.054858
2019-07-26 13:00:15,,-0.13159858750000003
2019-07-26 13:00:45,-0.51085,-0.51085
2019-07-26 14:00:15,0.54764,0.54764
2019-07-26 14:00:45,0.14729,0.14729
2019-07-26 15:00:15,0.10527,0.10527
2019-07-26 15:00:45,-0.84654,-0.84654
2019-07-26 16:00:15,0.23089,0.23089
2019-07-26 16:00:45,0.46215,0.46215
2019-07-26 17:00:15,0.5299,0.5299
2019-07-26 17:00:45,0.34066,0.34066
2019-07-26 18:00:15,0.21159,0.21159
2019-07-26 18:00:45,0.032536,0.032536
2019-07-26 19:00:15,-0.060096,-0.060096
2019-07-26 19:00:45,0.027867,0.027867
2019-07-26 20:00:15,0.026389,0.026389
2019-07-26 20:00:45,0.39962,0.39962
2019-07-26 21:00:15,,0.21973181999999997
2019-07-26 21:00:45,0.22109,0.22109
2019-07-26 22:00:15,0.059693,0.059693
2019-07-26 22:00:45,0.010305,0.010305
2019-07-26 23:00:15,-0.049205,-0.049205
2019-07-26 23:00:45,,0.17128513750000002
2019-07-27 00:00:15,0.048375,0.048375
2019-07-27 00:00:45,-0.18001,-0.18001
2019-07-27 01:00:15,0.23297,0.23297
2019-07-27 01:00:45,,0.2132358125
2019-07-27 02:00:15,0.032381,0.032381
2019-07-27 02:00:45,-0.1509,-0.1509
2019-07-27 03:00:15,-0.13623,-0.13623
2019-07-27 03:00:45,0.34524,0.34524
2019-07-27 04:00:15,-0.072655,-0.072655
2019-07-27 04:00:45,0.030532,0.030532
2019-07-27 05:00:15,0.14633,0.14633
2019-07-27 05:00:45,-0.14521,-0.14521
2019-07-27 06:00:15,-0.43783,-0.43783
2019-07-27 06:00:45,-0.33186,-0.33186
2019-07-27 07:00:15,-0.43589,-0.43589
2019-07-27 07:00:45,-1.1254,-1.1254
2019-07-27 08:00:15,0.51172,0.51172
2019-07-27 08:00:45,-0.50844,-0.50844
2019-07-27 09:00:15,0.73635,0.73635
2019-07-27 09:00:45,-0.1114,-0.1114
2019-07-27 10:00:15,-0.18459,-0.18459
2019-07-27 10:00:45,-0.018657,-0.018657
2019-07-27 11:00:15,0.49495,0.49495
2019-07-27 11:00:45,0.53645,0.53645
2019-07-27 12:00:15,-0.77082,-0.77082
2019-07-27 12:00:45,-0.34403,-0.34403
2019-07-27 13:00:15,-0.6652,-0.6652
2019-07-27 13:00:45,-0.37705,-0.37705
2019-07-27 14:00:15,0.71323,0.71323
2019-07-27 14:00:45,0.38632,0.38632
2019-07-27 15:00:15,0.52915,0.52915
2019-07-27 15:00:45,0.022196,0.022196
2019-07-27 16:00:15,-0.19845,-0.19845
2019-07-27 16:00:45,-0.16336,-0.16336
2019-07-27 17:00:15,0.13965,0.13965
2019-07-27 17:00:45,-0.27826,-0.27826
2019-07-27 18:00:15,-0.14459,-0.14459
2019-07-27 18:00:45,-0.62257,-0.62257
2019-07-27 19:00:15,,0.39039646250000004
2019-07-27 19:00:45,-0.16229,-0.16229
2019-07-27 20:00:15,1.3918,1.3918
2019-07-27 20:00:45,0.068398,0.068398
2019-07-27 21:00:15,,0.053959297499999996
2019-07-27 21:00:45,0.095233,0.095233
2019-07-27 22:00:15,,0.29199313250000003
2019-07-27 22:00:45,0.042329,0.042329
2019-07-27 23:00:15,0.024107,0.024107
2019-07-27 23:00:45,0.18374,0.18374
2019-07-28 00:00:15,0.032305,0.032305
2019-07-28 00:00:45,0.024382,0.024382
2019-07-28 01:00:15,-0.091567,-0.091567
2019-07-28 01:00:45,0.094418,0.094418
2019-07-28 02:00:15,,0.22113874250000004
2019-07-28 02:00:45,0.89975,0.89975
2019-07-28 03:00:15,0.47896,0.47896
2019-07-28 03:00:45,0.79514,0.79514
2019-07-28 04:00:15,,0.24328218999999995
2019-07-28 04:00:45,-0.16861,-0.16861
2019-07-28 05:00:15,-0.043905,-0.043905
2019-07-28 05:00:45,-0.45116,-0.45116
2019-07-28 06:00:15,-1.4441,-1.4441
2019-07-28 06:00:45,0.29105,0.29105
2019-07-28 07:00:15,-0.049345,-0.049345
2019-07-28 07:00:45,-0.25099,-0.25099
2019-07-28 08:00:15,-0.47188,-0.47188
2019-07-28 08:00:45,0.00498,0.00498
2019-07-28 09:00:15,-0.53681,-0.53681
2019-07-28 09:00:45,-0.34047,-0.34047
2019-07-28 10:00:15,-1.3435,-1.3435
2019-07-28 10:00:45,0.45625,0.45625
2019-07-28 11:00:15,-0.062848,-0.062848
2019-07-28 11:00:45,-0.29939,-0.29939
2019-07-28 12:00:15,,-0.02876870750000002
2019-07-28 12:00:45,1.0509,1.0509
2019-07-28 13:00:15,-0.9536,-0.9536
2019-07-28 13:00:45,1.3899,1.3899
2019-07-28 14:00:15,-0.12087,-0.12087
2019-07-28 14:00:45,0.61566,0.61566
2019-07-28 15:00:15,0.76666,0.76666
2019-07-28 15:00:45,2.3311,2.3311
2019-07-28 16:00:15,0.062304,0.062304
2019-07-28 16:00:45,-0.331,-0.331
2019-07-28 17:00:15,0.11495,0.11495
2019-07-28 17:00:45,0.13736,0.13736
2019-07-28 18:00:15,-0.087989,-0.087989
2019-07-28 18:00:45,-0.091733,-0.091733
2019-07-28 19:00:15,-0.02977,-0.02977
2019-07-28 19:00:45,-0.045594,-0.045594
2019-07-28 20:00:15,-0.14385,-0.14385
2019-07-28 20:00:45,-0.17787,-0.17787
2019-07-28 21:00:15,-0.036862,-0.036862
2019-07-28 21:00:45,-0.10985,-0.10985
2019-07-28 22:00:15,2.8e-05,2.8e-05
2019-07-28 22:00:45,-0.001184,-0.001184
2019-07-28 23:00:15,0.024632,0.024632
2019-07-28 23:00:45,0.018338,0.018338
2019-07-29 00:00:15,,0.263316875
2019-07-29 00:00:45,,0.5797991274999998
2019-07-29 01:00:15,,0.1800688475
2019-07-29 01:00:45,0.10413,0.10413
2019-07-29 02:00:15,0.053236,0.053236
2019-07-29 02:00:45,0.0234,0.0234
2019-07-29 03:00:15,,0.19599823249999998
2019-07-29 03:00:45,-0.14638,-0.14638
2019-07-29 04:00:15,0.15629,0.15629
2019-07-29 04:00:45,0.52786,0.52786
2019-07-29 05:00:15,0.070456,0.070456
2019-07-29 05:00:45,0.22205,0.22205
2019-07-29 06:00:15,-0.35458,-0.35458
2019-07-29 06:00:45,-0.47469,-0.47469
2019-07-29 07:00:15,-0.48417,-0.48417
2019-07-29 07:00:45,-0.55483,-0.55483
2019-07-29 08:00:15,-0.62488,-0.62488
2019-07-29 08:00:45,-0.48394,-0.48394
2019-07-29 09:00:15,-0.77693,-0.77693
2019-07-29 09:00:45,-0.69797,-0.69797
2019-07-29 10:00:15,-0.47604,-0.47604
2019-07-29 10:00:45,-0.77262,-0.77262
2019-07-29 11:00:15,,-0.44639894999999996
2019-07-29 11:00:45,-0.11304,-0.11304
2019-07-29 12:00:15,1.5109,1.5109
2019-07-29 12:00:45,-1.4519,-1.4519
2019-07-29 13:00:15,1.7894,1.7894
2019-07-29 13:00:45,-1.6397,-1.6397
2019-07-29 14:00:15,-0.46694,-0.46694
2019-07-29 14:00:45,-0.72835,-0.72835
2019-07-29 15:00:15,-1.1437,-1.1437
2019-07-29 15:00:45,-0.61633,-0.61633
2019-07-29 16:00:15,-0.48183,-0.48183
2019-07-29 16:00:45,-0.41343,-0.41343
2019-07-29 17:00:15,-0.51005,-0.51005
2019-07-29 17:00:45,-0.467,-0.467
2019-07-29 18:00:15,-0.34281,-0.34281
2019-07-29 18:00:45,-0.32423,-0.32423
2019-07-29 19:00:15,,0.022763202499999996
2019-07-29 19:00:45,-0.19403,-0.19403
2019-07-29 20:00:15,-0.012327,-0.012327
2019-07-29 20:00:45,,0.07634682250000002
2019-07-29 21:00:15,0.056045,0.056045
2019-07-29 21:00:45,-0.19743,-0.19743
2019-07-29 22:00:15,-0.00521,-0.00521
2019-07-29 22:00:45,0.005062,0.005062
2019-07-29 23:00:15,0.042488,0.042488
2019-07-29 23:00:45,0.10472,0.10472
2019-07-30 00:00:15,0.033233,0.033233
2019-07-30 00:00:45,-0.025925,-0.025925
2019-07-30 01:00:15,-0.064854,-0.064854
2019-07-30 01:00:45,0.066942,0.066942
2019-07-30 02:00:15,-0.02121,-0.02121
2019-07-30 02:00:45,-0.038088,-0.038088
2019-07-30 03:00:15,-0.045766,-0.045766
2019-07-30 03:00:45,,0.518443945
2019-07-30 04:00:15,,0.5817886975
2019-07-30 04:00:45,-0.014189,-0.014189
2019-07-30 05:00:15,-0.066567,-0.066567
2019-07-30 05:00:45,-0.047312,-0.047312
2019-07-30 06:00:15,-0.34819,-0.34819
2019-07-30 06:00:45,-0.42571,-0.42571
2019-07-30 07:00:15,-0.77787,-0.77787
2019-07-30 07:00:45,0.29719,0.29719
2019-07-30 08:00:15,-0.27041,-0.27041
2019-07-30 08:00:45,-1.0839,-1.0839
2019-07-30 09:00:15,-0.24632,-0.24632
2019-07-30 09:00:45,-0.17968,-0.17968
2019-07-30 10:00:15,-1.6644,-1.6644
2019-07-30 10:00:45,-0.41,-0.41
2019-07-30 11:00:15,-1.8363,-1.8363
2019-07-30 11:00:45,-0.92338,-0.92338
2019-07-30 12:00:15,0.10278,0.10278
2019-07-30 12:00:45,-0.6352,-0.6352
2019-07-30 13:00:15,-0.64456,-0.64456
2019-07-30 13:00:45,,-0.30738724749999996
2019-07-30 14:00:15,-0.39062,-0.39062
2019-07-30 14:00:45,-0.47163,-0.47163
2019-07-30 15:00:15,-0.42276,-0.42276
2019-07-30 15:00:45,-0.5389,-0.5389
2019-07-30 16:00:15,-0.26262,-0.26262
2019-07-30 16:00:45,-0.34734,-0.34734
2019-07-30 17:00:15,-0.29505,-0.29505
2019-07-30 17:00:45,-0.26476,-0.26476
2019-07-30 18:00:15,-0.17506,-0.17506
2019-07-30 18:00:45,-0.13419,-0.13419
2019-07-30 19:00:15,-0.14303,-0.14303
2019-07-30 19:00:45,-0.1299,-0.1299
2019-07-30 20:00:15,-0.10066,-0.10066
2019-07-30 20:00:45,-0.021212,-0.021212
2019-07-30 21:00:15,0.12348,0.12348
2019-07-30 21:00:45,-0.013039,-0.013039
2019-07-30 22:00:15,0.079392,0.079392
2019-07-30 22:00:45,0.047887,0.047887
2019-07-30 23:00:15,-0.12855,-0.12855
2019-07-30 23:00:45,-0.063346,-0.063346
2019-07-31 00:00:15,-0.097819,-0.097819
2019-07-31 00:00:45,0.001068,0.001068
2019-07-31 01:00:15,-0.064929,-0.064929
2019-07-31 01:00:45,0.070477,0.070477
2019-07-31 02:00:15,0.18795,0.18795
2019-07-31 02:00:45,-0.064669,-0.064669
2019-07-31 03:00:15,0.080278,0.080278
2019-07-31 03:00:45,0.29838,0.29838
2019-07-31 04:00:15,0.070054,0.070054
2019-07-31 04:00:45,0.21836,0.21836
2019-07-31 05:00:15,-0.027879,-0.027879
2019-07-31 05:00:45,-0.20648,-0.20648
2019-07-31 06:00:15,-0.44325,-0.44325
2019-07-31 06:00:45,-0.71274,-0.71274
2019-07-31 07:00:15,-0.40313,-0.40313
2019-07-31 07:00:45,-0.49633,-0.49633
2019-07-31 08:00:15,-0.56656,-0.56656
2019-07-31 08:00:45,-0.60959,-0.60959
2019-07-31 09:00:15,-0.52931,-0.52931
2019-07-31 09:00:45,-0.24651,-0.24651
2019-07-31 10:00:15,-0.58864,-0.58864
2019-07-31 10:00:45,0.3207,0.3207
2019-07-31 11:00:15,0.55911,0.55911
2019-07-31 11:00:45,-0.76833,-0.76833
2019-07-31 12:00:15,0.64839,0.64839
2019-07-31 12:00:45,,-0.5536948325000002
2019-07-31 13:00:15,1.1577,1.1577
2019-07-31 13:00:45,-2.0647,-2.0647
2019-07-31 14:00:15,-0.4612,-0.4612
2019-07-31 14:00:45,-0.068028,-0.068028
2019-07-31 15:00:15,-2.0697,-2.0697
2019-07-31 15:00:45,-0.76442,-0.76442
2019-07-31 16:00:15,-0.43292,-0.43292
2019-07-31 16:00:45,-0.1793,-0.1793
2019-07-31 17:00:15,-0.10049,-0.10049
2019-07-31 17:00:45,-0.000817,-0.000817
2019-07-31 18:00:15,-0.094103,-0.094103
2019-07-31 18:00:45,-0.11454,-0.11454
2019-07-31 19:00:15,,0.20046487750000003
2019-07-31 19:00:45,0.026799,0.026799
2019-07-31 20:00:15,0.099031,0.099031
2019-07-31 20:00:45,0.11427,0.11427
2019-07-31 21:00:15,0.018496,0.018496
2019-07-31 21:00:45,0.047805,0.047805
2019-07-31 22:00:15,0.005346,0.005346
2019-07-31 22:00:45,0.02241,0.02241
2019-07-31 23:00:15,0.01941,0.01941
2019-07-31 23:00:45,0.005411,0.005411
2019-08-01 00:00:15,0.00064,0.00064
2019-08-01 00:00:45,-0.026846,-0.026846
2019-08-01 01:00:15,-0.012183,-0.012183
2019-08-01 01:00:45,,-0.019224962499999998
2019-08-01 02:00:15,-0.004013,-0.004013
2019-08-01 02:00:45,-0.018636,-0.018636
2019-08-01 03:00:15,-0.079813,-0.079813
2019-08-01 03:00:45,-0.074817,-0.074817
2019-08-01 04:00:15,-0.067698,-0.067698
2019-08-01 04:00:45,0.44838,0.44838
2019-08-01 05:00:15,-0.009373,-0.009373
2019-08-01 05:00:45,0.010284,0.010284
2019-08-01 06:00:15,-0.51045,-0.51045
2019-08-01 06:00:45,-0.49126,-0.49126
2019-08-01 07:00:15,-0.10519,-0.10519
2019-08-01 07:00:45,-0.1096,-0.1096
2019-08-01 08:00:15,-0.42511,-0.42511
2019-08-01 08:00:45,-0.986,-0.986
2019-08-01 09:00:15,-0.18187,-0.18187
2019-08-01 09:00:45,-0.76061,-0.76061
2019-08-01 10:00:15,0.42961,0.42961
2019-08-01 10:00:45,-0.075533,-0.075533
2019-08-01 11:00:15,-0.91887,-0.91887
2019-08-01 11:00:45,-0.078644,-0.078644
2019-08-01 12:00:15,-0.66155,-0.66155
2019-08-01 12:00:45,1.2908,1.2908
2019-08-01 13:00:15,0.47188,0.47188
2019-08-01 13:00:45,-0.26358,-0.26358
2019-08-01 14:00:15,0.9212,0.9212
2019-08-01 14:00:45,-0.011898,-0.011898
2019-08-01 15:00:15,0.39663,0.39663
2019-08-01 15:00:45,0.047461,0.047461
2019-08-01 16:00:15,-0.35252,-0.35252
2019-08-01 16:00:45,-0.30556,-0.30556
2019-08-01 17:00:15,-0.28808,-0.28808
2019-08-01 17:00:45,-0.15642,-0.15642
2019-08-01 18:00:15,0.10545,0.10545
2019-08-01 18:00:45,-0.04136,-0.04136
2019-08-01 19:00:15,-0.039007,-0.039007
2019-08-01 19:00:45,-0.14536,-0.14536
2019-08-01 20:00:15,-0.15881,-0.15881
2019-08-01 20:00:45,0.006377,0.006377
2019-08-01 21:00:15,0.018873,0.018873
2019-08-01 21:00:45,-0.031909,-0.031909
2019-08-01 22:00:15,-0.059756,-0.059756
2019-08-01 22:00:45,0.020767,0.020767
2019-08-01 23:00:15,-0.04512,-0.04512
2019-08-01 23:00:45,-0.03005,-0.03005
2019-08-02 00:00:15,-0.16119,-0.16119
2019-08-02 00:00:45,-0.13359,-0.13359
2019-08-02 01:00:15,-0.16417,-0.16417
2019-08-02 01:00:45,-0.17709,-0.17709
2019-08-02 02:00:15,,0.3187961374999999
2019-08-02 02:00:45,1.5833,1.5833
2019-08-02 03:00:15,1.125,1.125
2019-08-02 03:00:45,0.48889,0.48889
2019-08-02 04:00:15,0.5903,0.5903
2019-08-02 04:00:45,0.38292,0.38292
2019-08-02 05:00:15,0.77725,0.77725
2019-08-02 05:00:45,0.055229,0.055229
2019-08-02 06:00:15,-0.15039,-0.15039
2019-08-02 06:00:45,-0.37069,-0.37069
2019-08-02 07:00:15,-0.68997,-0.68997
2019-08-02 07:00:45,-0.44753,-0.44753
2019-08-02 08:00:15,-0.1214,-0.1214
2019-08-02 08:00:45,0.77776,0.77776
2019-08-02 09:00:15,0.61906,0.61906
2019-08-02 09:00:45,0.54147,0.54147
2019-08-02 10:00:15,0.086853,0.086853
2019-08-02 10:00:45,0.67572,0.67572
2019-08-02 11:00:15,2.6513,2.6513
2019-08-02 11:00:45,-0.13044,-0.13044
2019-08-02 12:00:15,0.63634,0.63634
2019-08-02 12:00:45,-1.3679,-1.3679
2019-08-02 13:00:15,-2.3465,-2.3465
2019-08-02 13:00:45,0.38552,0.38552
2019-08-02 14:00:15,1.7023,1.7023
2019-08-02 14:00:45,-0.13252,-0.13252
2019-08-02 15:00:15,-0.62401,-0.62401
2019-08-02 15:00:45,,0.22764733749999994
2019-08-02 16:00:15,,0.5387860725
2019-08-02 16:00:45,,0.7061448449999999
2019-08-02 17:00:15,,0.7479240174999999
2019-08-02 17:00:45,1.9264,1.9264
2019-08-02 18:00:15,,1.2598320025
2019-08-02 18:00:45,,1.241784275
2019-08-02 19:00:15,1.471,1.471
2019-08-02 19:00:45,1.2613,1.2613
2019-08-02 20:00:15,3.5031,3.5031
2019-08-02 20:00:45,1.6302,1.6302
2019-08-02 21:00:15,0.75049,0.75049
2019-08-02 21:00:45,1.6054,1.6054
2019-08-02 22:00:15,1.2639,1.2639
2019-08-02 22:00:45,0.91384,0.91384
2019-08-02 23:00:15,,0.5389802799999999
2019-08-02 23:00:45,0.076926,0.076926
2019-08-03 00:00:15,1.0687,1.0687
2019-08-03 00:00:45,0.43566,0.43566
2019-08-03 01:00:15,2.236,2.236
2019-08-03 01:00:45,1.3585,1.3585
2019-08-03 02:00:15,,0.6938122174999998
2019-08-03 02:00:45,,0.38902198749999994
2019-08-03 03:00:15,,0.39755044749999985
2019-08-03 03:00:45,0.16561,0.16561
2019-08-03 04:00:15,0.22508,0.22508
2019-08-03 04:00:45,,0.8114510049999999
2019-08-03 05:00:15,2.0622,2.0622
2019-08-03 05:00:45,1.0081,1.0081
2019-08-03 06:00:15,1.9723,1.9723
2019-08-03 06:00:45,1.3904,1.3904
2019-08-03 07:00:15,0.54411,0.54411
2019-08-03 07:00:45,1.1933,1.1933
2019-08-03 08:00:15,1.0913,1.0913
2019-08-03 08:00:45,1.8478,1.8478
2019-08-03 09:00:15,1.9755,1.9755
2019-08-03 09:00:45,1.4378,1.4378
2019-08-03 10:00:15,2.1165,2.1165
2019-08-03 10:00:45,2.9436,2.9436
2019-08-03 11:00:15,0.93164,0.93164
2019-08-03 11:00:45,1.8394,1.8394
2019-08-03 12:00:15,1.9183,1.9183
2019-08-03 12:00:45,-0.48014,-0.48014
2019-08-03 13:00:15,3.521,3.521
2019-08-03 13:00:45,1.9605,1.9605
2019-08-03 14:00:15,2.9735,2.9735
2019-08-03 14:00:45,0.82617,0.82617
2019-08-03 15:00:15,3.664,3.664
2019-08-03 15:00:45,0.42568,0.42568
2019-08-03 16:00:15,0.27312,0.27312
2019-08-03 16:00:45,-0.042343,-0.042343
2019-08-03 17:00:15,-0.061697,-0.061697
2019-08-03 17:00:45,-0.43953,-0.43953
2019-08-03 18:00:15,-0.12134,-0.12134
2019-08-03 18:00:45,-0.57574,-0.57574
2019-08-03 19:00:15,,0.7725601924999997
2019-08-03 19:00:45,,1.0074984900000004
2019-08-03 20:00:15,,1.6128715424999993
2019-08-03 20:00:45,,1.4854401474999994
2019-08-03 21:00:15,,1.5367276024999992
2019-08-03 21:00:45,,1.4614074149999992
2019-08-03 22:00:15,,1.4648360574999997
2019-08-03 22:00:45,,1.662665412499999
2019-08-03 23:00:15,,1.5770755349999992
2019-08-03 23:00:45,,1.1230128750000001
2019-08-04 00:00:15,0.64726,0.64726
2019-08-04 00:00:45,,1.6362717999999994
2019-08-04 01:00:15,1.8646,1.8646
2019-08-04 01:00:45,,2.050277237500001
2019-08-04 02:00:15,,1.9336535550000016
2019-08-04 02:00:45,1.7555,1.7555
2019-08-04 03:00:15,2.6774,2.6774
2019-08-04 03:00:45,2.4532,2.4532
2019-08-04 04:00:15,4.8586,4.8586
2019-08-04 04:00:45,1.9699,1.9699
2019-08-04 05:00:15,2.9348,2.9348
2019-08-04 05:00:45,1.8963,1.8963
2019-08-04 06:00:15,2.9762,2.9762
2019-08-04 06:00:45,1.397,1.397
2019-08-04 07:00:15,0.87393,0.87393
2019-08-04 07:00:45,1.5276,1.5276
2019-08-04 08:00:15,2.1854,2.1854
2019-08-04 08:00:45,2.1445,2.1445
2019-08-04 09:00:15,1.5921,1.5921
2019-08-04 09:00:45,1.1543,1.1543
2019-08-04 10:00:15,2.7318,2.7318
2019-08-04 10:00:45,1.5159,1.5159
2019-08-04 11:00:15,3.023,3.023
2019-08-04 11:00:45,3.1437,3.1437
2019-08-04 12:00:15,2.7308,2.7308
2019-08-04 12:00:45,2.2297,2.2297
2019-08-04 13:00:15,3.0506,3.0506
2019-08-04 13:00:45,0.37411,0.37411
2019-08-04 14:00:15,0.19378,0.19378
2019-08-04 14:00:45,2.2498,2.2498
2019-08-04 15:00:15,1.6112,1.6112
2019-08-04 15:00:45,1.1619,1.1619
2019-08-04 16:00:15,1.084,1.084
2019-08-04 16:00:45,1.6031,1.6031
2019-08-04 17:00:15,1.4452,1.4452
2019-08-04 17:00:45,1.4526,1.4526
2019-08-04 18:00:15,1.4973,1.4973
2019-08-04 18:00:45,1.76,1.76
2019-08-04 19:00:15,0.73957,0.73957
2019-08-04 19:00:45,0.77302,0.77302
2019-08-04 20:00:15,0.49295,0.49295
2019-08-04 20:00:45,2.1534,2.1534
2019-08-04 21:00:15,0.70031,0.70031
2019-08-04 21:00:45,0.35537,0.35537
2019-08-04 22:00:15,0.61773,0.61773
2019-08-04 22:00:45,0.48699,0.48699
2019-08-04 23:00:15,0.15581,0.15581
2019-08-04 23:00:45,0.62669,0.62669
2019-08-05 00:00:15,0.94725,0.94725
2019-08-05 00:00:45,0.66707,0.66707
2019-08-05 01:00:15,0.7469,0.7469
2019-08-05 01:00:45,0.33431,0.33431
2019-08-05 02:00:15,0.76323,0.76323
2019-08-05 02:00:45,0.64338,0.64338
2019-08-05 03:00:15,0.91734,0.91734
2019-08-05 03:00:45,0.49484,0.49484
2019-08-05 04:00:15,0.44042,0.44042
2019-08-05 04:00:45,0.17025,0.17025
2019-08-05 05:00:15,0.42431,0.42431
2019-08-05 05:00:45,-0.60287,-0.60287
2019-08-05 06:00:15,-0.027173,-0.027173
2019-08-05 06:00:45,-0.53856,-0.53856
2019-08-05 07:00:15,-0.84896,-0.84896
2019-08-05 07:00:45,1.27,1.27
2019-08-05 08:00:15,2.1987,2.1987
2019-08-05 08:00:45,1.856,1.856
2019-08-05 09:00:15,2.6239,2.6239
2019-08-05 09:00:45,1.9292,1.9292
2019-08-05 10:00:15,0.81342,0.81342
2019-08-05 10:00:45,-0.14552,-0.14552
2019-08-05 11:00:15,-0.52265,-0.52265
2019-08-05 11:00:45,-0.028079,-0.028079
2019-08-05 12:00:15,0.53098,0.53098
2019-08-05 12:00:45,0.49402,0.49402
2019-08-05 13:00:15,0.25827,0.25827
2019-08-05 13:00:45,3.1782,3.1782
2019-08-05 14:00:15,2.1977,2.1977
2019-08-05 14:00:45,1.271,1.271
2019-08-05 15:00:15,1.6415,1.6415
2019-08-05 15:00:45,-0.30002,-0.30002
2019-08-05 16:00:15,0.70808,0.70808
2019-08-05 16:00:45,1.0104,1.0104
2019-08-05 17:00:15,0.53902,0.53902
2019-08-05 17:00:45,0.54329,0.54329
2019-08-05 18:00:15,0.93104,0.93104
2019-08-05 18:00:45,0.81428,0.81428
2019-08-05 19:00:15,,0.7077355850000001
2019-08-05 19:00:45,1.0794,1.0794
2019-08-05 20:00:15,0.93799,0.93799
2019-08-05 20:00:45,0.75116,0.75116
2019-08-05 21:00:15,0.7364,0.7364
2019-08-05 21:00:45,0.69591,0.69591
2019-08-05 22:00:15,0.6171,0.6171
2019-08-05 22:00:45,1.9267,1.9267
2019-08-05 23:00:15,0.76389,0.76389
2019-08-05 23:00:45,0.67516,0.67516
2019-08-06 00:00:15,,0.65372042
2019-08-06 00:00:45,0.56393,0.56393
2019-08-06 01:00:15,0.99139,0.99139
2019-08-06 01:00:45,2.2101,2.2101
2019-08-06 02:00:15,1.3102,1.3102
2019-08-06 02:00:45,0.70947,0.70947
2019-08-06 03:00:15,,0.5937614575
2019-08-06 03:00:45,0.46781,0.46781
2019-08-06 04:00:15,0.58467,0.58467
2019-08-06 04:00:45,0.81107,0.81107
2019-08-06 05:00:15,1.4168,1.4168
2019-08-06 05:00:45,0.99014,0.99014
2019-08-06 06:00:15,0.68293,0.68293
2019-08-06 06:00:45,-1.2179,-1.2179
2019-08-06 07:00:15,-0.21307,-0.21307
2019-08-06 07:00:45,-0.56442,-0.56442
2019-08-06 08:00:15,-0.16456,-0.16456
2019-08-06 08:00:45,-1.7099,-1.7099
2019-08-06 09:00:15,-1.1094,-1.1094
2019-08-06 09:00:45,-0.74008,-0.74008
2019-08-06 10:00:15,-0.55619,-0.55619
2019-08-06 10:00:45,-0.58309,-0.58309
2019-08-06 11:00:15,-1.1494,-1.1494
2019-08-06 11:00:45,-0.8969,-0.8969
2019-08-06 12:00:15,-0.71263,-0.71263
2019-08-06 12:00:45,-1.7692,-1.7692
2019-08-06 13:00:15,-0.94624,-0.94624
2019-08-06 13:00:45,-0.85951,-0.85951
2019-08-06 14:00:15,-0.95214,-0.95214
2019-08-06 14:00:45,-0.78132,-0.78132
2019-08-06 15:00:15,-1.089,-1.089
2019-08-06 15:00:45,2.7874,2.7874
2019-08-06 16:00:15,-0.88403,-0.88403
2019-08-06 16:00:45,-0.25997,-0.25997
2019-08-06 17:00:15,0.12778,0.12778
2019-08-06 17:00:45,0.48176,0.48176
2019-08-06 18:00:15,-1.0509,-1.0509
2019-08-06 18:00:45,1.1681,1.1681
2019-08-06 19:00:15,0.71117,0.71117
2019-08-06 19:00:45,0.89839,0.89839
2019-08-06 20:00:15,0.75457,0.75457
2019-08-06 20:00:45,0.78279,0.78279
2019-08-06 21:00:15,0.37881,0.37881
2019-08-06 21:00:45,0.27888,0.27888
2019-08-06 22:00:15,0.85034,0.85034
2019-08-06 22:00:45,0.34733,0.34733
2019-08-06 23:00:15,,0.549984925
2019-08-06 23:00:45,-0.068294,-0.068294
2019-08-07 00:00:15,0.14687,0.14687
2019-08-07 00:00:45,0.73646,0.73646
2019-08-07 01:00:15,0.38856,0.38856
2019-08-07 01:00:45,0.37278,0.37278
2019-08-07 02:00:15,0.4432,0.4432
2019-08-07 02:00:45,0.23268,0.23268
2019-08-07 03:00:15,-0.13146,-0.13146
2019-08-07 03:00:45,0.37763,0.37763
2019-08-07 04:00:15,0.016066,0.016066
2019-08-07 04:00:45,0.020815,0.020815
2019-08-07 05:00:15,-0.12707,-0.12707
2019-08-07 05:00:45,-1.4277,-1.4277
2019-08-07 06:00:15,-1.5461,-1.5461
2019-08-07 06:00:45,-0.25296,-0.25296
2019-08-07 07:00:15,-1.9145,-1.9145
2019-08-07 07:00:45,-1.3612,-1.3612
2019-08-07 08:00:15,-0.86638,-0.86638
2019-08-07 08:00:45,-1.1001,-1.1001
2019-08-07 09:00:15,-0.20182,-0.20182
2019-08-07 09:00:45,2.158,2.158
2019-08-07 10:00:15,-0.01486,-0.01486
2019-08-07 10:00:45,-0.70592,-0.70592
2019-08-07 11:00:15,-0.98441,-0.98441
2019-08-07 11:00:45,-0.11516,-0.11516
2019-08-07 12:00:15,-0.7667,-0.7667
2019-08-07 12:00:45,-1.9379,-1.9379
2019-08-07 13:00:15,-0.31873,-0.31873
2019-08-07 13:00:45,-0.78306,-0.78306
2019-08-07 14:00:15,-0.41968,-0.41968
2019-08-07 14:00:45,0.36469,0.36469
2019-08-07 15:00:15,0.025977,0.025977
2019-08-07 15:00:45,0.22315,0.22315
2019-08-07 16:00:15,0.90954,0.90954
2019-08-07 16:00:45,0.27202,0.27202
2019-08-07 17:00:15,-0.029367,-0.029367
2019-08-07 17:00:45,0.035546,0.035546
2019-08-07 18:00:15,0.11091,0.11091
2019-08-07 18:00:45,0.37361,0.37361
2019-08-07 19:00:15,0.75592,0.75592
2019-08-07 19:00:45,0.16161,0.16161
2019-08-07 20:00:15,0.078532,0.078532
2019-08-07 20:00:45,,0.25353931999999996
2019-08-07 21:00:15,0.72745,0.72745
2019-08-07 21:00:45,0.37058,0.37058
2019-08-07 22:00:15,0.73348,0.73348
2019-08-07 22:00:45,-0.038613,-0.038613
2019-08-07 23:00:15,0.039852,0.039852
2019-08-07 23:00:45,,0.12163616749999998
2019-08-08 00:00:15,-0.014617,-0.014617
2019-08-08 00:00:45,-0.13238,-0.13238
2019-08-08 01:00:15,0.087708,0.087708
2019-08-08 01:00:45,0.47352,0.47352
2019-08-08 02:00:15,-0.091508,-0.091508
2019-08-08 02:00:45,0.19065,0.19065
2019-08-08 03:00:15,0.24477,0.24477
2019-08-08 03:00:45,0.32185,0.32185
2019-08-08 04:00:15,0.27516,0.27516
2019-08-08 04:00:45,0.10831,0.10831
2019-08-08 05:00:15,0.067527,0.067527
2019-08-08 05:00:45,-0.054863,-0.054863
2019-08-08 06:00:15,-0.46838,-0.46838
2019-08-08 06:00:45,-0.82432,-0.82432
2019-08-08 07:00:15,-1.797,-1.797
2019-08-08 07:00:45,-0.99054,-0.99054
2019-08-08 08:00:15,-1.4,-1.4
2019-08-08 08:00:45,-0.55202,-0.55202
2019-08-08 09:00:15,-0.83995,-0.83995
2019-08-08 09:00:45,-1.0152,-1.0152
2019-08-08 10:00:15,-0.98994,-0.98994
2019-08-08 10:00:45,-0.93549,-0.93549
2019-08-08 11:00:15,0.26427,0.26427
2019-08-08 11:00:45,0.53658,0.53658
2019-08-08 12:00:15,-0.18297,-0.18297
2019-08-08 12:00:45,0.22325,0.22325
2019-08-08 13:00:15,1.0301,1.0301
2019-08-08 13:00:45,0.96385,0.96385
2019-08-08 14:00:15,0.78216,0.78216
2019-08-08 14:00:45,0.041144,0.041144
2019-08-08 15:00:15,0.55066,0.55066
2019-08-08 15:00:45,-0.035021,-0.035021
2019-08-08 16:00:15,0.1126,0.1126
2019-08-08 16:00:45,0.03352,0.03352
2019-08-08 17:00:15,0.3585,0.3585
2019-08-08 17:00:45,0.54997,0.54997
2019-08-08 18:00:15,1.3531,1.3531
2019-08-08 18:00:45,1.2443,1.2443
2019-08-08 19:00:15,0.84626,0.84626
2019-08-08 19:00:45,0.75111,0.75111
2019-08-08 20:00:15,-0.1319,-0.1319
2019-08-08 20:00:45,,0.6422357774999999
2019-08-08 21:00:15,,1.0238339749999998
2019-08-08 21:00:45,,1.3848877775000004
2019-08-08 22:00:15,0.31452,0.31452
2019-08-08 22:00:45,0.55502,0.55502
2019-08-08 23:00:15,0.90637,0.90637
2019-08-08 23:00:45,0.58232,0.58232
2019-08-09 00:00:15,1.1754,1.1754
2019-08-09 00:00:45,0.3951,0.3951
2019-08-09 01:00:15,-0.096666,-0.096666
2019-08-09 01:00:45,0.31334,0.31334
2019-08-09 02:00:15,0.53296,0.53296
2019-08-09 02:00:45,0.4936,0.4936
2019-08-09 03:00:15,,0.3010253974999999
2019-08-09 03:00:45,0.16826,0.16826
2019-08-09 04:00:15,0.39234,0.39234
2019-08-09 04:00:45,0.2949,0.2949
2019-08-09 05:00:15,0.008089,0.008089
2019-08-09 05:00:45,-0.26169,-0.26169
2019-08-09 06:00:15,-0.32001,-0.32001
2019-08-09 06:00:45,-0.80821,-0.80821
2019-08-09 07:00:15,-1.9126,-1.9126
2019-08-09 07:00:45,-0.89713,-0.89713
2019-08-09 08:00:15,-0.43559,-0.43559
2019-08-09 08:00:45,-1.0718,-1.0718
2019-08-09 09:00:15,-0.94033,-0.94033
2019-08-09 09:00:45,-2.4677,-2.4677
2019-08-09 10:00:15,-0.088478,-0.088478
2019-08-09 10:00:45,-2.3569,-2.3569
2019-08-09 11:00:15,-0.57044,-0.57044
2019-08-09 11:00:45,-0.49112,-0.49112
2019-08-09 12:00:15,-1.3586,-1.3586
2019-08-09 12:00:45,-0.35312,-0.35312
2019-08-09 13:00:15,-0.35092,-0.35092
2019-08-09 13:00:45,-0.36523,-0.36523
2019-08-09 14:00:15,-0.18233,-0.18233
2019-08-09 14:00:45,-0.37997,-0.37997
2019-08-09 15:00:15,1.7384,1.7384
2019-08-09 15:00:45,0.85651,0.85651
2019-08-09 16:00:15,0.6856,0.6856
2019-08-09 16:00:45,0.01128,0.01128
2019-08-09 17:00:15,-0.31582,-0.31582
2019-08-09 17:00:45,,0.8551978699999999
2019-08-09 18:00:15,,1.1254327900000005
2019-08-09 18:00:45,,1.3742341175000001
2019-08-09 19:00:15,,1.6342542324999993
2019-08-09 19:00:45,3.2485,3.2485
2019-08-09 20:00:15,2.409,2.409
2019-08-09 20:00:45,-0.030505,-0.030505
2019-08-09 21:00:15,,1.4533089975
2019-08-09 21:00:45,0.96888,0.96888
2019-08-09 22:00:15,0.3166,0.3166
2019-08-09 22:00:45,1.0235,1.0235
2019-08-09 23:00:15,0.99605,0.99605
2019-08-09 23:00:45,0.43883,0.43883
2019-08-10 00:00:15,,0.6474353750000001
2019-08-10 00:00:45,-0.085518,-0.085518
2019-08-10 01:00:15,,0.6740419225
2019-08-10 01:00:45,0.76113,0.76113
2019-08-10 02:00:15,1.0621,1.0621
2019-08-10 02:00:45,0.64149,0.64149
2019-08-10 03:00:15,,0.8370350399999998
2019-08-10 03:00:45,0.38639,0.38639
2019-08-10 04:00:15,0.15402,0.15402
2019-08-10 04:00:45,0.81392,0.81392
2019-08-10 05:00:15,3.41,3.41
2019-08-10 05:00:45,,1.5463736824999996
2019-08-10 06:00:15,,1.1420902425000001
2019-08-10 06:00:45,1.4002,1.4002
2019-08-10 07:00:15,0.23192,0.23192
2019-08-10 07:00:45,,1.0890939850000003
2019-08-10 08:00:15,,1.0559557125000003
2019-08-10 08:00:45,,0.50893281
2019-08-10 09:00:15,-0.75095,-0.75095
2019-08-10 09:00:45,-1.6732,-1.6732
2019-08-10 10:00:15,-1.0436,-1.0436
2019-08-10 10:00:45,-1.3324,-1.3324
2019-08-10 11:00:15,-1.281,-1.281
2019-08-10 11:00:45,-0.99358,-0.99358
2019-08-10 12:00:15,0.000502,0.000502
2019-08-10 12:00:45,-0.94065,-0.94065
2019-08-10 13:00:15,-1.1063,-1.1063
2019-08-10 13:00:45,-0.12013,-0.12013
2019-08-10 14:00:15,-1.9857,-1.9857
2019-08-10 14:00:45,-1.3399,-1.3399
2019-08-10 15:00:15,-0.95009,-0.95009
2019-08-10 15:00:45,-1.2095,-1.2095
2019-08-10 16:00:15,-0.90637,-0.90637
2019-08-10 16:00:45,-0.5847,-0.5847
2019-08-10 17:00:15,-0.71366,-0.71366
2019-08-10 17:00:45,-0.59153,-0.59153
2019-08-10 18:00:15,-0.27593,-0.27593
2019-08-10 18:00:45,0.47766,0.47766
2019-08-10 19:00:15,0.58102,0.58102
2019-08-10 19:00:45,0.55618,0.55618
2019-08-10 20:00:15,0.2926,0.2926
2019-08-10 20:00:45,0.1056,0.1056
2019-08-10 21:00:15,0.053084,0.053084
2019-08-10 21:00:45,0.021496,0.021496
2019-08-10 22:00:15,0.35023,0.35023
2019-08-10 22:00:45,0.26008,0.26008
2019-08-10 23:00:15,-0.17118,-0.17118
2019-08-10 23:00:45,0.46683,0.46683
2019-08-11 00:00:15,0.1883,0.1883
2019-08-11 00:00:45,0.34372,0.34372
2019-08-11 01:00:15,-0.013764,-0.013764
2019-08-11 01:00:45,-0.008343,-0.008343
2019-08-11 02:00:15,0.35462,0.35462
2019-08-11 02:00:45,0.1997,0.1997
2019-08-11 03:00:15,0.12192,0.12192
2019-08-11 03:00:45,0.32782,0.32782
2019-08-11 04:00:15,0.099751,0.099751
2019-08-11 04:00:45,0.11086,0.11086
2019-08-11 05:00:15,0.18666,0.18666
2019-08-11 05:00:45,0.11671,0.11671
2019-08-11 06:00:15,-0.56429,-0.56429
2019-08-11 06:00:45,-0.70529,-0.70529
2019-08-11 07:00:15,-0.96262,-0.96262
2019-08-11 07:00:45,-1.0713,-1.0713
2019-08-11 08:00:15,-1.5774,-1.5774
2019-08-11 08:00:45,-0.74212,-0.74212
2019-08-11 09:00:15,-1.2601,-1.2601
2019-08-11 09:00:45,-1.3596,-1.3596
2019-08-11 10:00:15,-1.4812,-1.4812
2019-08-11 10:00:45,-1.4561,-1.4561
2019-08-11 11:00:15,-0.45318,-0.45318
2019-08-11 11:00:45,-1.6058,-1.6058
2019-08-11 12:00:15,-1.1204,-1.1204
2019-08-11 12:00:45,-0.49474,-0.49474
2019-08-11 13:00:15,0.75931,0.75931
2019-08-11 13:00:45,-0.77147,-0.77147
2019-08-11 14:00:15,-0.67824,-0.67824
2019-08-11 14:00:45,-0.15486,-0.15486
2019-08-11 15:00:15,-3.2298,-3.2298
2019-08-11 15:00:45,-0.67902,-0.67902
2019-08-11 16:00:15,-0.75896,-0.75896
2019-08-11 16:00:45,-0.30878,-0.30878
2019-08-11 17:00:15,-0.21757,-0.21757
2019-08-11 17:00:45,0.59056,0.59056
2019-08-11 18:00:15,,0.844823425
2019-08-11 18:00:45,,1.5611635
2019-08-11 19:00:15,,1.6347480624999984
2019-08-11 19:00:45,1.2301,1.2301
2019-08-11 20:00:15,2.3253,2.3253
2019-08-11 20:00:45,,1.5298950349999987
2019-08-11 21:00:15,1.6597,1.6597
2019-08-11 21:00:45,2.2389,2.2389
2019-08-11 22:00:15,1.3912,1.3912
2019-08-11 22:00:45,0.89936,0.89936
2019-08-11 23:00:15,0.090423,0.090423
2019-08-11 23:00:45,0.67901,0.67901
2019-08-12 00:00:15,,0.6570544900000003
2019-08-12 00:00:45,,0.7407563650000004
2019-08-12 01:00:15,,0.6574412425000001
2019-08-12 01:00:45,1.4436,1.4436
2019-08-12 02:00:15,0.30192,0.30192
2019-08-12 02:00:45,0.27343,0.27343
2019-08-12 03:00:15,1.4492,1.4492
2019-08-12 03:00:45,0.20839,0.20839
2019-08-12 04:00:15,,0.9573418324999996
2019-08-12 04:00:45,,0.8372420700000003
2019-08-12 05:00:15,,1.0202893899999999
2019-08-12 05:00:45,0.056118,0.056118
2019-08-12 06:00:15,1.4505,1.4505
2019-08-12 06:00:45,1.4515,1.4515
2019-08-12 07:00:15,1.4291,1.4291
2019-08-12 07:00:45,1.6128,1.6128
2019-08-12 08:00:15,1.1135,1.1135
2019-08-12 08:00:45,1.2449,1.2449
2019-08-12 09:00:15,1.5678,1.5678
2019-08-12 09:00:45,1.4194,1.4194
2019-08-12 10:00:15,1.4776,1.4776
2019-08-12 10:00:45,1.7804,1.7804
2019-08-12 11:00:15,-0.34748,-0.34748
2019-08-12 11:00:45,0.62785,0.62785
2019-08-12 12:00:15,1.0393,1.0393
2019-08-12 12:00:45,2.0677,2.0677
2019-08-12 13:00:15,1.1166,1.1166
2019-08-12 13:00:45,0.039646,0.039646
2019-08-12 14:00:15,0.58771,0.58771
2019-08-12 14:00:45,1.1342,1.1342
2019-08-12 15:00:15,2.0074,2.0074
2019-08-12 15:00:45,1.8414,1.8414
2019-08-12 16:00:15,0.26302,0.26302
2019-08-12 16:00:45,0.25628,0.25628
2019-08-12 17:00:15,0.47387,0.47387
2019-08-12 17:00:45,0.3909,0.3909
2019-08-12 18:00:15,0.31316,0.31316
2019-08-12 18:00:45,0.20953,0.20953
2019-08-12 19:00:15,0.13043,0.13043
2019-08-12 19:00:45,2.1534,2.1534
2019-08-12 20:00:15,0.61625,0.61625
2019-08-12 20:00:45,0.54716,0.54716
2019-08-12 21:00:15,0.2165,0.2165
2019-08-12 21:00:45,0.45445,0.45445
2019-08-12 22:00:15,0.30642,0.30642
2019-08-12 22:00:45,0.16349,0.16349
2019-08-12 23:00:15,0.24279,0.24279
2019-08-12 23:00:45,0.10251,0.10251
2019-08-13 00:00:15,0.031245,0.031245
2019-08-13 00:00:45,-0.18091,-0.18091
2019-08-13 01:00:15,,0.0028632850000000027
2019-08-13 01:00:45,-0.02157,-0.02157
2019-08-13 02:00:15,,0.07127038499999999
2019-08-13 02:00:45,0.17491,0.17491
2019-08-13 03:00:15,-0.16134,-0.16134
2019-08-13 03:00:45,-0.19298,-0.19298
2019-08-13 04:00:15,0.037112,0.037112
2019-08-13 04:00:45,0.16098,0.16098
2019-08-13 05:00:15,,0.189623325
2019-08-13 05:00:45,-1.107,-1.107
2019-08-13 06:00:15,-0.51359,-0.51359
2019-08-13 06:00:45,-1.4077,-1.4077
2019-08-13 07:00:15,-0.89709,-0.89709
2019-08-13 07:00:45,0.23821,0.23821
2019-08-13 08:00:15,-0.97974,-0.97974
2019-08-13 08:00:45,,-0.02614053500000001
2019-08-13 09:00:15,2.1739,2.1739
2019-08-13 09:00:45,0.17656,0.17656
2019-08-13 10:00:15,-0.30427,-0.30427
2019-08-13 10:00:45,0.06697,0.06697
2019-08-13 11:00:15,0.50743,0.50743
2019-08-13 11:00:45,0.44234,0.44234
2019-08-13 12:00:15,0.64084,0.64084
2019-08-13 12:00:45,-0.95486,-0.95486
2019-08-13 13:00:15,0.46818,0.46818
2019-08-13 13:00:45,-1.4278,-1.4278
2019-08-13 14:00:15,0.32092,0.32092
2019-08-13 14:00:45,0.51427,0.51427
2019-08-13 15:00:15,,0.35975345
2019-08-13 15:00:45,1.0846,1.0846
2019-08-13 16:00:15,0.28553,0.28553
2019-08-13 16:00:45,0.45021,0.45021
2019-08-13 17:00:15,0.2053,0.2053
2019-08-13 17:00:45,0.18471,0.18471
2019-08-13 18:00:15,0.07044,0.07044
2019-08-13 18:00:45,0.17467,0.17467
2019-08-13 19:00:15,0.28617,0.28617
2019-08-13 19:00:45,0.29349,0.29349
2019-08-13 20:00:15,0.21612,0.21612
2019-08-13 20:00:45,0.39772,0.39772
2019-08-13 21:00:15,0.46396,0.46396
2019-08-13 21:00:45,0.38815,0.38815
2019-08-13 22:00:15,0.409,0.409
2019-08-13 22:00:45,0.42769,0.42769
2019-08-13 23:00:15,0.43479,0.43479
2019-08-13 23:00:45,0.38926,0.38926
2019-08-14 00:00:15,0.18133,0.18133
2019-08-14 00:00:45,0.4541,0.4541
2019-08-14 01:00:15,0.45332,0.45332
2019-08-14 01:00:45,0.54575,0.54575
2019-08-14 02:00:15,0.5041,0.5041
2019-08-14 02:00:45,0.56726,0.56726
2019-08-14 03:00:15,0.12335,0.12335
2019-08-14 03:00:45,0.31067,0.31067
2019-08-14 04:00:15,0.27601,0.27601
2019-08-14 04:00:45,0.28969,0.28969
2019-08-14 05:00:15,0.097061,0.097061
2019-08-14 05:00:45,0.025834,0.025834
2019-08-14 06:00:15,-0.063885,-0.063885
2019-08-14 06:00:45,-0.1572,-0.1572
2019-08-14 07:00:15,-0.82415,-0.82415
2019-08-14 07:00:45,-0.72447,-0.72447
2019-08-14 08:00:15,-1.0095,-1.0095
2019-08-14 08:00:45,-1.4104,-1.4104
2019-08-14 09:00:15,-1.5343,-1.5343
2019-08-14 09:00:45,-1.5011,-1.5011
2019-08-14 10:00:15,-1.7696,-1.7696
2019-08-14 10:00:45,-1.2574,-1.2574
2019-08-14 11:00:15,-0.73027,-0.73027
2019-08-14 11:00:45,-0.89381,-0.89381
2019-08-14 12:00:15,-0.62998,-0.62998
2019-08-14 12:00:45,-0.16768,-0.16768
2019-08-14 13:00:15,-0.18433,-0.18433
2019-08-14 13:00:45,-0.46802,-0.46802
2019-08-14 14:00:15,-0.22969,-0.22969
2019-08-14 14:00:45,1.4581,1.4581
2019-08-14 15:00:15,,0.5673124725
2019-08-14 15:00:45,,0.6742325324999998
2019-08-14 16:00:15,,0.6383176500000001
2019-08-14 16:00:45,,0.28369885250000004
2019-08-14 17:00:15,0.65896,0.65896
2019-08-14 17:00:45,0.10009,0.10009
2019-08-14 18:00:15,0.40596,0.40596
2019-08-14 18:00:45,0.11879,0.11879
2019-08-14 19:00:15,0.55027,0.55027
2019-08-14 19:00:45,0.34433,0.34433
2019-08-14 20:00:15,0.33927,0.33927
2019-08-14 20:00:45,0.18702,0.18702
2019-08-14 21:00:15,0.20431,0.20431
2019-08-14 21:00:45,0.11387,0.11387
2019-08-14 22:00:15,0.00299,0.00299
2019-08-14 22:00:45,0.33145,0.33145
2019-08-14 23:00:15,0.091543,0.091543
2019-08-14 23:00:45,0.054107,0.054107
2019-08-15 00:00:15,-0.12005,-0.12005
2019-08-15 00:00:45,0.069097,0.069097
2019-08-15 01:00:15,-0.1132,-0.1132
2019-08-15 01:00:45,-0.088443,-0.088443
2019-08-15 02:00:15,-0.042201,-0.042201
2019-08-15 02:00:45,-0.19253,-0.19253
2019-08-15 03:00:15,0.031159,0.031159
2019-08-15 03:00:45,0.074326,0.074326
2019-08-15 04:00:15,-0.06208,-0.06208
2019-08-15 04:00:45,-0.028518,-0.028518
2019-08-15 05:00:15,0.1083,0.1083
2019-08-15 05:00:45,0.044998,0.044998
2019-08-15 06:00:15,-0.35708,-0.35708
2019-08-15 06:00:45,-0.38015,-0.38015
2019-08-15 07:00:15,-0.16766,-0.16766
2019-08-15 07:00:45,,-1.7456169125000005
2019-08-15 08:00:15,-1.3831,-1.3831
2019-08-15 08:00:45,-1.3683,-1.3683
2019-08-15 09:00:15,-1.2188,-1.2188
2019-08-15 09:00:45,-0.081693,-0.081693
2019-08-15 10:00:15,-0.26621,-0.26621
2019-08-15 10:00:45,-0.65665,-0.65665
2019-08-15 11:00:15,-0.38901,-0.38901
2019-08-15 11:00:45,-0.44642,-0.44642
2019-08-15 12:00:15,-0.51701,-0.51701
2019-08-15 12:00:45,-1.1845,-1.1845
2019-08-15 13:00:15,-0.39479,-0.39479
2019-08-15 13:00:45,-0.63769,-0.63769
2019-08-15 14:00:15,-0.8771,-0.8771
2019-08-15 14:00:45,-0.71687,-0.71687
2019-08-15 15:00:15,-0.51814,-0.51814
2019-08-15 15:00:45,1.5974,1.5974
2019-08-15 16:00:15,0.94783,0.94783
2019-08-15 16:00:45,0.11002,0.11002
2019-08-15 17:00:15,-0.21418,-0.21418
2019-08-15 17:00:45,-0.091278,-0.091278
2019-08-15 18:00:15,0.1343,0.1343
2019-08-15 18:00:45,0.1889,0.1889
2019-08-15 19:00:15,0.098276,0.098276
2019-08-15 19:00:45,-0.09046,-0.09046
2019-08-15 20:00:15,0.097987,0.097987
2019-08-15 20:00:45,0.12345,0.12345
2019-08-15 21:00:15,-0.18012,-0.18012
2019-08-15 21:00:45,0.083527,0.083527
2019-08-15 22:00:15,0.017594,0.017594
2019-08-15 22:00:45,0.060097,0.060097
2019-08-15 23:00:15,0.15501,0.15501
2019-08-15 23:00:45,0.077267,0.077267
2019-08-16 00:00:15,-0.011955,-0.011955
2019-08-16 00:00:45,-0.11978,-0.11978
2019-08-16 01:00:15,-0.005249,-0.005249
2019-08-16 01:00:45,-0.11125,-0.11125
2019-08-16 02:00:15,-0.16631,-0.16631
2019-08-16 02:00:45,-0.062091,-0.062091
2019-08-16 03:00:15,-0.017456,-0.017456
2019-08-16 03:00:45,0.00726,0.00726
2019-08-16 04:00:15,0.07496,0.07496
2019-08-16 04:00:45,0.14093,0.14093
2019-08-16 05:00:15,0.0783,0.0783
2019-08-16 05:00:45,-0.050621,-0.050621
2019-08-16 06:00:15,-0.40524,-0.40524
2019-08-16 06:00:45,-0.66518,-0.66518
2019-08-16 07:00:15,-0.74905,-0.74905
2019-08-16 07:00:45,-0.75013,-0.75013
2019-08-16 08:00:15,-0.3101,-0.3101
2019-08-16 08:00:45,-0.40903,-0.40903
2019-08-16 09:00:15,-0.49857,-0.49857
2019-08-16 09:00:45,-0.96393,-0.96393
2019-08-16 10:00:15,-0.47272,-0.47272
2019-08-16 10:00:45,-0.6032,-0.6032
2019-08-16 11:00:15,,-0.80053109
2019-08-16 11:00:45,-0.74666,-0.74666
2019-08-16 12:00:15,0.40264,0.40264
2019-08-16 12:00:45,-0.037767,-0.037767
2019-08-16 13:00:15,1.0019,1.0019
2019-08-16 13:00:45,1.4265,1.4265
2019-08-16 14:00:15,0.15661,0.15661
2019-08-16 14:00:45,-0.003481,-0.003481
2019-08-16 15:00:15,-0.18319,-0.18319
2019-08-16 15:00:45,-0.71499,-0.71499
2019-08-16 16:00:15,-0.18222,-0.18222
2019-08-16 16:00:45,-0.21789,-0.21789
2019-08-16 17:00:15,-0.027858,-0.027858
2019-08-16 17:00:45,-0.11769,-0.11769
2019-08-16 18:00:15,0.29147,0.29147
2019-08-16 18:00:45,0.096463,0.096463
2019-08-16 19:00:15,0.10405,0.10405
2019-08-16 19:00:45,0.12066,0.12066
2019-08-16 20:00:15,0.065333,0.065333
2019-08-16 20:00:45,0.054099,0.054099
2019-08-16 21:00:15,0.10632,0.10632
2019-08-16 21:00:45,0.018807,0.018807
2019-08-16 22:00:15,0.044425,0.044425
2019-08-16 22:00:45,0.029717,0.029717
2019-08-16 23:00:15,0.14837,0.14837
2019-08-16 23:00:45,-0.00569,-0.00569
2019-08-17 00:00:15,-0.017415,-0.017415
2019-08-17 00:00:45,0.17003,0.17003
2019-08-17 01:00:15,0.032128,0.032128
2019-08-17 01:00:45,0.049318,0.049318
2019-08-17 02:00:15,,0.1595843675
2019-08-17 02:00:45,,-0.01968404749999999
2019-08-17 03:00:15,0.10872,0.10872
2019-08-17 03:00:45,,0.06631960499999998
2019-08-17 04:00:15,0.082019,0.082019
2019-08-17 04:00:45,-0.10829,-0.10829
2019-08-17 05:00:15,0.01625,0.01625
2019-08-17 05:00:45,0.016992,0.016992
2019-08-17 06:00:15,-0.37893,-0.37893
2019-08-17 06:00:45,-0.48644,-0.48644
2019-08-17 07:00:15,-0.19403,-0.19403
2019-08-17 07:00:45,-0.18182,-0.18182
2019-08-17 08:00:15,-0.27436,-0.27436
2019-08-17 08:00:45,0.12024,0.12024
2019-08-17 09:00:15,-0.24516,-0.24516
2019-08-17 09:00:45,-0.33089,-0.33089
2019-08-17 10:00:15,0.25707,0.25707
2019-08-17 10:00:45,0.056046,0.056046
2019-08-17 11:00:15,-0.016838,-0.016838
2019-08-17 11:00:45,0.59002,0.59002
2019-08-17 12:00:15,-0.045302,-0.045302
2019-08-17 12:00:45,0.41156,0.41156
2019-08-17 13:00:15,1.4372,1.4372
2019-08-17 13:00:45,-0.37413,-0.37413
2019-08-17 14:00:15,-0.1926,-0.1926
2019-08-17 14:00:45,-0.30302,-0.30302
2019-08-17 15:00:15,-0.4113,-0.4113
2019-08-17 15:00:45,-0.74236,-0.74236
2019-08-17 16:00:15,-0.48701,-0.48701
2019-08-17 16:00:45,,0.17652006500000003
2019-08-17 17:00:15,1.485,1.485
2019-08-17 17:00:45,-0.27592,-0.27592
2019-08-17 18:00:15,-0.19225,-0.19225
2019-08-17 18:00:45,-0.01207,-0.01207
2019-08-17 19:00:15,-0.010852,-0.010852
2019-08-17 19:00:45,-0.17119,-0.17119
2019-08-17 20:00:15,,0.2786959925
2019-08-17 20:00:45,0.20995,0.20995
2019-08-17 21:00:15,-0.033838,-0.033838
2019-08-17 21:00:45,0.033537,0.033537
2019-08-17 22:00:15,,0.017645345000000003
2019-08-17 22:00:45,-0.005881,-0.005881
2019-08-17 23:00:15,0.018187,0.018187
2019-08-17 23:00:45,0.019876,0.019876
2019-08-18 00:00:15,0.044141,0.044141
2019-08-18 00:00:45,0.10753,0.10753
2019-08-18 01:00:15,,-0.007138507500000002
2019-08-18 01:00:45,0.19363,0.19363
2019-08-18 02:00:15,-0.09648,-0.09648
2019-08-18 02:00:45,-0.1468,-0.1468
2019-08-18 03:00:15,0.000101,0.000101
2019-08-18 03:00:45,-0.03745,-0.03745
2019-08-18 04:00:15,-0.15239,-0.15239
2019-08-18 04:00:45,-0.11757,-0.11757
2019-08-18 05:00:15,,0.05673759749999999
2019-08-18 05:00:45,-0.12113,-0.12113
2019-08-18 06:00:15,-1.3208,-1.3208
2019-08-18 06:00:45,-1.1764,-1.1764
2019-08-18 07:00:15,-0.73682,-0.73682
2019-08-18 07:00:45,-1.225,-1.225
2019-08-18 08:00:15,-0.30755,-0.30755
2019-08-18 08:00:45,-0.48491,-0.48491
2019-08-18 09:00:15,-0.4279,-0.4279
2019-08-18 09:00:45,0.12816,0.12816
2019-08-18 10:00:15,0.23273,0.23273
2019-08-18 10:00:45,0.067812,0.067812
2019-08-18 11:00:15,-0.48689,-0.48689
2019-08-18 11:00:45,-1.288,-1.288
2019-08-18 12:00:15,-0.58254,-0.58254
2019-08-18 12:00:45,0.326,0.326
2019-08-18 13:00:15,0.66802,0.66802
2019-08-18 13:00:45,-0.21537,-0.21537
2019-08-18 14:00:15,0.28715,0.28715
2019-08-18 14:00:45,0.10152,0.10152
2019-08-18 15:00:15,0.53644,0.53644
2019-08-18 15:00:45,0.14631,0.14631
2019-08-18 16:00:15,-0.22121,-0.22121
2019-08-18 16:00:45,-0.11396,-0.11396
2019-08-18 17:00:15,-0.043925,-0.043925
2019-08-18 17:00:45,-0.072345,-0.072345
2019-08-18 18:00:15,-0.03171,-0.03171
2019-08-18 18:00:45,-0.052844,-0.052844
2019-08-18 19:00:15,-0.15271,-0.15271
2019-08-18 19:00:45,0.098272,0.098272
2019-08-18 20:00:15,-0.006962,-0.006962
2019-08-18 20:00:45,0.13439,0.13439
2019-08-18 21:00:15,-0.039858,-0.039858
2019-08-18 21:00:45,0.22811,0.22811
2019-08-18 22:00:15,0.48381,0.48381
2019-08-18 22:00:45,0.030579,0.030579
2019-08-18 23:00:15,0.25572,0.25572
2019-08-18 23:00:45,0.018815,0.018815
2019-08-19 00:00:15,-0.058572,-0.058572
2019-08-19 00:00:45,0.069871,0.069871
2019-08-19 01:00:15,-0.071782,-0.071782
2019-08-19 01:00:45,-0.016962,-0.016962
2019-08-19 02:00:15,0.020946,0.020946
2019-08-19 02:00:45,-0.012533,-0.012533
2019-08-19 03:00:15,,-0.0341208375
2019-08-19 03:00:45,-0.029935,-0.029935
2019-08-19 04:00:15,-0.039477,-0.039477
2019-08-19 04:00:45,,-0.038266957500000004
2019-08-19 05:00:15,,-0.019571985000000004
2019-08-19 05:00:45,-0.11081,-0.11081
2019-08-19 06:00:15,-0.38204,-0.38204
2019-08-19 06:00:45,-0.5724,-0.5724
2019-08-19 07:00:15,,-1.0346669949999998
2019-08-19 07:00:45,0.090599,0.090599
2019-08-19 08:00:15,0.16465,0.16465
2019-08-19 08:00:45,0.22044,0.22044
2019-08-19 09:00:15,0.73774,0.73774
2019-08-19 09:00:45,0.29187,0.29187
2019-08-19 10:00:15,-0.38293,-0.38293
2019-08-19 10:00:45,0.54253,0.54253
2019-08-19 11:00:15,-0.60165,-0.60165
2019-08-19 11:00:45,-1.6463,-1.6463
2019-08-19 12:00:15,0.41989,0.41989
2019-08-19 12:00:45,-0.31413,-0.31413
2019-08-19 13:00:15,-0.87156,-0.87156
2019-08-19 13:00:45,-0.8292,-0.8292
2019-08-19 14:00:15,-0.76865,-0.76865
2019-08-19 14:00:45,-1.0202,-1.0202
2019-08-19 15:00:15,-1.3668,-1.3668
2019-08-19 15:00:45,-1.2218,-1.2218
2019-08-19 16:00:15,-0.53473,-0.53473
2019-08-19 16:00:45,-0.84677,-0.84677
2019-08-19 17:00:15,-0.51759,-0.51759
2019-08-19 17:00:45,-0.40783,-0.40783
2019-08-19 18:00:15,-0.2955,-0.2955
2019-08-19 18:00:45,0.27456,0.27456
2019-08-19 19:00:15,0.44096,0.44096
2019-08-19 19:00:45,0.34523,0.34523
2019-08-19 20:00:15,0.44313,0.44313
2019-08-19 20:00:45,0.46477,0.46477
2019-08-19 21:00:15,0.36016,0.36016
2019-08-19 21:00:45,0.34841,0.34841
2019-08-19 22:00:15,0.51988,0.51988
2019-08-19 22:00:45,0.006067,0.006067
2019-08-19 23:00:15,0.08883,0.08883
2019-08-19 23:00:45,0.13235,0.13235
2019-08-20 00:00:15,0.030492,0.030492
2019-08-20 00:00:45,0.10881,0.10881
2019-08-20 01:00:15,0.39582,0.39582
2019-08-20 01:00:45,0.24423,0.24423
2019-08-20 02:00:15,0.11594,0.11594
2019-08-20 02:00:45,0.02044,0.02044
2019-08-20 03:00:15,0.076388,0.076388
2019-08-20 03:00:45,0.13222,0.13222
2019-08-20 04:00:15,0.024797,0.024797
2019-08-20 04:00:45,0.03921,0.03921
2019-08-20 05:00:15,-0.1094,-0.1094
2019-08-20 05:00:45,-0.022093,-0.022093
2019-08-20 06:00:15,-0.32479,-0.32479
2019-08-20 06:00:45,-0.059665,-0.059665
2019-08-20 07:00:15,-0.20365,-0.20365
2019-08-20 07:00:45,-0.36245,-0.36245
2019-08-20 08:00:15,1.2368,1.2368
2019-08-20 08:00:45,,-0.287774835
2019-08-20 09:00:15,-0.51292,-0.51292
2019-08-20 09:00:45,-1.5965,-1.5965
2019-08-20 10:00:15,-1.174,-1.174
2019-08-20 10:00:45,-0.95555,-0.95555
2019-08-20 11:00:15,-0.91578,-0.91578
2019-08-20 11:00:45,-0.75775,-0.75775
2019-08-20 12:00:15,-0.55261,-0.55261
2019-08-20 12:00:45,-0.91796,-0.91796
2019-08-20 13:00:15,-0.52022,-0.52022
2019-08-20 13:00:45,-1.0156,-1.0156
2019-08-20 14:00:15,-0.739,-0.739
2019-08-20 14:00:45,-1.0535,-1.0535
2019-08-20 15:00:15,-1.1095,-1.1095
2019-08-20 15:00:45,-0.12781,-0.12781
2019-08-20 16:00:15,-0.64943,-0.64943
2019-08-20 16:00:45,-0.52509,-0.52509
2019-08-20 17:00:15,-0.59375,-0.59375
2019-08-20 17:00:45,-0.24118,-0.24118
2019-08-20 18:00:15,-0.070013,-0.070013
2019-08-20 18:00:45,0.40874,0.40874
2019-08-20 19:00:15,0.33062,0.33062
2019-08-20 19:00:45,0.38277,0.38277
2019-08-20 20:00:15,0.2201,0.2201
2019-08-20 20:00:45,0.17562,0.17562
2019-08-20 21:00:15,0.077511,0.077511
2019-08-20 21:00:45,0.18179,0.18179
2019-08-20 22:00:15,0.14561,0.14561
2019-08-20 22:00:45,0.44403,0.44403
2019-08-20 23:00:15,-0.048831,-0.048831
2019-08-20 23:00:45,-0.003289,-0.003289
2019-08-21 00:00:15,0.054527,0.054527
2019-08-21 00:00:45,0.02009,0.02009
2019-08-21 01:00:15,0.1719,0.1719
2019-08-21 01:00:45,0.073907,0.073907
2019-08-21 02:00:15,0.16646,0.16646
2019-08-21 02:00:45,0.12474,0.12474
2019-08-21 03:00:15,0.17968,0.17968
2019-08-21 03:00:45,0.043572,0.043572
2019-08-21 04:00:15,0.036452,0.036452
2019-08-21 04:00:45,-0.007532,-0.007532
2019-08-21 05:00:15,-0.002757,-0.002757
2019-08-21 05:00:45,0.28188,0.28188
2019-08-21 06:00:15,-0.68016,-0.68016
2019-08-21 06:00:45,-0.91826,-0.91826
2019-08-21 07:00:15,-0.75981,-0.75981
2019-08-21 07:00:45,-0.3862,-0.3862
2019-08-21 08:00:15,-0.9205,-0.9205
2019-08-21 08:00:45,-0.85891,-0.85891
2019-08-21 09:00:15,-0.89368,-0.89368
2019-08-21 09:00:45,-0.9582,-0.9582
2019-08-21 10:00:15,-0.69547,-0.69547
2019-08-21 10:00:45,-1.0014,-1.0014
2019-08-21 11:00:15,-1.1932,-1.1932
2019-08-21 11:00:45,-0.74636,-0.74636
2019-08-21 12:00:15,-0.70329,-0.70329
2019-08-21 12:00:45,-0.39528,-0.39528
2019-08-21 13:00:15,-0.3077,-0.3077
2019-08-21 13:00:45,-0.35999,-0.35999
2019-08-21 14:00:15,-0.45712,-0.45712
2019-08-21 14:00:45,-0.37118,-0.37118
2019-08-21 15:00:15,-0.39714,-0.39714
2019-08-21 15:00:45,-0.43522,-0.43522
2019-08-21 16:00:15,-0.60051,-0.60051
2019-08-21 16:00:45,-0.6071,-0.6071
2019-08-21 17:00:15,-0.61723,-0.61723
2019-08-21 17:00:45,-0.2651,-0.2651
2019-08-21 18:00:15,,0.33030559
2019-08-21 18:00:45,,0.3369217749999999
2019-08-21 19:00:15,0.35958,0.35958
2019-08-21 19:00:45,0.1731,0.1731
2019-08-21 20:00:15,0.12129,0.12129
2019-08-21 20:00:45,0.16601,0.16601
2019-08-21 21:00:15,0.27256,0.27256
2019-08-21 21:00:45,0.15305,0.15305
2019-08-21 22:00:15,,0.259949895
2019-08-21 22:00:45,0.16024,0.16024
2019-08-21 23:00:15,0.079692,0.079692
2019-08-21 23:00:45,0.055881,0.055881
2019-08-22 00:00:15,-0.15885,-0.15885
2019-08-22 00:00:45,-0.029566,-0.029566
2019-08-22 01:00:15,0.002346,0.002346
2019-08-22 01:00:45,-0.049159,-0.049159
2019-08-22 02:00:15,-0.021734,-0.021734
2019-08-22 02:00:45,0.065669,0.065669
2019-08-22 03:00:15,0.048711,0.048711
2019-08-22 03:00:45,,0.12388104249999997
2019-08-22 04:00:15,-0.012625,-0.012625
2019-08-22 04:00:45,,0.2744132600000001
2019-08-22 05:00:15,0.022659,0.022659
2019-08-22 05:00:45,-0.09221,-0.09221
2019-08-22 06:00:15,-0.31234,-0.31234
2019-08-22 06:00:45,-0.69262,-0.69262
2019-08-22 07:00:15,-0.47672,-0.47672
2019-08-22 07:00:45,-0.80892,-0.80892
2019-08-22 08:00:15,-0.66023,-0.66023
2019-08-22 08:00:45,-0.39804,-0.39804
2019-08-22 09:00:15,-0.35812,-0.35812
2019-08-22 09:00:45,-1.6492,-1.6492
2019-08-22 10:00:15,-1.5367,-1.5367
2019-08-22 10:00:45,-1.4579,-1.4579
2019-08-22 11:00:15,-0.9751,-0.9751
2019-08-22 11:00:45,-1.0592,-1.0592
2019-08-22 12:00:15,-0.91128,-0.91128
2019-08-22 12:00:45,-1.4767,-1.4767
2019-08-22 13:00:15,-0.99627,-0.99627
2019-08-22 13:00:45,-0.75881,-0.75881
2019-08-22 14:00:15,-0.40522,-0.40522
2019-08-22 14:00:45,-0.55739,-0.55739
2019-08-22 15:00:15,-1.3816,-1.3816
2019-08-22 15:00:45,-0.1092,-0.1092
2019-08-22 16:00:15,-0.70391,-0.70391
2019-08-22 16:00:45,-0.42034,-0.42034
2019-08-22 17:00:15,,-0.4945922375
2019-08-22 17:00:45,-0.031604,-0.031604
2019-08-22 18:00:15,-0.14307,-0.14307
2019-08-22 18:00:45,0.10293,0.10293
2019-08-22 19:00:15,0.14788,0.14788
2019-08-22 19:00:45,0.16677,0.16677
2019-08-22 20:00:15,0.20087,0.20087
2019-08-22 20:00:45,0.33585,0.33585
2019-08-22 21:00:15,0.15403,0.15403
2019-08-22 21:00:45,0.22554,0.22554
2019-08-22 22:00:15,0.096218,0.096218
2019-08-22 22:00:45,0.14236,0.14236
2019-08-22 23:00:15,0.062514,0.062514
2019-08-22 23:00:45,-0.10769,-0.10769
2019-08-23 00:00:15,0.083237,0.083237
2019-08-23 00:00:45,0.13763,0.13763
2019-08-23 01:00:15,0.15787,0.15787
2019-08-23 01:00:45,0.11496,0.11496
2019-08-23 02:00:15,0.18171,0.18171
2019-08-23 02:00:45,,0.29807408499999993
2019-08-23 03:00:15,0.064622,0.064622
2019-08-23 03:00:45,0.18645,0.18645
2019-08-23 04:00:15,0.10874,0.10874
2019-08-23 04:00:45,0.074741,0.074741
2019-08-23 05:00:15,-0.081438,-0.081438
2019-08-23 05:00:45,-0.037832,-0.037832
2019-08-23 06:00:15,-0.36229,-0.36229
2019-08-23 06:00:45,-0.39586,-0.39586
2019-08-23 07:00:15,-0.37346,-0.37346
2019-08-23 07:00:45,-0.90234,-0.90234
2019-08-23 08:00:15,-0.59727,-0.59727
2019-08-23 08:00:45,-0.40956,-0.40956
2019-08-23 09:00:15,-0.023434,-0.023434
2019-08-23 09:00:45,0.060953,0.060953
2019-08-23 10:00:15,0.083568,0.083568
2019-08-23 10:00:45,0.2309,0.2309
2019-08-23 11:00:15,0.085628,0.085628
2019-08-23 11:00:45,-0.087936,-0.087936
2019-08-23 12:00:15,0.13034,0.13034
2019-08-23 12:00:45,0.045004,0.045004
2019-08-23 13:00:15,0.39663,0.39663
2019-08-23 13:00:45,0.13379,0.13379
2019-08-23 14:00:15,-0.086283,-0.086283
2019-08-23 14:00:45,0.093702,0.093702
2019-08-23 15:00:15,0.0001,0.0001
2019-08-23 15:00:45,-0.30628,-0.30628
2019-08-23 16:00:15,-0.48276,-0.48276
2019-08-23 16:00:45,0.12569,0.12569
2019-08-23 17:00:15,,0.3118351775
2019-08-23 17:00:45,,0.13833214
2019-08-23 18:00:15,1.1676,1.1676
2019-08-23 18:00:45,1.5607,1.5607
2019-08-23 19:00:15,1.5326,1.5326
2019-08-23 19:00:45,0.98862,0.98862
2019-08-23 20:00:15,0.87351,0.87351
2019-08-23 20:00:45,0.43729,0.43729
2019-08-23 21:00:15,-0.012647,-0.012647
2019-08-23 21:00:45,0.6181,0.6181
2019-08-23 22:00:15,0.10475,0.10475
2019-08-23 22:00:45,,0.2530825375
2019-08-23 23:00:15,0.3507,0.3507
2019-08-23 23:00:45,0.68511,0.68511
2019-08-24 00:00:15,0.72234,0.72234
2019-08-24 00:00:45,0.81948,0.81948
2019-08-24 01:00:15,0.6271,0.6271
2019-08-24 01:00:45,0.45811,0.45811
2019-08-24 02:00:15,0.45596,0.45596
2019-08-24 02:00:45,0.39055,0.39055
2019-08-24 03:00:15,0.33946,0.33946
2019-08-24 03:00:45,0.23036,0.23036
2019-08-24 04:00:15,0.18264,0.18264
2019-08-24 04:00:45,0.28021,0.28021
2019-08-24 05:00:15,0.13739,0.13739
2019-08-24 05:00:45,0.23705,0.23705
2019-08-24 06:00:15,0.10344,0.10344
2019-08-24 06:00:45,-0.27164,-0.27164
2019-08-24 07:00:15,-0.15184,-0.15184
2019-08-24 07:00:45,-0.016162,-0.016162
2019-08-24 08:00:15,0.13133,0.13133
2019-08-24 08:00:45,0.20975,0.20975
2019-08-24 09:00:15,0.4745,0.4745
2019-08-24 09:00:45,0.4483,0.4483
2019-08-24 10:00:15,0.24229,0.24229
2019-08-24 10:00:45,0.15331,0.15331
2019-08-24 11:00:15,1.4522,1.4522
2019-08-24 11:00:45,-0.18401,-0.18401
2019-08-24 12:00:15,0.19895,0.19895
2019-08-24 12:00:45,-0.19694,-0.19694
2019-08-24 13:00:15,0.23106,0.23106
2019-08-24 13:00:45,-0.021568,-0.021568
2019-08-24 14:00:15,0.60972,0.60972
2019-08-24 14:00:45,-0.21087,-0.21087
2019-08-24 15:00:15,-0.007836,-0.007836
2019-08-24 15:00:45,-0.16794,-0.16794
2019-08-24 16:00:15,-0.32181,-0.32181
2019-08-24 16:00:45,-0.1032,-0.1032
2019-08-24 17:00:15,-0.00603,-0.00603
2019-08-24 17:00:45,-0.07688,-0.07688
2019-08-24 18:00:15,-0.092348,-0.092348
2019-08-24 18:00:45,-0.063354,-0.063354
2019-08-24 19:00:15,0.046198,0.046198
2019-08-24 19:00:45,0.15083,0.15083
2019-08-24 20:00:15,0.090963,0.090963
2019-08-24 20:00:45,0.007347,0.007347
2019-08-24 21:00:15,0.11863,0.11863
2019-08-24 21:00:45,0.11986,0.11986
2019-08-24 22:00:15,0.046483,0.046483
2019-08-24 22:00:45,-0.13299,-0.13299
2019-08-24 23:00:15,-0.006538,-0.006538
2019-08-24 23:00:45,-0.096964,-0.096964
2019-08-25 00:00:15,0.10156,0.10156
2019-08-25 00:00:45,0.044195,0.044195
2019-08-25 01:00:15,0.049823,0.049823
2019-08-25 01:00:45,-0.040407,-0.040407
2019-08-25 02:00:15,-0.007561,-0.007561
2019-08-25 02:00:45,-0.16603,-0.16603
2019-08-25 03:00:15,-0.015113,-0.015113
2019-08-25 03:00:45,-0.067513,-0.067513
2019-08-25 04:00:15,0.066452,0.066452
2019-08-25 04:00:45,0.082055,0.082055
2019-08-25 05:00:15,0.083328,0.083328
2019-08-25 05:00:45,-0.015507,-0.015507
2019-08-25 06:00:15,-0.2477,-0.2477
2019-08-25 06:00:45,-0.65455,-0.65455
2019-08-25 07:00:15,-0.47012,-0.47012
2019-08-25 07:00:45,-0.18192,-0.18192
2019-08-25 08:00:15,-0.13277,-0.13277
2019-08-25 08:00:45,0.23434,0.23434
2019-08-25 09:00:15,0.16795,0.16795
2019-08-25 09:00:45,0.033722,0.033722
2019-08-25 10:00:15,-0.060841,-0.060841
2019-08-25 10:00:45,-0.38464,-0.38464
2019-08-25 11:00:15,0.053229,0.053229
2019-08-25 11:00:45,-0.23587,-0.23587
2019-08-25 12:00:15,-0.46135,-0.46135
2019-08-25 12:00:45,0.04876,0.04876
2019-08-25 13:00:15,-0.2107,-0.2107
2019-08-25 13:00:45,-0.45199,-0.45199
2019-08-25 14:00:15,-0.29004,-0.29004
2019-08-25 14:00:45,-0.43332,-0.43332
2019-08-25 15:00:15,-0.45734,-0.45734
2019-08-25 15:00:45,-0.293,-0.293
2019-08-25 16:00:15,-0.091701,-0.091701
2019-08-25 16:00:45,-0.38353,-0.38353
2019-08-25 17:00:15,-0.069929,-0.069929
2019-08-25 17:00:45,-0.32137,-0.32137
2019-08-25 18:00:15,-0.066661,-0.066661
2019-08-25 18:00:45,-0.061273,-0.061273
2019-08-25 19:00:15,0.009969,0.009969
2019-08-25 19:00:45,0.16061,0.16061
2019-08-25 20:00:15,0.059953,0.059953
2019-08-25 20:00:45,-0.10455,-0.10455
2019-08-25 21:00:15,-0.034644,-0.034644
2019-08-25 21:00:45,0.045272,0.045272
2019-08-25 22:00:15,-0.0147,-0.0147
2019-08-25 22:00:45,-0.012435,-0.012435
2019-08-25 23:00:15,-0.027969,-0.027969
2019-08-25 23:00:45,-0.021644,-0.021644
2019-08-26 00:00:15,0.015578,0.015578
2019-08-26 00:00:45,0.005505,0.005505
2019-08-26 01:00:15,-0.051148,-0.051148
2019-08-26 01:00:45,0.035126,0.035126
2019-08-26 02:00:15,-0.065425,-0.065425
2019-08-26 02:00:45,-0.17529,-0.17529
2019-08-26 03:00:15,-0.023982,-0.023982
2019-08-26 03:00:45,-0.074338,-0.074338
2019-08-26 04:00:15,-0.029363,-0.029363
2019-08-26 04:00:45,-0.029031,-0.029031
2019-08-26 05:00:15,0.005345,0.005345
2019-08-26 05:00:45,-0.090775,-0.090775
2019-08-26 06:00:15,-0.18195,-0.18195
2019-08-26 06:00:45,-0.41214,-0.41214
2019-08-26 07:00:15,-0.5968,-0.5968
2019-08-26 07:00:45,-0.75041,-0.75041
2019-08-26 08:00:15,-1.0474,-1.0474
2019-08-26 08:00:45,-0.17325,-0.17325
2019-08-26 09:00:15,-0.16502,-0.16502
2019-08-26 09:00:45,0.20095,0.20095
2019-08-26 10:00:15,-0.28161,-0.28161
2019-08-26 10:00:45,0.029925,0.029925
2019-08-26 11:00:15,-0.069995,-0.069995
2019-08-26 11:00:45,-0.088094,-0.088094
2019-08-26 12:00:15,-0.1442,-0.1442
2019-08-26 12:00:45,-0.28513,-0.28513
2019-08-26 13:00:15,-0.040094,-0.040094
2019-08-26 13:00:45,0.40908,0.40908
2019-08-26 14:00:15,-0.54478,-0.54478
2019-08-26 14:00:45,-0.2025,-0.2025
2019-08-26 15:00:15,-0.87794,-0.87794
2019-08-26 15:00:45,-0.3382,-0.3382
2019-08-26 16:00:15,-0.29119,-0.29119
2019-08-26 16:00:45,-0.027005,-0.027005
2019-08-26 17:00:15,0.03963,0.03963
2019-08-26 17:00:45,-0.11508,-0.11508
2019-08-26 18:00:15,-0.084452,-0.084452
2019-08-26 18:00:45,-0.10359,-0.10359
2019-08-26 19:00:15,-0.029184,-0.029184
2019-08-26 19:00:45,-0.019948,-0.019948
2019-08-26 20:00:15,0.39137,0.39137
2019-08-26 20:00:45,0.008012,0.008012
2019-08-26 21:00:15,0.12667,0.12667
2019-08-26 21:00:45,-0.013199,-0.013199
2019-08-26 22:00:15,0.036416,0.036416
2019-08-26 22:00:45,0.03685,0.03685
2019-08-26 23:00:15,,0.1288871425
2019-08-26 23:00:45,,0.1658487875
2019-08-27 00:00:15,,0.3352420100000001
2019-08-27 00:00:45,0.63102,0.63102
2019-08-27 01:00:15,0.61333,0.61333
2019-08-27 01:00:45,0.75821,0.75821
2019-08-27 02:00:15,0.73231,0.73231
2019-08-27 02:00:45,0.45344,0.45344
2019-08-27 03:00:15,0.46904,0.46904
2019-08-27 03:00:45,0.60812,0.60812
2019-08-27 04:00:15,0.73461,0.73461
2019-08-27 04:00:45,0.32498,0.32498
2019-08-27 05:00:15,0.089093,0.089093
2019-08-27 05:00:45,0.023715,0.023715
2019-08-27 06:00:15,-0.20906,-0.20906
2019-08-27 06:00:45,-0.72783,-0.72783
2019-08-27 07:00:15,-0.40632,-0.40632
2019-08-27 07:00:45,0.42085,0.42085
2019-08-27 08:00:15,-0.016296,-0.016296
2019-08-27 08:00:45,-0.38561,-0.38561
2019-08-27 09:00:15,0.55407,0.55407
2019-08-27 09:00:45,-0.37316,-0.37316
2019-08-27 10:00:15,-0.4445,-0.4445
2019-08-27 10:00:45,0.13389,0.13389
2019-08-27 11:00:15,-0.75929,-0.75929
2019-08-27 11:00:45,-0.97349,-0.97349
2019-08-27 12:00:15,-0.78523,-0.78523
2019-08-27 12:00:45,-0.59788,-0.59788
2019-08-27 13:00:15,-1.1478,-1.1478
2019-08-27 13:00:45,-0.60292,-0.60292
2019-08-27 14:00:15,-1.0214,-1.0214
2019-08-27 14:00:45,-0.81335,-0.81335
2019-08-27 15:00:15,-0.83772,-0.83772
2019-08-27 15:00:45,-0.70832,-0.70832
2019-08-27 16:00:15,-0.95099,-0.95099
2019-08-27 16:00:45,-0.60983,-0.60983
2019-08-27 17:00:15,-0.42079,-0.42079
2019-08-27 17:00:45,,0.14612478000000004
2019-08-27 18:00:15,,0.10451332499999999
2019-08-27 18:00:45,1.373,1.373
2019-08-27 19:00:15,1.0015,1.0015
2019-08-27 19:00:45,0.88387,0.88387
2019-08-27 20:00:15,0.76638,0.76638
2019-08-27 20:00:45,0.62479,0.62479
2019-08-27 21:00:15,0.6562,0.6562
2019-08-27 21:00:45,0.59294,0.59294
2019-08-27 22:00:15,0.48177,0.48177
2019-08-27 22:00:45,0.66426,0.66426
2019-08-27 23:00:15,0.95164,0.95164
2019-08-27 23:00:45,0.65673,0.65673
2019-08-28 00:00:15,0.26429,0.26429
2019-08-28 00:00:45,,0.5712496425000001
2019-08-28 01:00:15,,0.66318001
2019-08-28 01:00:45,0.32474,0.32474
2019-08-28 02:00:15,0.39043,0.39043
2019-08-28 02:00:45,0.30257,0.30257
2019-08-28 03:00:15,0.47404,0.47404
2019-08-28 03:00:45,0.33115,0.33115
2019-08-28 04:00:15,0.19154,0.19154
2019-08-28 04:00:45,0.005378,0.005378
2019-08-28 05:00:15,0.080072,0.080072
2019-08-28 05:00:45,-0.005913,-0.005913
2019-08-28 06:00:15,-0.16066,-0.16066
2019-08-28 06:00:45,-0.67209,-0.67209
2019-08-28 07:00:15,-0.70814,-0.70814
2019-08-28 07:00:45,-0.89682,-0.89682
2019-08-28 08:00:15,-1.1196,-1.1196
2019-08-28 08:00:45,-0.78172,-0.78172
2019-08-28 09:00:15,-0.92887,-0.92887
2019-08-28 09:00:45,-0.94559,-0.94559
2019-08-28 10:00:15,-0.9503,-0.9503
2019-08-28 10:00:45,-0.87472,-0.87472
2019-08-28 11:00:15,-0.50879,-0.50879
2019-08-28 11:00:45,-0.55373,-0.55373
2019-08-28 12:00:15,-1.0809,-1.0809
2019-08-28 12:00:45,-0.60231,-0.60231
2019-08-28 13:00:15,-0.98987,-0.98987
2019-08-28 13:00:45,-0.5995,-0.5995
2019-08-28 14:00:15,0.24503,0.24503
2019-08-28 14:00:45,0.20303,0.20303
2019-08-28 15:00:15,-0.83406,-0.83406
2019-08-28 15:00:45,-0.46275,-0.46275
2019-08-28 16:00:15,-0.59271,-0.59271
2019-08-28 16:00:45,-0.51103,-0.51103
2019-08-28 17:00:15,-0.33533,-0.33533
2019-08-28 17:00:45,-0.057937,-0.057937
2019-08-28 18:00:15,-0.097637,-0.097637
2019-08-28 18:00:45,-0.0495,-0.0495
2019-08-28 19:00:15,-0.021548,-0.021548
2019-08-28 19:00:45,-0.028078,-0.028078
2019-08-28 20:00:15,-0.078214,-0.078214
2019-08-28 20:00:45,-0.020359,-0.020359
2019-08-28 21:00:15,-0.065961,-0.065961
2019-08-28 21:00:45,,0.029114307500000006
2019-08-28 22:00:15,0.039626,0.039626
2019-08-28 22:00:45,-0.004506,-0.004506
2019-08-28 23:00:15,0.019316,0.019316
2019-08-28 23:00:45,-0.076565,-0.076565
2019-08-29 00:00:15,-0.085841,-0.085841
2019-08-29 00:00:45,0.023328,0.023328
2019-08-29 01:00:15,0.034287,0.034287
2019-08-29 01:00:45,-0.045096,-0.045096
2019-08-29 02:00:15,-0.020346,-0.020346
2019-08-29 02:00:45,-0.036696,-0.036696
2019-08-29 03:00:15,-0.066441,-0.066441
2019-08-29 03:00:45,-0.036257,-0.036257
2019-08-29 04:00:15,-0.036524,-0.036524
2019-08-29 04:00:45,-0.039394,-0.039394
2019-08-29 05:00:15,0.00448,0.00448
2019-08-29 05:00:45,-0.11365,-0.11365
2019-08-29 06:00:15,-0.25445,-0.25445
2019-08-29 06:00:45,-0.46987,-0.46987
2019-08-29 07:00:15,-0.76113,-0.76113
2019-08-29 07:00:45,-0.64232,-0.64232
2019-08-29 08:00:15,-0.62371,-0.62371
2019-08-29 08:00:45,-0.74548,-0.74548
2019-08-29 09:00:15,-0.57286,-0.57286
2019-08-29 09:00:45,-0.5795,-0.5795
2019-08-29 10:00:15,-0.95088,-0.95088
2019-08-29 10:00:45,-1.451,-1.451
2019-08-29 11:00:15,-1.2575,-1.2575
2019-08-29 11:00:45,-0.81991,-0.81991
2019-08-29 12:00:15,-0.41231,-0.41231
2019-08-29 12:00:45,-0.17698,-0.17698
2019-08-29 13:00:15,-0.21127,-0.21127
2019-08-29 13:00:45,0.11616,0.11616
2019-08-29 14:00:15,0.044742,0.044742
2019-08-29 14:00:45,0.16882,0.16882
2019-08-29 15:00:15,0.50622,0.50622
2019-08-29 15:00:45,-0.6068,-0.6068
2019-08-29 16:00:15,-0.46483,-0.46483
2019-08-29 16:00:45,-0.33123,-0.33123
2019-08-29 17:00:15,-0.3167,-0.3167
2019-08-29 17:00:45,-0.29116,-0.29116
2019-08-29 18:00:15,-0.13389,-0.13389
2019-08-29 18:00:45,,0.05212232750000001
2019-08-29 19:00:15,0.14659,0.14659
2019-08-29 19:00:45,0.075064,0.075064
2019-08-29 20:00:15,0.060798,0.060798
2019-08-29 20:00:45,0.056197,0.056197
2019-08-29 21:00:15,0.080698,0.080698
2019-08-29 21:00:45,-0.014845,-0.014845
2019-08-29 22:00:15,0.002508,0.002508
2019-08-29 22:00:45,-0.058838,-0.058838
2019-08-29 23:00:15,0.0198,0.0198
2019-08-29 23:00:45,0.23174,0.23174
2019-08-30 00:00:15,0.006395,0.006395
2019-08-30 00:00:45,-0.00978,-0.00978
2019-08-30 01:00:15,-0.026285,-0.026285
2019-08-30 01:00:45,0.003234,0.003234
2019-08-30 02:00:15,0.036226,0.036226
2019-08-30 02:00:45,0.034571,0.034571
2019-08-30 03:00:15,0.19979,0.19979
2019-08-30 03:00:45,0.1228,0.1228
2019-08-30 04:00:15,0.19357,0.19357
2019-08-30 04:00:45,0.083753,0.083753
2019-08-30 05:00:15,0.18094,0.18094
2019-08-30 05:00:45,0.000257,0.000257
2019-08-30 06:00:15,-0.19757,-0.19757
2019-08-30 06:00:45,-0.41442,-0.41442
2019-08-30 07:00:15,-0.5385,-0.5385
2019-08-30 07:00:45,-0.96536,-0.96536
2019-08-30 08:00:15,-0.65084,-0.65084
2019-08-30 08:00:45,-0.80384,-0.80384
2019-08-30 09:00:15,-0.31721,-0.31721
2019-08-30 09:00:45,-0.38146,-0.38146
2019-08-30 10:00:15,-0.24845,-0.24845
2019-08-30 10:00:45,0.17903,0.17903
2019-08-30 11:00:15,-0.49188,-0.49188
2019-08-30 11:00:45,0.08932,0.08932
2019-08-30 12:00:15,0.29482,0.29482
2019-08-30 12:00:45,-0.24308,-0.24308
2019-08-30 13:00:15,-0.26619,-0.26619
2019-08-30 13:00:45,-0.017547,-0.017547
2019-08-30 14:00:15,-0.10192,-0.10192
2019-08-30 14:00:45,0.034837,0.034837
2019-08-30 15:00:15,-0.29076,-0.29076
2019-08-30 15:00:45,0.00452,0.00452
2019-08-30 16:00:15,-0.32163,-0.32163
2019-08-30 16:00:45,-0.88188,-0.88188
2019-08-30 17:00:15,-0.1496,-0.1496
2019-08-30 17:00:45,-0.56984,-0.56984
2019-08-30 18:00:15,0.05199,0.05199
2019-08-30 18:00:45,0.047075,0.047075
2019-08-30 19:00:15,0.14625,0.14625
2019-08-30 19:00:45,0.54354,0.54354
2019-08-30 20:00:15,,0.2640305425
2019-08-30 20:00:45,0.106,0.106
2019-08-30 21:00:15,0.51145,0.51145
2019-08-30 21:00:45,0.20649,0.20649
2019-08-30 22:00:15,0.012277,0.012277
2019-08-30 22:00:45,0.029002,0.029002
2019-08-30 23:00:15,0.10546,0.10546
2019-08-30 23:00:45,0.23018,0.23018
2019-08-31 00:00:15,0.14946,0.14946
2019-08-31 00:00:45,0.20478,0.20478
2019-08-31 01:00:15,0.1529,0.1529
2019-08-31 01:00:45,0.24382,0.24382
2019-08-31 02:00:15,0.12753,0.12753
2019-08-31 02:00:45,0.21363,0.21363
2019-08-31 03:00:15,0.12835,0.12835
2019-08-31 03:00:45,0.12374,0.12374
2019-08-31 04:00:15,0.19026,0.19026
2019-08-31 04:00:45,0.010172,0.010172
2019-08-31 05:00:15,0.11703,0.11703
2019-08-31 05:00:45,-0.05436,-0.05436
2019-08-31 06:00:15,-0.93352,-0.93352
2019-08-31 06:00:45,-0.69985,-0.69985
2019-08-31 07:00:15,-0.528,-0.528
2019-08-31 07:00:45,-0.80279,-0.80279
2019-08-31 08:00:15,-0.47431,-0.47431
2019-08-31 08:00:45,-0.55247,-0.55247
2019-08-31 09:00:15,-0.7755,-0.7755
2019-08-31 09:00:45,-0.85821,-0.85821
2019-08-31 10:00:15,-1.037,-1.037
2019-08-31 10:00:45,-0.98441,-0.98441
2019-08-31 11:00:15,-0.68526,-0.68526
2019-08-31 11:00:45,-0.90828,-0.90828
2019-08-31 12:00:15,-0.99828,-0.99828
2019-08-31 12:00:45,-0.87088,-0.87088
2019-08-31 13:00:15,-1.3904,-1.3904
2019-08-31 13:00:45,-1.066,-1.066
2019-08-31 14:00:15,-1.242,-1.242
2019-08-31 14:00:45,-0.91428,-0.91428
2019-08-31 15:00:15,-0.98204,-0.98204
2019-08-31 15:00:45,-1.0533,-1.0533
2019-08-31 16:00:15,-0.61345,-0.61345
2019-08-31 16:00:45,-0.52015,-0.52015
2019-08-31 17:00:15,-0.76284,-0.76284
2019-08-31 17:00:45,-0.65957,-0.65957
2019-08-31 18:00:15,-0.28915,-0.28915
2019-08-31 18:00:45,-0.004131,-0.004131
2019-08-31 19:00:15,0.293,0.293
2019-08-31 19:00:45,0.011214,0.011214
2019-08-31 20:00:15,0.17067,0.17067
2019-08-31 20:00:45,0.17923,0.17923
2019-08-31 21:00:15,0.051184,0.051184
2019-08-31 21:00:45,0.30598,0.30598
2019-08-31 22:00:15,0.35165,0.35165
2019-08-31 22:00:45,0.11106,0.11106
2019-08-31 23:00:15,0.29257,0.29257
2019-08-31 23:00:45,0.28073,0.28073
2019-09-01 00:00:15,0.11489,0.11489
2019-09-01 00:00:45,0.006407,0.006407
2019-09-01 01:00:15,0.34548,0.34548
2019-09-01 01:00:45,-0.1487,-0.1487
2019-09-01 02:00:15,0.13542,0.13542
2019-09-01 02:00:45,-0.021173,-0.021173
2019-09-01 03:00:15,0.2631,0.2631
2019-09-01 03:00:45,0.24545,0.24545
2019-09-01 04:00:15,0.26081,0.26081
2019-09-01 04:00:45,-0.19045,-0.19045
2019-09-01 05:00:15,,0.47313633499999996
2019-09-01 05:00:45,0.87198,0.87198
2019-09-01 06:00:15,-0.34631,-0.34631
2019-09-01 06:00:45,-0.62026,-0.62026
2019-09-01 07:00:15,-0.010457,-0.010457
2019-09-01 07:00:45,-0.40541,-0.40541
2019-09-01 08:00:15,-0.41768,-0.41768
2019-09-01 08:00:45,-0.41825,-0.41825
2019-09-01 09:00:15,-0.277,-0.277
2019-09-01 09:00:45,-0.40869,-0.40869
2019-09-01 10:00:15,-0.94445,-0.94445
2019-09-01 10:00:45,-0.67219,-0.67219
2019-09-01 11:00:15,-0.45158,-0.45158
2019-09-01 11:00:45,-0.98815,-0.98815
2019-09-01 12:00:15,-0.36858,-0.36858
2019-09-01 12:00:45,-0.90284,-0.90284
2019-09-01 13:00:15,-0.11155,-0.11155
2019-09-01 13:00:45,-1.5928,-1.5928
2019-09-01 14:00:15,-0.74352,-0.74352
2019-09-01 14:00:45,-1.1505,-1.1505
2019-09-01 15:00:15,-0.33519,-0.33519
2019-09-01 15:00:45,,-0.029413674999999997
2019-09-01 16:00:15,,-0.29157305
2019-09-01 16:00:45,-0.45309,-0.45309
2019-09-01 17:00:15,-0.53231,-0.53231
2019-09-01 17:00:45,-0.36262,-0.36262
2019-09-01 18:00:15,-0.11057,-0.11057
2019-09-01 18:00:45,-0.027305,-0.027305
2019-09-01 19:00:15,,0.13275307749999996
2019-09-01 19:00:45,0.062264,0.062264
2019-09-01 20:00:15,0.032425,0.032425
2019-09-01 20:00:45,0.043043,0.043043
2019-09-01 21:00:15,0.018045,0.018045
2019-09-01 21:00:45,0.084284,0.084284
2019-09-01 22:00:15,-0.008632,-0.008632
2019-09-01 22:00:45,0.12887,0.12887
2019-09-01 23:00:15,-0.00492,-0.00492
2019-09-01 23:00:45,0.012065,0.012065
2019-09-02 00:00:15,0.026574,0.026574
2019-09-02 00:00:45,-0.049689,-0.049689
2019-09-02 01:00:15,-0.014992,-0.014992
2019-09-02 01:00:45,-0.027687,-0.027687
2019-09-02 02:00:15,-0.026638,-0.026638
2019-09-02 02:00:45,-0.00971,-0.00971
2019-09-02 03:00:15,-0.011874,-0.011874
2019-09-02 03:00:45,-0.14398,-0.14398
2019-09-02 04:00:15,0.30433,0.30433
2019-09-02 04:00:45,-0.016968,-0.016968
2019-09-02 05:00:15,-0.091059,-0.091059
2019-09-02 05:00:45,0.011827,0.011827
2019-09-02 06:00:15,-0.14798,-0.14798
2019-09-02 06:00:45,-0.90384,-0.90384
2019-09-02 07:00:15,-0.66441,-0.66441
2019-09-02 07:00:45,-0.5472,-0.5472
2019-09-02 08:00:15,-0.32527,-0.32527
2019-09-02 08:00:45,-0.22706,-0.22706
2019-09-02 09:00:15,-0.52912,-0.52912
2019-09-02 09:00:45,-0.32865,-0.32865
2019-09-02 10:00:15,-0.35441,-0.35441
2019-09-02 10:00:45,-0.52781,-0.52781
2019-09-02 11:00:15,-1.0788,-1.0788
2019-09-02 11:00:45,-0.44562,-0.44562
2019-09-02 12:00:15,-1.1597,-1.1597
2019-09-02 12:00:45,-1.4627,-1.4627
2019-09-02 13:00:15,-0.51138,-0.51138
2019-09-02 13:00:45,-1.1424,-1.1424
2019-09-02 14:00:15,-0.67108,-0.67108
2019-09-02 14:00:45,-0.48065,-0.48065
2019-09-02 15:00:15,-0.92902,-0.92902
2019-09-02 15:00:45,-1.0006,-1.0006
2019-09-02 16:00:15,-0.67208,-0.67208
2019-09-02 16:00:45,-0.59249,-0.59249
2019-09-02 17:00:15,-0.52646,-0.52646
2019-09-02 17:00:45,,-0.4229740849999999
2019-09-02 18:00:15,-0.38619,-0.38619
2019-09-02 18:00:45,-0.1277,-0.1277
2019-09-02 19:00:15,-0.05745,-0.05745
2019-09-02 19:00:45,,0.02305928
2019-09-02 20:00:15,-0.03829,-0.03829
2019-09-02 20:00:45,0.14939,0.14939
2019-09-02 21:00:15,0.080986,0.080986
2019-09-02 21:00:45,0.14334,0.14334
2019-09-02 22:00:15,0.1422,0.1422
2019-09-02 22:00:45,0.17882,0.17882
2019-09-02 23:00:15,0.29071,0.29071
2019-09-02 23:00:45,0.15252,0.15252
2019-09-03 00:00:15,0.13128,0.13128
2019-09-03 00:00:45,0.30434,0.30434
2019-09-03 01:00:15,0.12042,0.12042
2019-09-03 01:00:45,0.10572,0.10572
2019-09-03 02:00:15,0.11024,0.11024
2019-09-03 02:00:45,0.15255,0.15255
2019-09-03 03:00:15,0.13144,0.13144
2019-09-03 03:00:45,0.093174,0.093174
2019-09-03 04:00:15,0.066132,0.066132
2019-09-03 04:00:45,-0.002211,-0.002211
2019-09-03 05:00:15,0.03619,0.03619
2019-09-03 05:00:45,-0.042028,-0.042028
2019-09-03 06:00:15,-0.20818,-0.20818
2019-09-03 06:00:45,-0.46445,-0.46445
2019-09-03 07:00:15,-0.6958,-0.6958
2019-09-03 07:00:45,-0.62044,-0.62044
2019-09-03 08:00:15,-0.64044,-0.64044
2019-09-03 08:00:45,-0.83613,-0.83613
2019-09-03 09:00:15,-0.57164,-0.57164
2019-09-03 09:00:45,-0.66231,-0.66231
2019-09-03 10:00:15,-1.3706,-1.3706
2019-09-03 10:00:45,-1.0196,-1.0196
2019-09-03 11:00:15,-0.72758,-0.72758
2019-09-03 11:00:45,-0.6283,-0.6283
2019-09-03 12:00:15,0.093368,0.093368
2019-09-03 12:00:45,-0.50298,-0.50298
2019-09-03 13:00:15,-1.1362,-1.1362
2019-09-03 13:00:45,-0.6535,-0.6535
2019-09-03 14:00:15,-0.21364,-0.21364
2019-09-03 14:00:45,-0.40344,-0.40344
2019-09-03 15:00:15,-0.97996,-0.97996
2019-09-03 15:00:45,-0.94967,-0.94967
2019-09-03 16:00:15,-0.79622,-0.79622
2019-09-03 16:00:45,-0.68103,-0.68103
2019-09-03 17:00:15,-0.57949,-0.57949
2019-09-03 17:00:45,-0.28383,-0.28383
2019-09-03 18:00:15,0.46758,0.46758
2019-09-03 18:00:45,-0.034972,-0.034972
2019-09-03 19:00:15,0.014893,0.014893
2019-09-03 19:00:45,,-0.0238934775
2019-09-03 20:00:15,-0.12911,-0.12911
2019-09-03 20:00:45,0.095814,0.095814
2019-09-03 21:00:15,0.1318,0.1318
2019-09-03 21:00:45,0.33316,0.33316
2019-09-03 22:00:15,0.30677,0.30677
2019-09-03 22:00:45,0.25801,0.25801
2019-09-03 23:00:15,0.25594,0.25594
2019-09-03 23:00:45,0.18383,0.18383
2019-09-04 00:00:15,0.28463,0.28463
2019-09-04 00:00:45,0.16832,0.16832
2019-09-04 01:00:15,0.13318,0.13318
2019-09-04 01:00:45,0.059637,0.059637
2019-09-04 02:00:15,0.064024,0.064024
2019-09-04 02:00:45,0.023183,0.023183
2019-09-04 03:00:15,0.086527,0.086527
2019-09-04 03:00:45,0.017913,0.017913
2019-09-04 04:00:15,0.082742,0.082742
2019-09-04 04:00:45,0.20505,0.20505
2019-09-04 05:00:15,-0.028811,-0.028811
2019-09-04 05:00:45,0.009836,0.009836
2019-09-04 06:00:15,-0.090157,-0.090157
2019-09-04 06:00:45,-0.42413,-0.42413
2019-09-04 07:00:15,-0.34467,-0.34467
2019-09-04 07:00:45,-0.37731,-0.37731
2019-09-04 08:00:15,-0.52797,-0.52797
2019-09-04 08:00:45,-0.50362,-0.50362
2019-09-04 09:00:15,-0.35171,-0.35171
2019-09-04 09:00:45,-0.042689,-0.042689
2019-09-04 10:00:15,-0.81367,-0.81367
2019-09-04 10:00:45,-0.11218,-0.11218
2019-09-04 11:00:15,-1.0476,-1.0476
2019-09-04 11:00:45,-0.49795,-0.49795
2019-09-04 12:00:15,-0.90936,-0.90936
2019-09-04 12:00:45,-1.168,-1.168
2019-09-04 13:00:15,-1.4474,-1.4474
2019-09-04 13:00:45,-0.88647,-0.88647
2019-09-04 14:00:15,-0.62477,-0.62477
2019-09-04 14:00:45,-0.54485,-0.54485
2019-09-04 15:00:15,-0.7648,-0.7648
2019-09-04 15:00:45,-0.73991,-0.73991
2019-09-04 16:00:15,-0.76875,-0.76875
2019-09-04 16:00:45,-0.69529,-0.69529
2019-09-04 17:00:15,-0.65521,-0.65521
2019-09-04 17:00:45,-0.46873,-0.46873
2019-09-04 18:00:15,-0.23593,-0.23593
2019-09-04 18:00:45,0.10074,0.10074
2019-09-04 19:00:15,0.32412,0.32412
2019-09-04 19:00:45,0.34368,0.34368
2019-09-04 20:00:15,0.35056,0.35056
2019-09-04 20:00:45,0.13725,0.13725
2019-09-04 21:00:15,0.0669,0.0669
2019-09-04 21:00:45,0.12117,0.12117
2019-09-04 22:00:15,0.050736,0.050736
2019-09-04 22:00:45,0.028233,0.028233
2019-09-04 23:00:15,0.089595,0.089595
2019-09-04 23:00:45,0.075397,0.075397
2019-09-05 00:00:15,0.18404,0.18404
2019-09-05 00:00:45,0.17789,0.17789
2019-09-05 01:00:15,0.10203,0.10203
2019-09-05 01:00:45,0.055301,0.055301
2019-09-05 02:00:15,0.20425,0.20425
2019-09-05 02:00:45,-0.013232,-0.013232
2019-09-05 03:00:15,-0.033553,-0.033553
2019-09-05 03:00:45,0.008502,0.008502
2019-09-05 04:00:15,0.099148,0.099148
2019-09-05 04:00:45,0.099707,0.099707
2019-09-05 05:00:15,0.74902,0.74902
2019-09-05 05:00:45,-0.14127,-0.14127
2019-09-05 06:00:15,-0.2477,-0.2477
2019-09-05 06:00:45,-0.42309,-0.42309
2019-09-05 07:00:15,-0.55322,-0.55322
2019-09-05 07:00:45,-0.52062,-0.52062
2019-09-05 08:00:15,-0.68542,-0.68542
2019-09-05 08:00:45,-0.85274,-0.85274
2019-09-05 09:00:15,-0.58151,-0.58151
2019-09-05 09:00:45,-0.84905,-0.84905
2019-09-05 10:00:15,-0.96845,-0.96845
2019-09-05 10:00:45,-0.69496,-0.69496
2019-09-05 11:00:15,-0.4079,-0.4079
2019-09-05 11:00:45,-0.80723,-0.80723
2019-09-05 12:00:15,-0.83068,-0.83068
2019-09-05 12:00:45,-1.0593,-1.0593
2019-09-05 13:00:15,-1.0917,-1.0917
2019-09-05 13:00:45,-0.71658,-0.71658
2019-09-05 14:00:15,-0.72833,-0.72833
2019-09-05 14:00:45,-1.3595,-1.3595
2019-09-05 15:00:15,-1.0533,-1.0533
2019-09-05 15:00:45,-1.1263,-1.1263
2019-09-05 16:00:15,-1.0225,-1.0225
2019-09-05 16:00:45,-0.84457,-0.84457
2019-09-05 17:00:15,-0.61249,-0.61249
2019-09-05 17:00:45,-0.39882,-0.39882
2019-09-05 18:00:15,-0.23265,-0.23265
2019-09-05 18:00:45,-0.078894,-0.078894
2019-09-05 19:00:15,-0.084007,-0.084007
2019-09-05 19:00:45,-0.13745,-0.13745
2019-09-05 20:00:15,-0.051069,-0.051069
2019-09-05 20:00:45,-0.15372,-0.15372
2019-09-05 21:00:15,-0.058294,-0.058294
2019-09-05 21:00:45,-0.079358,-0.079358
2019-09-05 22:00:15,0.015044,0.015044
2019-09-05 22:00:45,-0.001519,-0.001519
2019-09-05 23:00:15,0.047935,0.047935
2019-09-05 23:00:45,0.093059,0.093059
2019-09-06 00:00:15,0.17468,0.17468
2019-09-06 00:00:45,-0.008531,-0.008531
2019-09-06 01:00:15,-0.057353,-0.057353
2019-09-06 01:00:45,-0.058739,-0.058739
2019-09-06 02:00:15,-0.045222,-0.045222
2019-09-06 02:00:45,-0.032023,-0.032023
2019-09-06 03:00:15,-0.050789,-0.050789
2019-09-06 03:00:45,0.015898,0.015898
2019-09-06 04:00:15,0.035641,0.035641
2019-09-06 04:00:45,0.046803,0.046803
2019-09-06 05:00:15,-0.000327,-0.000327
2019-09-06 05:00:45,-0.00526,-0.00526
2019-09-06 06:00:15,-0.11607,-0.11607
2019-09-06 06:00:45,-0.3368,-0.3368
2019-09-06 07:00:15,-0.4138,-0.4138
2019-09-06 07:00:45,-0.5556,-0.5556
2019-09-06 08:00:15,-0.57844,-0.57844
2019-09-06 08:00:45,-0.38005,-0.38005
2019-09-06 09:00:15,-0.49426,-0.49426
2019-09-06 09:00:45,-0.73301,-0.73301
2019-09-06 10:00:15,-0.54999,-0.54999
2019-09-06 10:00:45,-0.77906,-0.77906
2019-09-06 11:00:15,-0.3925,-0.3925
2019-09-06 11:00:45,-0.24353,-0.24353
2019-09-06 12:00:15,-0.68544,-0.68544
2019-09-06 12:00:45,-1.0611,-1.0611
2019-09-06 13:00:15,-1.5189,-1.5189
2019-09-06 13:00:45,-0.87727,-0.87727
2019-09-06 14:00:15,-0.671,-0.671
2019-09-06 14:00:45,-0.80109,-0.80109
2019-09-06 15:00:15,-1.0726,-1.0726
2019-09-06 15:00:45,-0.66251,-0.66251
2019-09-06 16:00:15,-0.52904,-0.52904
2019-09-06 16:00:45,-0.56886,-0.56886
2019-09-06 17:00:15,-0.42107,-0.42107
2019-09-06 17:00:45,-0.41489,-0.41489
2019-09-06 18:00:15,-0.18616,-0.18616
2019-09-06 18:00:45,-0.078469,-0.078469
2019-09-06 19:00:15,-0.11855,-0.11855
2019-09-06 19:00:45,-0.11542,-0.11542
2019-09-06 20:00:15,,-0.04733262749999999
2019-09-06 20:00:45,0.31557,0.31557
2019-09-06 21:00:15,0.28251,0.28251
2019-09-06 21:00:45,0.19596,0.19596
2019-09-06 22:00:15,0.23188,0.23188
2019-09-06 22:00:45,0.2218,0.2218
2019-09-06 23:00:15,0.20295,0.20295
2019-09-06 23:00:45,0.70793,0.70793
2019-09-07 00:00:15,0.21168,0.21168
2019-09-07 00:00:45,0.13904,0.13904
2019-09-07 01:00:15,0.23929,0.23929
2019-09-07 01:00:45,0.19885,0.19885
2019-09-07 02:00:15,0.26608,0.26608
2019-09-07 02:00:45,0.30375,0.30375
2019-09-07 03:00:15,0.35183,0.35183
2019-09-07 03:00:45,0.20651,0.20651
2019-09-07 04:00:15,0.19661,0.19661
2019-09-07 04:00:45,0.23151,0.23151
2019-09-07 05:00:15,0.2571,0.2571
2019-09-07 05:00:45,0.16658,0.16658
2019-09-07 06:00:15,-0.004196,-0.004196
2019-09-07 06:00:45,-0.18827,-0.18827
2019-09-07 07:00:15,-0.24279,-0.24279
2019-09-07 07:00:45,-0.22285,-0.22285
2019-09-07 08:00:15,-0.42944,-0.42944
2019-09-07 08:00:45,-0.43063,-0.43063
2019-09-07 09:00:15,-0.82019,-0.82019
2019-09-07 09:00:45,-1.0626,-1.0626
2019-09-07 10:00:15,-1.1745,-1.1745
2019-09-07 10:00:45,-1.1043,-1.1043
2019-09-07 11:00:15,-1.5146,-1.5146
2019-09-07 11:00:45,-0.85069,-0.85069
2019-09-07 12:00:15,-1.0295,-1.0295
2019-09-07 12:00:45,-0.81981,-0.81981
2019-09-07 13:00:15,-1.1015,-1.1015
2019-09-07 13:00:45,-0.87476,-0.87476
2019-09-07 14:00:15,-0.83961,-0.83961
2019-09-07 14:00:45,-0.634,-0.634
2019-09-07 15:00:15,-0.60846,-0.60846
2019-09-07 15:00:45,-0.80096,-0.80096
2019-09-07 16:00:15,-0.42182,-0.42182
2019-09-07 16:00:45,-0.32466,-0.32466
2019-09-07 17:00:15,-0.33634,-0.33634
2019-09-07 17:00:45,-0.1227,-0.1227
2019-09-07 18:00:15,,0.4587680325
2019-09-07 18:00:45,0.23059,0.23059
2019-09-07 19:00:15,-0.08614,-0.08614
2019-09-07 19:00:45,0.13935,0.13935
2019-09-07 20:00:15,0.19595,0.19595
2019-09-07 20:00:45,0.21719,0.21719
2019-09-07 21:00:15,0.10621,0.10621
2019-09-07 21:00:45,0.082781,0.082781
2019-09-07 22:00:15,,0.16787882250000002
2019-09-07 22:00:45,0.025585,0.025585
2019-09-07 23:00:15,0.075506,0.075506
2019-09-07 23:00:45,-0.039472,-0.039472
2019-09-08 00:00:15,0.006875,0.006875
2019-09-08 00:00:45,-0.14822,-0.14822
2019-09-08 01:00:15,0.30769,0.30769
2019-09-08 01:00:45,0.035853,0.035853
2019-09-08 02:00:15,-0.063861,-0.063861
2019-09-08 02:00:45,-0.036148,-0.036148
2019-09-08 03:00:15,-0.054571,-0.054571
2019-09-08 03:00:45,-0.01495,-0.01495
2019-09-08 04:00:15,-0.020927,-0.020927
2019-09-08 04:00:45,-0.062092,-0.062092
2019-09-08 05:00:15,0.063268,0.063268
2019-09-08 05:00:45,0.024304,0.024304
2019-09-08 06:00:15,-0.035223,-0.035223
2019-09-08 06:00:45,-0.65828,-0.65828
2019-09-08 07:00:15,-0.67623,-0.67623
2019-09-08 07:00:45,-0.41595,-0.41595
2019-09-08 08:00:15,-0.38606,-0.38606
2019-09-08 08:00:45,-0.45164,-0.45164
2019-09-08 09:00:15,-0.70165,-0.70165
2019-09-08 09:00:45,-0.50194,-0.50194
2019-09-08 10:00:15,-0.85392,-0.85392
2019-09-08 10:00:45,-0.86906,-0.86906
2019-09-08 11:00:15,-0.62849,-0.62849
2019-09-08 11:00:45,-1.4193,-1.4193
2019-09-08 12:00:15,-1.0649,-1.0649
2019-09-08 12:00:45,-1.1034,-1.1034
2019-09-08 13:00:15,-0.88241,-0.88241
2019-09-08 13:00:45,-1.3133,-1.3133
2019-09-08 14:00:15,-0.64504,-0.64504
2019-09-08 14:00:45,-0.7578,-0.7578
2019-09-08 15:00:15,,0.33145511499999997
2019-09-08 15:00:45,,0.26890644500000005
2019-09-08 16:00:15,,0.10862891999999999
2019-09-08 16:00:45,1.3313,1.3313
2019-09-08 17:00:15,1.4025,1.4025
2019-09-08 17:00:45,1.0828,1.0828
2019-09-08 18:00:15,0.91905,0.91905
2019-09-08 18:00:45,0.93109,0.93109
2019-09-08 19:00:15,1.1915,1.1915
2019-09-08 19:00:45,0.78131,0.78131
2019-09-08 20:00:15,0.50093,0.50093
2019-09-08 20:00:45,1.1096,1.1096
2019-09-08 21:00:15,0.69861,0.69861
2019-09-08 21:00:45,,0.6019387500000001
2019-09-08 22:00:15,0.55756,0.55756
2019-09-08 22:00:45,0.47128,0.47128
2019-09-08 23:00:15,0.29026,0.29026
2019-09-08 23:00:45,0.31328,0.31328
2019-09-09 00:00:15,0.54348,0.54348
2019-09-09 00:00:45,0.50932,0.50932
2019-09-09 01:00:15,0.69326,0.69326
2019-09-09 01:00:45,0.18428,0.18428
2019-09-09 02:00:15,0.26275,0.26275
2019-09-09 02:00:45,0.25213,0.25213
2019-09-09 03:00:15,0.22948,0.22948
2019-09-09 03:00:45,0.17219,0.17219
2019-09-09 04:00:15,0.19722,0.19722
2019-09-09 04:00:45,0.077275,0.077275
2019-09-09 05:00:15,0.019814,0.019814
2019-09-09 05:00:45,0.014832,0.014832
2019-09-09 06:00:15,0.074106,0.074106
2019-09-09 06:00:45,0.06073,0.06073
2019-09-09 07:00:15,-0.002913,-0.002913
2019-09-09 07:00:45,-0.35249,-0.35249
2019-09-09 08:00:15,-0.062791,-0.062791
2019-09-09 08:00:45,0.18536,0.18536
2019-09-09 09:00:15,0.31533,0.31533
2019-09-09 09:00:45,0.61936,0.61936
2019-09-09 10:00:15,0.57277,0.57277
2019-09-09 10:00:45,0.023537,0.023537
2019-09-09 11:00:15,0.27986,0.27986
2019-09-09 11:00:45,0.034889,0.034889
2019-09-09 12:00:15,-0.78469,-0.78469
2019-09-09 12:00:45,-0.067814,-0.067814
2019-09-09 13:00:15,-0.50313,-0.50313
2019-09-09 13:00:45,-0.49959,-0.49959
2019-09-09 14:00:15,-0.049578,-0.049578
2019-09-09 14:00:45,-0.62875,-0.62875
2019-09-09 15:00:15,-0.1155,-0.1155
2019-09-09 15:00:45,-0.6023,-0.6023
2019-09-09 16:00:15,-0.28076,-0.28076
2019-09-09 16:00:45,-0.64093,-0.64093
2019-09-09 17:00:15,-0.13101,-0.13101
2019-09-09 17:00:45,0.063987,0.063987
2019-09-09 18:00:15,0.033133,0.033133
2019-09-09 18:00:45,-0.1079,-0.1079
2019-09-09 19:00:15,0.14296,0.14296
2019-09-09 19:00:45,0.12929,0.12929
2019-09-09 20:00:15,0.096205,0.096205
2019-09-09 20:00:45,0.19374,0.19374
2019-09-09 21:00:15,0.093912,0.093912
2019-09-09 21:00:45,0.1603,0.1603
2019-09-09 22:00:15,0.2851,0.2851
2019-09-09 22:00:45,0.17906,0.17906
2019-09-09 23:00:15,0.1827,0.1827
2019-09-09 23:00:45,0.13505,0.13505
2019-09-10 00:00:15,0.17485,0.17485
2019-09-10 00:00:45,0.087241,0.087241
2019-09-10 01:00:15,0.081486,0.081486
2019-09-10 01:00:45,0.019415,0.019415
2019-09-10 02:00:15,-0.025057,-0.025057
2019-09-10 02:00:45,-0.081904,-0.081904
2019-09-10 03:00:15,-0.18097,-0.18097
2019-09-10 03:00:45,-0.076427,-0.076427
2019-09-10 04:00:15,-0.12223,-0.12223
2019-09-10 04:00:45,-0.073287,-0.073287
2019-09-10 05:00:15,-0.058351,-0.058351
2019-09-10 05:00:45,-0.039984,-0.039984
2019-09-10 06:00:15,-0.18302,-0.18302
2019-09-10 06:00:45,-0.48705,-0.48705
2019-09-10 07:00:15,-0.81225,-0.81225
2019-09-10 07:00:45,-0.71882,-0.71882
2019-09-10 08:00:15,-0.45211,-0.45211
2019-09-10 08:00:45,-0.53393,-0.53393
2019-09-10 09:00:15,-0.58519,-0.58519
2019-09-10 09:00:45,-0.98043,-0.98043
2019-09-10 10:00:15,-0.71296,-0.71296
2019-09-10 10:00:45,-0.71155,-0.71155
2019-09-10 11:00:15,-0.41775,-0.41775
2019-09-10 11:00:45,-0.79579,-0.79579
2019-09-10 12:00:15,-0.87685,-0.87685
2019-09-10 12:00:45,-1.3129,-1.3129
2019-09-10 13:00:15,-1.1049,-1.1049
2019-09-10 13:00:45,-0.76264,-0.76264
2019-09-10 14:00:15,-0.82972,-0.82972
2019-09-10 14:00:45,-1.0389,-1.0389
2019-09-10 15:00:15,-0.82063,-0.82063
2019-09-10 15:00:45,-0.47994,-0.47994
2019-09-10 16:00:15,-0.32125,-0.32125
2019-09-10 16:00:45,-0.15661,-0.15661
2019-09-10 17:00:15,-0.084622,-0.084622
2019-09-10 17:00:45,-0.015879,-0.015879
2019-09-10 18:00:15,0.04415,0.04415
2019-09-10 18:00:45,0.012124,0.012124
2019-09-10 19:00:15,0.023867,0.023867
2019-09-10 19:00:45,0.054371,0.054371
2019-09-10 20:00:15,0.075322,0.075322
2019-09-10 20:00:45,-0.049848,-0.049848
2019-09-10 21:00:15,0.1901,0.1901
2019-09-10 21:00:45,0.16262,0.16262
2019-09-10 22:00:15,0.042394,0.042394
2019-09-10 22:00:45,0.21469,0.21469
2019-09-10 23:00:15,0.054426,0.054426
2019-09-10 23:00:45,0.15079,0.15079
2019-09-11 00:00:15,0.065123,0.065123
2019-09-11 00:00:45,0.081827,0.081827
2019-09-11 01:00:15,-0.044871,-0.044871
2019-09-11 01:00:45,-0.040105,-0.040105
2019-09-11 02:00:15,-0.010678,-0.010678
2019-09-11 02:00:45,-0.045856,-0.045856
2019-09-11 03:00:15,0.015652,0.015652
2019-09-11 03:00:45,-0.07453,-0.07453
2019-09-11 04:00:15,-0.14274,-0.14274
2019-09-11 04:00:45,-0.10415,-0.10415
2019-09-11 05:00:15,-0.065883,-0.065883
2019-09-11 05:00:45,-0.088807,-0.088807
2019-09-11 06:00:15,-0.073943,-0.073943
2019-09-11 06:00:45,-0.81524,-0.81524
2019-09-11 07:00:15,-0.69556,-0.69556
2019-09-11 07:00:45,-0.77389,-0.77389
2019-09-11 08:00:15,-0.6426,-0.6426
2019-09-11 08:00:45,-0.67294,-0.67294
2019-09-11 09:00:15,-0.71984,-0.71984
2019-09-11 09:00:45,0.71558,0.71558
2019-09-11 10:00:15,,-0.099684335
2019-09-11 10:00:45,0.26508,0.26508
2019-09-11 11:00:15,-0.49178,-0.49178
2019-09-11 11:00:45,-0.24805,-0.24805
2019-09-11 12:00:15,-0.74032,-0.74032
2019-09-11 12:00:45,,-0.3181956900000001
2019-09-11 13:00:15,-0.090003,-0.090003
2019-09-11 13:00:45,-0.75034,-0.75034
2019-09-11 14:00:15,-1.0439,-1.0439
2019-09-11 14:00:45,-1.0214,-1.0214
2019-09-11 15:00:15,-1.1888,-1.1888
2019-09-11 15:00:45,-0.96529,-0.96529
2019-09-11 16:00:15,-0.52441,-0.52441
2019-09-11 16:00:45,-0.75085,-0.75085
2019-09-11 17:00:15,-0.56993,-0.56993
2019-09-11 17:00:45,-0.37106,-0.37106
2019-09-11 18:00:15,0.057919,0.057919
2019-09-11 18:00:45,-0.10747,-0.10747
2019-09-11 19:00:15,0.11019,0.11019
2019-09-11 19:00:45,0.86114,0.86114
2019-09-11 20:00:15,0.063085,0.063085
2019-09-11 20:00:45,0.065968,0.065968
2019-09-11 21:00:15,0.015197,0.015197
2019-09-11 21:00:45,0.051722,0.051722
2019-09-11 22:00:15,0.029956,0.029956
2019-09-11 22:00:45,-0.020194,-0.020194
2019-09-11 23:00:15,0.005671,0.005671
2019-09-11 23:00:45,-0.012745,-0.012745
2019-09-12 00:00:15,-0.029346,-0.029346
2019-09-12 00:00:45,-0.025567,-0.025567
2019-09-12 01:00:15,-0.036993,-0.036993
2019-09-12 01:00:45,-0.10741,-0.10741
2019-09-12 02:00:15,-0.079956,-0.079956
2019-09-12 02:00:45,-0.16816,-0.16816
2019-09-12 03:00:15,-0.12065,-0.12065
2019-09-12 03:00:45,-0.047934,-0.047934
2019-09-12 04:00:15,-0.12967,-0.12967
2019-09-12 04:00:45,-0.065728,-0.065728
2019-09-12 05:00:15,-0.14554,-0.14554
2019-09-12 05:00:45,-0.10658,-0.10658
2019-09-12 06:00:15,-0.13324,-0.13324
2019-09-12 06:00:45,-0.22433,-0.22433
2019-09-12 07:00:15,-0.23582,-0.23582
2019-09-12 07:00:45,-0.000271,-0.000271
2019-09-12 08:00:15,-0.082133,-0.082133
2019-09-12 08:00:45,0.33295,0.33295
2019-09-12 09:00:15,0.025892,0.025892
2019-09-12 09:00:45,0.19963,0.19963
2019-09-12 10:00:15,-0.2468,-0.2468
2019-09-12 10:00:45,-0.061055,-0.061055
2019-09-12 11:00:15,-0.15151,-0.15151
2019-09-12 11:00:45,-0.046733,-0.046733
2019-09-12 12:00:15,-0.21357,-0.21357
2019-09-12 12:00:45,-0.22587,-0.22587
2019-09-12 13:00:15,-0.028035,-0.028035
2019-09-12 13:00:45,-0.2951,-0.2951
2019-09-12 14:00:15,-0.29715,-0.29715
2019-09-12 14:00:45,-0.40303,-0.40303
2019-09-12 15:00:15,-0.033636,-0.033636
2019-09-12 15:00:45,-0.2032,-0.2032
2019-09-12 16:00:15,-0.39807,-0.39807
2019-09-12 16:00:45,-0.34265,-0.34265
2019-09-12 17:00:15,-0.31256,-0.31256
2019-09-12 17:00:45,-0.18869,-0.18869
2019-09-12 18:00:15,-0.15953,-0.15953
2019-09-12 18:00:45,0.005466,0.005466
2019-09-12 19:00:15,-0.003292,-0.003292
2019-09-12 19:00:45,,0.012612832499999999
2019-09-12 20:00:15,0.096537,0.096537
2019-09-12 20:00:45,-0.11517,-0.11517
2019-09-12 21:00:15,,0.009479529999999998
2019-09-12 21:00:45,,-0.042912685
2019-09-12 22:00:15,,-0.033930769999999985
2019-09-12 22:00:45,-0.17638,-0.17638
2019-09-12 23:00:15,-0.10181,-0.10181
2019-09-12 23:00:45,0.062419,0.062419
2019-09-13 00:00:15,,0.0264612975
2019-09-13 00:00:45,,-0.015052002499999998
2019-09-13 01:00:15,0.17563,0.17563
2019-09-13 01:00:45,,0.03179423249999999
2019-09-13 02:00:15,,-0.006502624999999998
2019-09-13 02:00:45,0.00488,0.00488
2019-09-13 03:00:15,-0.040829,-0.040829
2019-09-13 03:00:45,-0.023056,-0.023056
2019-09-13 04:00:15,0.36514,0.36514
2019-09-13 04:00:45,0.43726,0.43726
2019-09-13 05:00:15,0.001588,0.001588
2019-09-13 05:00:45,-0.086903,-0.086903
2019-09-13 06:00:15,-0.15689,-0.15689
2019-09-13 06:00:45,-0.14345,-0.14345
2019-09-13 07:00:15,-0.46582,-0.46582
2019-09-13 07:00:45,0.15251,0.15251
2019-09-13 08:00:15,-0.31773,-0.31773
2019-09-13 08:00:45,-1.6236,-1.6236
2019-09-13 09:00:15,-0.40069,-0.40069
2019-09-13 09:00:45,-0.65188,-0.65188
2019-09-13 10:00:15,-0.41593,-0.41593
2019-09-13 10:00:45,-0.59867,-0.59867
2019-09-13 11:00:15,-0.86273,-0.86273
2019-09-13 11:00:45,-0.93135,-0.93135
2019-09-13 12:00:15,-1.2107,-1.2107
2019-09-13 12:00:45,,-0.667771985
2019-09-13 13:00:15,0.70481,0.70481
2019-09-13 13:00:45,-0.29867,-0.29867
2019-09-13 14:00:15,-1.1247,-1.1247
2019-09-13 14:00:45,-1.4189,-1.4189
2019-09-13 15:00:15,-0.16293,-0.16293
2019-09-13 15:00:45,-1.0319,-1.0319
2019-09-13 16:00:15,-0.57592,-0.57592
2019-09-13 16:00:45,-0.52449,-0.52449
2019-09-13 17:00:15,-0.20918,-0.20918
2019-09-13 17:00:45,-0.33998,-0.33998
2019-09-13 18:00:15,-0.044459,-0.044459
2019-09-13 18:00:45,-0.043781,-0.043781
2019-09-13 19:00:15,-0.045022,-0.045022
2019-09-13 19:00:45,-0.093771,-0.093771
2019-09-13 20:00:15,0.074363,0.074363
2019-09-13 20:00:45,0.1243,0.1243
2019-09-13 21:00:15,-0.008496,-0.008496
2019-09-13 21:00:45,0.10976,0.10976
2019-09-13 22:00:15,0.17251,0.17251
2019-09-13 22:00:45,0.095832,0.095832
2019-09-13 23:00:15,0.14622,0.14622
2019-09-13 23:00:45,0.04446,0.04446
2019-09-14 00:00:15,0.018478,0.018478
2019-09-14 00:00:45,0.22727,0.22727
2019-09-14 01:00:15,0.089568,0.089568
2019-09-14 01:00:45,0.27947,0.27947
2019-09-14 02:00:15,0.25206,0.25206
2019-09-14 02:00:45,0.0844,0.0844
2019-09-14 03:00:15,0.14411,0.14411
2019-09-14 03:00:45,0.14445,0.14445
2019-09-14 04:00:15,0.063879,0.063879
2019-09-14 04:00:45,-0.07437,-0.07437
2019-09-14 05:00:15,0.033698,0.033698
2019-09-14 05:00:45,0.037973,0.037973
2019-09-14 06:00:15,-0.077328,-0.077328
2019-09-14 06:00:45,-0.34026,-0.34026
2019-09-14 07:00:15,-0.29352,-0.29352
2019-09-14 07:00:45,-0.40065,-0.40065
2019-09-14 08:00:15,-0.6586,-0.6586
2019-09-14 08:00:45,-0.4129,-0.4129
2019-09-14 09:00:15,-0.71786,-0.71786
2019-09-14 09:00:45,-0.85794,-0.85794
2019-09-14 10:00:15,-0.68958,-0.68958
2019-09-14 10:00:45,-0.66845,-0.66845
2019-09-14 11:00:15,-0.72045,-0.72045
2019-09-14 11:00:45,-0.45897,-0.45897
2019-09-14 12:00:15,-1.2702,-1.2702
2019-09-14 12:00:45,-0.92789,-0.92789
2019-09-14 13:00:15,-1.0389,-1.0389
2019-09-14 13:00:45,-0.75142,-0.75142
2019-09-14 14:00:15,-0.83427,-0.83427
2019-09-14 14:00:45,-1.1855,-1.1855
2019-09-14 15:00:15,3.4604,3.4604
2019-09-14 15:00:45,0.12622,0.12622
2019-09-14 16:00:15,-0.21527,-0.21527
2019-09-14 16:00:45,-0.29909,-0.29909
2019-09-14 17:00:15,-0.25728,-0.25728
2019-09-14 17:00:45,-0.21628,-0.21628
2019-09-14 18:00:15,0.029162,0.029162
2019-09-14 18:00:45,-0.06687,-0.06687
2019-09-14 19:00:15,,0.1513265225
2019-09-14 19:00:45,-0.030635,-0.030635
2019-09-14 20:00:15,3.4822,3.4822
2019-09-14 20:00:45,,0.5324886825000001
2019-09-14 21:00:15,,0.7189828975000001
2019-09-14 21:00:45,,0.9595274324999999
2019-09-14 22:00:15,,0.715350965
2019-09-14 22:00:45,,0.63897125
2019-09-14 23:00:15,,0.40033502000000004
2019-09-14 23:00:45,-0.085108,-0.085108
2019-09-15 00:00:15,0.31418,0.31418
2019-09-15 00:00:45,0.3468,0.3468
2019-09-15 01:00:15,0.21181,0.21181
2019-09-15 01:00:45,0.27294,0.27294
2019-09-15 02:00:15,0.20347,0.20347
2019-09-15 02:00:45,0.61753,0.61753
2019-09-15 03:00:15,0.16427,0.16427
2019-09-15 03:00:45,,0.5999565075000001
2019-09-15 04:00:15,,0.9259111475000005
2019-09-15 04:00:45,,1.0954850250000003
2019-09-15 05:00:15,,1.1142954674999999
2019-09-15 05:00:45,,1.0246012949999999
2019-09-15 06:00:15,,1.1300721075000002
2019-09-15 06:00:45,,1.1274861175000002
2019-09-15 07:00:15,,1.0575520475000002
2019-09-15 07:00:45,,0.06392836500000001
2019-09-15 08:00:15,0.36684,0.36684
2019-09-15 08:00:45,0.90964,0.90964
2019-09-15 09:00:15,,0.9962248324999999
2019-09-15 09:00:45,0.31728,0.31728
2019-09-15 10:00:15,0.60912,0.60912
2019-09-15 10:00:45,0.58911,0.58911
2019-09-15 11:00:15,1.1625,1.1625
2019-09-15 11:00:45,-1.7017,-1.7017
2019-09-15 12:00:15,0.30482,0.30482
2019-09-15 12:00:45,,0.9692343475000003
2019-09-15 13:00:15,2.0108,2.0108
2019-09-15 13:00:45,-0.64621,-0.64621
2019-09-15 14:00:15,1.7999,1.7999
2019-09-15 14:00:45,,0.8703750975000003
2019-09-15 15:00:15,,0.7940738774999999
2019-09-15 15:00:45,0.77694,0.77694
2019-09-15 16:00:15,,0.21216961499999998
2019-09-15 16:00:45,,0.29643741
2019-09-15 17:00:15,-0.21345,-0.21345
2019-09-15 17:00:45,0.555,0.555
2019-09-15 18:00:15,0.47468,0.47468
2019-09-15 18:00:45,0.46096,0.46096
2019-09-15 19:00:15,,0.7430213424999997
2019-09-15 19:00:45,0.89786,0.89786
2019-09-15 20:00:15,1.5066,1.5066
2019-09-15 20:00:45,0.42539,0.42539
2019-09-15 21:00:15,0.69956,0.69956
2019-09-15 21:00:45,0.41448,0.41448
2019-09-15 22:00:15,,1.3024225375
2019-09-15 22:00:45,,1.2544087024999993
2019-09-15 23:00:15,,1.2416177349999993
2019-09-15 23:00:45,3.0303,3.0303
2019-09-16 00:00:15,1.3678,1.3678
2019-09-16 00:00:45,4.0791,4.0791
2019-09-16 01:00:15,0.41466,0.41466
2019-09-16 01:00:45,0.14242,0.14242
2019-09-16 02:00:15,0.26827,0.26827
2019-09-16 02:00:45,0.60165,0.60165
2019-09-16 03:00:15,,0.5098789625
2019-09-16 03:00:45,0.65922,0.65922
2019-09-16 04:00:15,0.50045,0.50045
2019-09-16 04:00:45,0.63439,0.63439
2019-09-16 05:00:15,0.48802,0.48802
2019-09-16 05:00:45,0.43979,0.43979
2019-09-16 06:00:15,0.39868,0.39868
2019-09-16 06:00:45,0.045188,0.045188
2019-09-16 07:00:15,0.24918,0.24918
2019-09-16 07:00:45,-0.000287,-0.000287
2019-09-16 08:00:15,-0.47142,-0.47142
2019-09-16 08:00:45,1.8744,1.8744
2019-09-16 09:00:15,0.3823,0.3823
2019-09-16 09:00:45,0.66472,0.66472
2019-09-16 10:00:15,0.97145,0.97145
2019-09-16 10:00:45,1.3071,1.3071
2019-09-16 11:00:15,1.5741,1.5741
2019-09-16 11:00:45,2.13,2.13
2019-09-16 12:00:15,1.6638,1.6638
2019-09-16 12:00:45,1.5183,1.5183
2019-09-16 13:00:15,1.4574,1.4574
2019-09-16 13:00:45,0.96008,0.96008
2019-09-16 14:00:15,0.87436,0.87436
2019-09-16 14:00:45,0.25968,0.25968
2019-09-16 15:00:15,0.46493,0.46493
2019-09-16 15:00:45,0.23667,0.23667
2019-09-16 16:00:15,0.097193,0.097193
2019-09-16 16:00:45,-0.5091,-0.5091
2019-09-16 17:00:15,0.15197,0.15197
2019-09-16 17:00:45,-0.13331,-0.13331
2019-09-16 18:00:15,0.30616,0.30616
2019-09-16 18:00:45,0.51689,0.51689
2019-09-16 19:00:15,0.3288,0.3288
2019-09-16 19:00:45,-0.014503,-0.014503
2019-09-16 20:00:15,,0.41337559
2019-09-16 20:00:45,,0.6792270025000001
2019-09-16 21:00:15,,0.97699269
2019-09-16 21:00:45,,0.997213905
2019-09-16 22:00:15,,0.9669244575000003
2019-09-16 22:00:45,,0.8943215950000002
2019-09-16 23:00:15,,0.9423401999999999
2019-09-16 23:00:45,0.9234,0.9234
2019-09-17 00:00:15,1.1141,1.1141
2019-09-17 00:00:45,,1.1548794899999997
2019-09-17 01:00:15,,1.2236515374999999
2019-09-17 01:00:45,,1.1995728499999998
2019-09-17 02:00:15,,0.8437311575000002
2019-09-17 02:00:45,,0.8787292875000001
2019-09-17 03:00:15,0.49451,0.49451
2019-09-17 03:00:45,,0.8272014925
2019-09-17 04:00:15,0.026107,0.026107
2019-09-17 04:00:45,2.1247,2.1247
2019-09-17 05:00:15,0.70055,0.70055
2019-09-17 05:00:45,0.92688,0.92688
2019-09-17 06:00:15,1.1199,1.1199
2019-09-17 06:00:45,0.81793,0.81793
2019-09-17 07:00:15,1.288,1.288
2019-09-17 07:00:45,0.85098,0.85098
2019-09-17 08:00:15,1.0974,1.0974
2019-09-17 08:00:45,1.1512,1.1512
2019-09-17 09:00:15,0.52645,0.52645
2019-09-17 09:00:45,0.95448,0.95448
2019-09-17 10:00:15,1.516,1.516
2019-09-17 10:00:45,0.44274,0.44274
2019-09-17 11:00:15,1.7238,1.7238
2019-09-17 11:00:45,1.8516,1.8516
2019-09-17 12:00:15,1.8645,1.8645
2019-09-17 12:00:45,2.3798,2.3798
2019-09-17 13:00:15,2.1537,2.1537
2019-09-17 13:00:45,1.7218,1.7218
2019-09-17 14:00:15,-0.64761,-0.64761
2019-09-17 14:00:45,1.3091,1.3091
2019-09-17 15:00:15,1.0838,1.0838
2019-09-17 15:00:45,0.1808,0.1808
2019-09-17 16:00:15,0.14875,0.14875
2019-09-17 16:00:45,0.22434,0.22434
2019-09-17 17:00:15,0.52002,0.52002
2019-09-17 17:00:45,1.4219,1.4219
2019-09-17 18:00:15,0.13018,0.13018
2019-09-17 18:00:45,0.10245,0.10245
2019-09-17 19:00:15,0.28034,0.28034
2019-09-17 19:00:45,0.33781,0.33781
2019-09-17 20:00:15,0.21545,0.21545
2019-09-17 20:00:45,0.3367,0.3367
2019-09-17 21:00:15,0.34341,0.34341
2019-09-17 21:00:45,0.49193,0.49193
2019-09-17 22:00:15,0.53381,0.53381
2019-09-17 22:00:45,0.48111,0.48111
2019-09-17 23:00:15,0.4252,0.4252
2019-09-17 23:00:45,0.35767,0.35767
2019-09-18 00:00:15,0.29912,0.29912
2019-09-18 00:00:45,0.52071,0.52071
2019-09-18 01:00:15,0.33917,0.33917
2019-09-18 01:00:45,0.29727,0.29727
2019-09-18 02:00:15,0.11809,0.11809
2019-09-18 02:00:45,0.028462,0.028462
2019-09-18 03:00:15,0.14012,0.14012
2019-09-18 03:00:45,0.064133,0.064133
2019-09-18 04:00:15,0.042295,0.042295
2019-09-18 04:00:45,,0.02387103
2019-09-18 05:00:15,,0.06874443999999999
2019-09-18 05:00:45,0.009231,0.009231
2019-09-18 06:00:15,-0.0096,-0.0096
2019-09-18 06:00:45,-0.32888,-0.32888
2019-09-18 07:00:15,0.33797,0.33797
2019-09-18 07:00:45,,-0.5111900600000001
2019-09-18 08:00:15,0.12608,0.12608
2019-09-18 08:00:45,,-0.2832780775
2019-09-18 09:00:15,0.007125,0.007125
2019-09-18 09:00:45,0.90972,0.90972
2019-09-18 10:00:15,0.007692,0.007692
2019-09-18 10:00:45,0.096838,0.096838
2019-09-18 11:00:15,0.22576,0.22576
2019-09-18 11:00:45,1.2305,1.2305
2019-09-18 12:00:15,0.79829,0.79829
2019-09-18 12:00:45,0.39869,0.39869
2019-09-18 13:00:15,0.28632,0.28632
2019-09-18 13:00:45,1.1705,1.1705
2019-09-18 14:00:15,,-0.1274600125
2019-09-18 14:00:45,1.4692,1.4692
2019-09-18 15:00:15,0.27637,0.27637
2019-09-18 15:00:45,0.59315,0.59315
2019-09-18 16:00:15,0.38748,0.38748
2019-09-18 16:00:45,-0.093536,-0.093536
2019-09-18 17:00:15,0.16355,0.16355
2019-09-18 17:00:45,0.12586,0.12586
2019-09-18 18:00:15,0.18223,0.18223
2019-09-18 18:00:45,0.46883,0.46883
2019-09-18 19:00:15,0.33087,0.33087
2019-09-18 19:00:45,0.40754,0.40754
2019-09-18 20:00:15,0.072263,0.072263
2019-09-18 20:00:45,0.33687,0.33687
2019-09-18 21:00:15,0.34762,0.34762
2019-09-18 21:00:45,0.18099,0.18099
2019-09-18 22:00:15,0.22581,0.22581
2019-09-18 22:00:45,1.2634,1.2634
2019-09-18 23:00:15,0.22329,0.22329
2019-09-18 23:00:45,0.13051,0.13051
2019-09-19 00:00:15,0.061438,0.061438
2019-09-19 00:00:45,0.041276,0.041276
2019-09-19 01:00:15,0.019324,0.019324
2019-09-19 01:00:45,0.0003,0.0003
2019-09-19 02:00:15,-0.029155,-0.029155
2019-09-19 02:00:45,-0.00735,-0.00735
2019-09-19 03:00:15,0.024246,0.024246
2019-09-19 03:00:45,,0.05534056500000001
2019-09-19 04:00:15,0.60635,0.60635
2019-09-19 04:00:45,,-0.001124219999999999
2019-09-19 05:00:15,,-0.001498412499999999
2019-09-19 05:00:45,,0.1565608725
2019-09-19 06:00:15,1.3255,1.3255
2019-09-19 06:00:45,,-0.46356190500000005
2019-09-19 07:00:15,0.29725,0.29725
2019-09-19 07:00:45,-1.9866,-1.9866
2019-09-19 08:00:15,-0.74615,-0.74615
2019-09-19 08:00:45,0.12553,0.12553
2019-09-19 09:00:15,0.025935,0.025935
2019-09-19 09:00:45,-1.1144,-1.1144
2019-09-19 10:00:15,-0.45037,-0.45037
2019-09-19 10:00:45,0.32828,0.32828
2019-09-19 11:00:15,0.1045,0.1045
2019-09-19 11:00:45,1.1158,1.1158
2019-09-19 12:00:15,-1.4991,-1.4991
2019-09-19 12:00:45,-0.66901,-0.66901
2019-09-19 13:00:15,-0.3117,-0.3117
2019-09-19 13:00:45,-0.28538,-0.28538
2019-09-19 14:00:15,-0.25397,-0.25397
2019-09-19 14:00:45,-0.7323,-0.7323
2019-09-19 15:00:15,-0.42302,-0.42302
2019-09-19 15:00:45,-0.45718,-0.45718
2019-09-19 16:00:15,0.091902,0.091902
2019-09-19 16:00:45,-0.29361,-0.29361
2019-09-19 17:00:15,-0.008927,-0.008927
2019-09-19 17:00:45,0.37033,0.37033
2019-09-19 18:00:15,0.39943,0.39943
2019-09-19 18:00:45,0.5183,0.5183
2019-09-19 19:00:15,-0.13188,-0.13188
2019-09-19 19:00:45,0.31737,0.31737
2019-09-19 20:00:15,0.40951,0.40951
2019-09-19 20:00:45,0.2208,0.2208
2019-09-19 21:00:15,0.12728,0.12728
2019-09-19 21:00:45,0.13966,0.13966
2019-09-19 22:00:15,0.16897,0.16897
2019-09-19 22:00:45,0.58759,0.58759
2019-09-19 23:00:15,0.48558,0.48558
2019-09-19 23:00:45,0.05335,0.05335
2019-09-20 00:00:15,0.15529,0.15529
2019-09-20 00:00:45,0.052418,0.052418
2019-09-20 01:00:15,0.14272,0.14272
2019-09-20 01:00:45,-0.048661,-0.048661
2019-09-20 02:00:15,-0.03833,-0.03833
2019-09-20 02:00:45,0.047412,0.047412
2019-09-20 03:00:15,-0.01272,-0.01272
2019-09-20 03:00:45,0.096461,0.096461
2019-09-20 04:00:15,-0.092018,-0.092018
2019-09-20 04:00:45,-0.065068,-0.065068
2019-09-20 05:00:15,0.14662,0.14662
2019-09-20 05:00:45,0.003659,0.003659
2019-09-20 06:00:15,-0.064588,-0.064588
2019-09-20 06:00:45,-0.39101,-0.39101
2019-09-20 07:00:15,-0.89506,-0.89506
2019-09-20 07:00:45,-0.50277,-0.50277
2019-09-20 08:00:15,-0.75744,-0.75744
2019-09-20 08:00:45,-0.81917,-0.81917
2019-09-20 09:00:15,-0.73216,-0.73216
2019-09-20 09:00:45,-0.79384,-0.79384
2019-09-20 10:00:15,-0.67206,-0.67206
2019-09-20 10:00:45,-0.73342,-0.73342
2019-09-20 11:00:15,-0.91191,-0.91191
2019-09-20 11:00:45,-0.75805,-0.75805
2019-09-20 12:00:15,-0.61942,-0.61942
2019-09-20 12:00:45,-0.47108,-0.47108
2019-09-20 13:00:15,0.55346,0.55346
2019-09-20 13:00:45,-0.67849,-0.67849
2019-09-20 14:00:15,-0.78189,-0.78189
2019-09-20 14:00:45,-0.99871,-0.99871
2019-09-20 15:00:15,-0.49974,-0.49974
2019-09-20 15:00:45,-0.27581,-0.27581
2019-09-20 16:00:15,-0.56879,-0.56879
2019-09-20 16:00:45,-0.44093,-0.44093
2019-09-20 17:00:15,-0.15608,-0.15608
2019-09-20 17:00:45,0.10081,0.10081
2019-09-20 18:00:15,0.31507,0.31507
2019-09-20 18:00:45,0.31329,0.31329
2019-09-20 19:00:15,0.3446,0.3446
2019-09-20 19:00:45,0.27128,0.27128
2019-09-20 20:00:15,,0.09848906000000002
2019-09-20 20:00:45,0.087721,0.087721
2019-09-20 21:00:15,0.021663,0.021663
2019-09-20 21:00:45,0.28151,0.28151
2019-09-20 22:00:15,0.11881,0.11881
2019-09-20 22:00:45,0.17944,0.17944
2019-09-20 23:00:15,0.042008,0.042008
2019-09-20 23:00:45,-0.09337,-0.09337
2019-09-21 00:00:15,-0.053927,-0.053927
2019-09-21 00:00:45,,-0.0304709725
2019-09-21 01:00:15,,0.09380314999999999
2019-09-21 01:00:45,-0.16722,-0.16722
2019-09-21 02:00:15,-0.012131,-0.012131
2019-09-21 02:00:45,-0.029731,-0.029731
2019-09-21 03:00:15,,-0.03889535999999999
2019-09-21 03:00:45,,-0.0027229774999999947
2019-09-21 04:00:15,-0.07882,-0.07882
2019-09-21 04:00:45,-0.068586,-0.068586
2019-09-21 05:00:15,-0.064402,-0.064402
2019-09-21 05:00:45,,0.047013157500000013
2019-09-21 06:00:15,-0.091654,-0.091654
2019-09-21 06:00:45,-0.47272,-0.47272
2019-09-21 07:00:15,-0.56262,-0.56262
2019-09-21 07:00:45,-0.39213,-0.39213
2019-09-21 08:00:15,-0.2158,-0.2158
2019-09-21 08:00:45,0.31637,0.31637
2019-09-21 09:00:15,0.18055,0.18055
2019-09-21 09:00:45,-0.42972,-0.42972
2019-09-21 10:00:15,-0.25554,-0.25554
2019-09-21 10:00:45,-0.39678,-0.39678
2019-09-21 11:00:15,-0.27086,-0.27086
2019-09-21 11:00:45,-0.84581,-0.84581
2019-09-21 12:00:15,-0.45028,-0.45028
2019-09-21 12:00:45,-0.78781,-0.78781
2019-09-21 13:00:15,-0.59703,-0.59703
2019-09-21 13:00:45,0.14499,0.14499
2019-09-21 14:00:15,-0.51429,-0.51429
2019-09-21 14:00:45,-0.69243,-0.69243
2019-09-21 15:00:15,-0.57732,-0.57732
2019-09-21 15:00:45,-0.41328,-0.41328
2019-09-21 16:00:15,-0.44279,-0.44279
2019-09-21 16:00:45,-0.038424,-0.038424
2019-09-21 17:00:15,0.25079,0.25079
2019-09-21 17:00:45,0.32378,0.32378
2019-09-21 18:00:15,0.6588,0.6588
2019-09-21 18:00:45,0.49868,0.49868
2019-09-21 19:00:15,0.5077,0.5077
2019-09-21 19:00:45,0.46082,0.46082
2019-09-21 20:00:15,0.52673,0.52673
2019-09-21 20:00:45,0.47821,0.47821
2019-09-21 21:00:15,0.33446,0.33446
2019-09-21 21:00:45,0.26118,0.26118
2019-09-21 22:00:15,0.17286,0.17286
2019-09-21 22:00:45,0.025562,0.025562
2019-09-21 23:00:15,-0.054738,-0.054738
2019-09-21 23:00:45,-0.031839,-0.031839
2019-09-22 00:00:15,0.021052,0.021052
2019-09-22 00:00:45,0.034908,0.034908
2019-09-22 01:00:15,0.007916,0.007916
2019-09-22 01:00:45,0.032619,0.032619
2019-09-22 02:00:15,0.041646,0.041646
2019-09-22 02:00:45,-0.022556,-0.022556
2019-09-22 03:00:15,0.024903,0.024903
2019-09-22 03:00:45,0.006721,0.006721
2019-09-22 04:00:15,0.021203,0.021203
2019-09-22 04:00:45,0.01841,0.01841
2019-09-22 05:00:15,0.013713,0.013713
2019-09-22 05:00:45,0.058073,0.058073
2019-09-22 06:00:15,-0.078128,-0.078128
2019-09-22 06:00:45,-0.17828,-0.17828
2019-09-22 07:00:15,-0.69137,-0.69137
2019-09-22 07:00:45,-0.67169,-0.67169
2019-09-22 08:00:15,-0.86003,-0.86003
2019-09-22 08:00:45,-0.38695,-0.38695
2019-09-22 09:00:15,-0.23086,-0.23086
2019-09-22 09:00:45,0.000517,0.000517
2019-09-22 10:00:15,-0.55022,-0.55022
2019-09-22 10:00:45,-0.013817,-0.013817
2019-09-22 11:00:15,0.020472,0.020472
2019-09-22 11:00:45,-0.234,-0.234
2019-09-22 12:00:15,-0.36554,-0.36554
2019-09-22 12:00:45,-0.48878,-0.48878
2019-09-22 13:00:15,-0.50699,-0.50699
2019-09-22 13:00:45,0.93292,0.93292
2019-09-22 14:00:15,0.62432,0.62432
2019-09-22 14:00:45,-0.98844,-0.98844
2019-09-22 15:00:15,-0.87249,-0.87249
2019-09-22 15:00:45,-0.14543,-0.14543
2019-09-22 16:00:15,-0.53917,-0.53917
2019-09-22 16:00:45,-0.34297,-0.34297
2019-09-22 17:00:15,-0.45372,-0.45372
2019-09-22 17:00:45,-0.21904,-0.21904
2019-09-22 18:00:15,0.015665,0.015665
2019-09-22 18:00:45,0.094851,0.094851
2019-09-22 19:00:15,-0.055391,-0.055391
2019-09-22 19:00:45,-0.072116,-0.072116
2019-09-22 20:00:15,0.10001,0.10001
2019-09-22 20:00:45,0.16909,0.16909
2019-09-22 21:00:15,0.17494,0.17494
2019-09-22 21:00:45,0.20776,0.20776
2019-09-22 22:00:15,0.29941,0.29941
2019-09-22 22:00:45,-0.053364,-0.053364
2019-09-22 23:00:15,0.11928,0.11928
2019-09-22 23:00:45,0.15837,0.15837
2019-09-23 00:00:15,0.085116,0.085116
2019-09-23 00:00:45,0.021008,0.021008
2019-09-23 01:00:15,0.14618,0.14618
2019-09-23 01:00:45,0.010785,0.010785
2019-09-23 02:00:15,,-0.019855130000000002
2019-09-23 02:00:45,,0.16154577000000003
2019-09-23 03:00:15,0.035159,0.035159
2019-09-23 03:00:45,0.004451,0.004451
2019-09-23 04:00:15,0.32476,0.32476
2019-09-23 04:00:45,0.10009,0.10009
2019-09-23 05:00:15,,0.001071965000000001
2019-09-23 05:00:45,,0.011497907500000003
2019-09-23 06:00:15,-0.36734,-0.36734
2019-09-23 06:00:45,0.27144,0.27144
2019-09-23 07:00:15,,-0.6051353650000001
2019-09-23 07:00:45,,-0.6924283325000002
2019-09-23 08:00:15,-1.0477,-1.0477
2019-09-23 08:00:45,0.965,0.965
2019-09-23 09:00:15,0.14031,0.14031
2019-09-23 09:00:45,-1.637,-1.637
2019-09-23 10:00:15,-1.9242,-1.9242
2019-09-23 10:00:45,,-0.05117842249999999
2019-09-23 11:00:15,-1.1472,-1.1472
2019-09-23 11:00:45,-0.6157,-0.6157
2019-09-23 12:00:15,-1.0758,-1.0758
2019-09-23 12:00:45,-0.50657,-0.50657
2019-09-23 13:00:15,-0.50046,-0.50046
2019-09-23 13:00:45,-0.68682,-0.68682
2019-09-23 14:00:15,,0.1733529225
2019-09-23 14:00:45,,-0.1252124275
2019-09-23 15:00:15,-0.10676,-0.10676
2019-09-23 15:00:45,0.024969,0.024969
2019-09-23 16:00:15,-0.042489,-0.042489
2019-09-23 16:00:45,0.13071,0.13071
2019-09-23 17:00:15,-0.009715,-0.009715
2019-09-23 17:00:45,0.12919,0.12919
2019-09-23 18:00:15,0.063989,0.063989
2019-09-23 18:00:45,-0.12302,-0.12302
2019-09-23 19:00:15,1.2919,1.2919
2019-09-23 19:00:45,,0.37926195000000007
2019-09-23 20:00:15,,0.6671154225
2019-09-23 20:00:45,,0.647347105
2019-09-23 21:00:15,0.39545,0.39545
2019-09-23 21:00:45,,0.5401575574999999
2019-09-23 22:00:15,,0.29362064250000003
2019-09-23 22:00:45,0.17988,0.17988
2019-09-23 23:00:15,0.33038,0.33038
2019-09-23 23:00:45,0.34834,0.34834
2019-09-24 00:00:15,0.17747,0.17747
2019-09-24 00:00:45,0.21861,0.21861
2019-09-24 01:00:15,0.067542,0.067542
2019-09-24 01:00:45,,0.21552456
2019-09-24 02:00:15,0.05095,0.05095
2019-09-24 02:00:45,0.40443,0.40443
2019-09-24 03:00:15,0.16597,0.16597
2019-09-24 03:00:45,0.096191,0.096191
2019-09-24 04:00:15,0.27055,0.27055
2019-09-24 04:00:45,0.021966,0.021966
2019-09-24 05:00:15,-0.14366,-0.14366
2019-09-24 05:00:45,0.14205,0.14205
2019-09-24 06:00:15,-0.14401,-0.14401
2019-09-24 06:00:45,1.5115,1.5115
2019-09-24 07:00:15,,0.01774719250000001
2019-09-24 07:00:45,0.20269,0.20269
2019-09-24 08:00:15,-0.22851,-0.22851
2019-09-24 08:00:45,-0.30471,-0.30471
2019-09-24 09:00:15,-0.34408,-0.34408
2019-09-24 09:00:45,-0.12944,-0.12944
2019-09-24 10:00:15,-0.24257,-0.24257
2019-09-24 10:00:45,0.31052,0.31052
2019-09-24 11:00:15,-0.078531,-0.078531
2019-09-24 11:00:45,0.086203,0.086203
2019-09-24 12:00:15,-0.28531,-0.28531
2019-09-24 12:00:45,-0.021159,-0.021159
2019-09-24 13:00:15,0.26919,0.26919
2019-09-24 13:00:45,-0.014217,-0.014217
2019-09-24 14:00:15,0.61812,0.61812
2019-09-24 14:00:45,0.072122,0.072122
2019-09-24 15:00:15,-1.3483,-1.3483
2019-09-24 15:00:45,-0.21346,-0.21346
2019-09-24 16:00:15,-0.85131,-0.85131
2019-09-24 16:00:45,-0.50019,-0.50019
2019-09-24 17:00:15,-0.2591,-0.2591
2019-09-24 17:00:45,-0.043634,-0.043634
2019-09-24 18:00:15,0.051468,0.051468
2019-09-24 18:00:45,-0.009025,-0.009025
2019-09-24 19:00:15,0.077191,0.077191
2019-09-24 19:00:45,0.044393,0.044393
2019-09-24 20:00:15,-0.030902,-0.030902
2019-09-24 20:00:45,0.098921,0.098921
2019-09-24 21:00:15,-0.022091,-0.022091
2019-09-24 21:00:45,0.046988,0.046988
2019-09-24 22:00:15,0.019252,0.019252
2019-09-24 22:00:45,0.032003,0.032003
2019-09-24 23:00:15,-0.01841,-0.01841
2019-09-24 23:00:45,0.008976,0.008976
2019-09-25 00:00:15,0.22681,0.22681
2019-09-25 00:00:45,-0.079719,-0.079719
2019-09-25 01:00:15,0.10887,0.10887
2019-09-25 01:00:45,-0.04019,-0.04019
2019-09-25 02:00:15,-0.024842,-0.024842
2019-09-25 02:00:45,-0.036542,-0.036542
2019-09-25 03:00:15,-0.038716,-0.038716
2019-09-25 03:00:45,0.026904,0.026904
2019-09-25 04:00:15,-0.019802,-0.019802
2019-09-25 04:00:45,-0.014179,-0.014179
2019-09-25 05:00:15,0.066828,0.066828
2019-09-25 05:00:45,-0.039148,-0.039148
2019-09-25 06:00:15,-0.076166,-0.076166
2019-09-25 06:00:45,-0.13974,-0.13974
2019-09-25 07:00:15,-0.49217,-0.49217
2019-09-25 07:00:45,-0.53657,-0.53657
2019-09-25 08:00:15,-0.27058,-0.27058
2019-09-25 08:00:45,-0.66441,-0.66441
2019-09-25 09:00:15,-0.29486,-0.29486
2019-09-25 09:00:45,-0.39106,-0.39106
2019-09-25 10:00:15,-0.22777,-0.22777
2019-09-25 10:00:45,-0.27293,-0.27293
2019-09-25 11:00:15,-0.017186,-0.017186
2019-09-25 11:00:45,-0.08324,-0.08324
2019-09-25 12:00:15,0.098346,0.098346
2019-09-25 12:00:45,0.13958,0.13958
2019-09-25 13:00:15,0.14779,0.14779
2019-09-25 13:00:45,-0.14892,-0.14892
2019-09-25 14:00:15,0.42435,0.42435
2019-09-25 14:00:45,-0.2857,-0.2857
2019-09-25 15:00:15,-0.45137,-0.45137
2019-09-25 15:00:45,-0.38776,-0.38776
2019-09-25 16:00:15,-0.090993,-0.090993
2019-09-25 16:00:45,-0.038079,-0.038079
2019-09-25 17:00:15,-0.07546,-0.07546
2019-09-25 17:00:45,0.02814,0.02814
2019-09-25 18:00:15,0.27879,0.27879
2019-09-25 18:00:45,0.02593,0.02593
2019-09-25 19:00:15,0.10211,0.10211
2019-09-25 19:00:45,0.06374,0.06374
2019-09-25 20:00:15,0.007345,0.007345
2019-09-25 20:00:45,0.048041,0.048041
2019-09-25 21:00:15,0.1381,0.1381
2019-09-25 21:00:45,0.1939,0.1939
2019-09-25 22:00:15,0.068052,0.068052
2019-09-25 22:00:45,0.084739,0.084739
2019-09-25 23:00:15,0.042437,0.042437
2019-09-25 23:00:45,-0.062868,-0.062868
2019-09-26 00:00:15,-0.043949,-0.043949
2019-09-26 00:00:45,-0.033429,-0.033429
2019-09-26 01:00:15,-0.052202,-0.052202
2019-09-26 01:00:45,-0.011547,-0.011547
2019-09-26 02:00:15,0.007103,0.007103
2019-09-26 02:00:45,0.044516,0.044516
2019-09-26 03:00:15,-0.014315,-0.014315
2019-09-26 03:00:45,-0.046885,-0.046885
2019-09-26 04:00:15,-0.044823,-0.044823
2019-09-26 04:00:45,-0.037451,-0.037451
2019-09-26 05:00:15,-0.04001,-0.04001
2019-09-26 05:00:45,-0.027619,-0.027619
2019-09-26 06:00:15,0.068222,0.068222
2019-09-26 06:00:45,-0.35529,-0.35529
2019-09-26 07:00:15,-0.537,-0.537
2019-09-26 07:00:45,-0.31511,-0.31511
2019-09-26 08:00:15,-0.2734,-0.2734
2019-09-26 08:00:45,0.13176,0.13176
2019-09-26 09:00:15,-0.15561,-0.15561
2019-09-26 09:00:45,-0.27608,-0.27608
2019-09-26 10:00:15,0.121,0.121
2019-09-26 10:00:45,-0.2446,-0.2446
2019-09-26 11:00:15,-0.39746,-0.39746
2019-09-26 11:00:45,-0.2097,-0.2097
2019-09-26 12:00:15,-0.7067,-0.7067
2019-09-26 12:00:45,-0.96069,-0.96069
2019-09-26 13:00:15,-0.36934,-0.36934
2019-09-26 13:00:45,-1.2144,-1.2144
2019-09-26 14:00:15,-0.46993,-0.46993
2019-09-26 14:00:45,-0.4285,-0.4285
2019-09-26 15:00:15,-0.71362,-0.71362
2019-09-26 15:00:45,-0.63784,-0.63784
2019-09-26 16:00:15,-0.4359,-0.4359
2019-09-26 16:00:45,-0.37534,-0.37534
2019-09-26 17:00:15,-0.12469,-0.12469
2019-09-26 17:00:45,0.001863,0.001863
2019-09-26 18:00:15,0.10642,0.10642
2019-09-26 18:00:45,0.032288,0.032288
2019-09-26 19:00:15,0.059276,0.059276
2019-09-26 19:00:45,-0.10004,-0.10004
2019-09-26 20:00:15,-0.010069,-0.010069
2019-09-26 20:00:45,0.021402,0.021402
2019-09-26 21:00:15,0.043179,0.043179
2019-09-26 21:00:45,-0.002881,-0.002881
2019-09-26 22:00:15,0.08836,0.08836
2019-09-26 22:00:45,0.046445,0.046445
2019-09-26 23:00:15,-0.002116,-0.002116
2019-09-26 23:00:45,-0.034469,-0.034469
2019-09-27 00:00:15,-0.041481,-0.041481
2019-09-27 00:00:45,-0.020649,-0.020649
2019-09-27 01:00:15,-0.025535,-0.025535
2019-09-27 01:00:45,-0.080437,-0.080437
2019-09-27 02:00:15,-0.11046,-0.11046
2019-09-27 02:00:45,0.087022,0.087022
2019-09-27 03:00:15,-0.13881,-0.13881
2019-09-27 03:00:45,-0.063843,-0.063843
2019-09-27 04:00:15,0.008748,0.008748
2019-09-27 04:00:45,-0.096561,-0.096561
2019-09-27 05:00:15,-0.080345,-0.080345
2019-09-27 05:00:45,-0.00995,-0.00995
2019-09-27 06:00:15,-0.039481,-0.039481
2019-09-27 06:00:45,-0.25101,-0.25101
2019-09-27 07:00:15,-0.3064,-0.3064
2019-09-27 07:00:45,-0.40621,-0.40621
2019-09-27 08:00:15,-0.26516,-0.26516
2019-09-27 08:00:45,-0.45303,-0.45303
2019-09-27 09:00:15,-0.15684,-0.15684
2019-09-27 09:00:45,-0.17237,-0.17237
2019-09-27 10:00:15,-0.4542,-0.4542
2019-09-27 10:00:45,-0.11341,-0.11341
2019-09-27 11:00:15,-0.35693,-0.35693
2019-09-27 11:00:45,-0.5295,-0.5295
2019-09-27 12:00:15,,-0.49041300499999985
2019-09-27 12:00:45,-0.69332,-0.69332
2019-09-27 13:00:15,-0.49567,-0.49567
2019-09-27 13:00:45,-0.88482,-0.88482
2019-09-27 14:00:15,-0.50439,-0.50439
2019-09-27 14:00:45,-0.72897,-0.72897
2019-09-27 15:00:15,-0.96737,-0.96737
2019-09-27 15:00:45,-0.77937,-0.77937
2019-09-27 16:00:15,-0.32347,-0.32347
2019-09-27 16:00:45,-0.21458,-0.21458
2019-09-27 17:00:15,,0.22796129999999998
2019-09-27 17:00:45,,0.23824053249999996
2019-09-27 18:00:15,0.20926,0.20926
2019-09-27 18:00:45,0.37529,0.37529
2019-09-27 19:00:15,0.36034,0.36034
2019-09-27 19:00:45,0.10035,0.10035
2019-09-27 20:00:15,-0.033485,-0.033485
2019-09-27 20:00:45,-0.062089,-0.062089
2019-09-27 21:00:15,-0.13868,-0.13868
2019-09-27 21:00:45,-0.093342,-0.093342
2019-09-27 22:00:15,-0.072535,-0.072535
2019-09-27 22:00:45,-0.058382,-0.058382
2019-09-27 23:00:15,-0.03213,-0.03213
2019-09-27 23:00:45,-0.009682,-0.009682
2019-09-28 00:00:15,-0.104,-0.104
2019-09-28 00:00:45,-0.042962,-0.042962
2019-09-28 01:00:15,-0.025703,-0.025703
2019-09-28 01:00:45,-0.053005,-0.053005
2019-09-28 02:00:15,0.016311,0.016311
2019-09-28 02:00:45,-0.027481,-0.027481
2019-09-28 03:00:15,0.005289,0.005289
2019-09-28 03:00:45,-0.077682,-0.077682
2019-09-28 04:00:15,-0.079203,-0.079203
2019-09-28 04:00:45,-0.020997,-0.020997
2019-09-28 05:00:15,-0.019747,-0.019747
2019-09-28 05:00:45,-0.004538,-0.004538
2019-09-28 06:00:15,-0.088356,-0.088356
2019-09-28 06:00:45,-0.23928,-0.23928
2019-09-28 07:00:15,-0.53054,-0.53054
2019-09-28 07:00:45,-0.75384,-0.75384
2019-09-28 08:00:15,-0.59451,-0.59451
2019-09-28 08:00:45,-0.60326,-0.60326
2019-09-28 09:00:15,-0.4361,-0.4361
2019-09-28 09:00:45,-0.47826,-0.47826
2019-09-28 10:00:15,-0.51938,-0.51938
2019-09-28 10:00:45,-0.63778,-0.63778
2019-09-28 11:00:15,-0.71653,-0.71653
2019-09-28 11:00:45,-1.0437,-1.0437
2019-09-28 12:00:15,-1.5995,-1.5995
2019-09-28 12:00:45,-0.63248,-0.63248
2019-09-28 13:00:15,-1.0411,-1.0411
2019-09-28 13:00:45,-1.065,-1.065
2019-09-28 14:00:15,-0.67674,-0.67674
2019-09-28 14:00:45,-1.1323,-1.1323
2019-09-28 15:00:15,-0.70388,-0.70388
2019-09-28 15:00:45,-0.85196,-0.85196
2019-09-28 16:00:15,-0.64454,-0.64454
2019-09-28 16:00:45,-0.46654,-0.46654
2019-09-28 17:00:15,-0.13407,-0.13407
2019-09-28 17:00:45,0.038158,0.038158
2019-09-28 18:00:15,0.18597,0.18597
2019-09-28 18:00:45,0.32147,0.32147
2019-09-28 19:00:15,0.30618,0.30618
2019-09-28 19:00:45,0.27381,0.27381
2019-09-28 20:00:15,0.33247,0.33247
2019-09-28 20:00:45,0.37635,0.37635
2019-09-28 21:00:15,0.30398,0.30398
2019-09-28 21:00:45,0.022524,0.022524
2019-09-28 22:00:15,-0.010961,-0.010961
2019-09-28 22:00:45,-0.006169,-0.006169
2019-09-28 23:00:15,0.090142,0.090142
2019-09-28 23:00:45,0.00043,0.00043
2019-09-29 00:00:15,-0.037627,-0.037627
2019-09-29 00:00:45,-0.073645,-0.073645
2019-09-29 01:00:15,-0.18647,-0.18647
2019-09-29 01:00:45,-0.015766,-0.015766
2019-09-29 02:00:15,-0.062107,-0.062107
2019-09-29 02:00:45,-0.071905,-0.071905
2019-09-29 03:00:15,-0.038214,-0.038214
2019-09-29 03:00:45,-0.013036,-0.013036
2019-09-29 04:00:15,0.12214,0.12214
2019-09-29 04:00:45,-0.14703,-0.14703
2019-09-29 05:00:15,-0.080821,-0.080821
2019-09-29 05:00:45,-0.093435,-0.093435
2019-09-29 06:00:15,-0.041396,-0.041396
2019-09-29 06:00:45,-0.34576,-0.34576
2019-09-29 07:00:15,-0.56819,-0.56819
2019-09-29 07:00:45,-0.5143,-0.5143
2019-09-29 08:00:15,-0.4938,-0.4938
2019-09-29 08:00:45,-0.56996,-0.56996
2019-09-29 09:00:15,-0.59202,-0.59202
2019-09-29 09:00:45,-0.83203,-0.83203
2019-09-29 10:00:15,-0.52964,-0.52964
2019-09-29 10:00:45,-1.0971,-1.0971
2019-09-29 11:00:15,-0.95608,-0.95608
2019-09-29 11:00:45,-1.0464,-1.0464
2019-09-29 12:00:15,-0.58234,-0.58234
2019-09-29 12:00:45,-0.61062,-0.61062
2019-09-29 13:00:15,-0.8139,-0.8139
2019-09-29 13:00:45,-0.84943,-0.84943
2019-09-29 14:00:15,-0.88662,-0.88662
2019-09-29 14:00:45,-0.85702,-0.85702
2019-09-29 15:00:15,-0.88459,-0.88459
2019-09-29 15:00:45,-0.48564,-0.48564
2019-09-29 16:00:15,-0.4249,-0.4249
2019-09-29 16:00:45,-0.32667,-0.32667
2019-09-29 17:00:15,-0.057203,-0.057203
2019-09-29 17:00:45,0.18723,0.18723
2019-09-29 18:00:15,0.243,0.243
2019-09-29 18:00:45,0.23811,0.23811
2019-09-29 19:00:15,0.19511,0.19511
2019-09-29 19:00:45,0.23377,0.23377
2019-09-29 20:00:15,0.31726,0.31726
2019-09-29 20:00:45,0.31215,0.31215
2019-09-29 21:00:15,0.3371,0.3371
2019-09-29 21:00:45,0.29093,0.29093
2019-09-29 22:00:15,0.049772,0.049772
2019-09-29 22:00:45,0.081712,0.081712
2019-09-29 23:00:15,-0.078413,-0.078413
2019-09-29 23:00:45,-0.051328,-0.051328
2019-09-30 00:00:15,0.10904,0.10904
2019-09-30 00:00:45,0.048604,0.048604
2019-09-30 01:00:15,-0.089585,-0.089585
2019-09-30 01:00:45,-0.1366,-0.1366
2019-09-30 02:00:15,-0.08372,-0.08372
2019-09-30 02:00:45,-0.098453,-0.098453
2019-09-30 03:00:15,-0.041686,-0.041686
2019-09-30 03:00:45,-0.024251,-0.024251
2019-09-30 04:00:15,-0.060699,-0.060699
2019-09-30 04:00:45,0.038329,0.038329
2019-09-30 05:00:15,-0.084821,-0.084821
2019-09-30 05:00:45,0.002112,0.002112
2019-09-30 06:00:15,-0.043205,-0.043205
2019-09-30 06:00:45,-0.38034,-0.38034
2019-09-30 07:00:15,-0.55049,-0.55049
2019-09-30 07:00:45,-0.14791,-0.14791
2019-09-30 08:00:15,-0.64336,-0.64336
2019-09-30 08:00:45,-0.29342,-0.29342
2019-09-30 09:00:15,-0.62685,-0.62685
2019-09-30 09:00:45,-0.37515,-0.37515
2019-09-30 10:00:15,-0.93438,-0.93438
2019-09-30 10:00:45,-0.68523,-0.68523
2019-09-30 11:00:15,-1.1081,-1.1081
2019-09-30 11:00:45,-0.54471,-0.54471
2019-09-30 12:00:15,-1.5473,-1.5473
2019-09-30 12:00:45,-1.6024,-1.6024
2019-09-30 13:00:15,-0.7113,-0.7113
2019-09-30 13:00:45,-0.31506,-0.31506
2019-09-30 14:00:15,-1.0395,-1.0395
2019-09-30 14:00:45,-0.91559,-0.91559
2019-09-30 15:00:15,-0.75861,-0.75861
2019-09-30 15:00:45,-0.36948,-0.36948
2019-09-30 16:00:15,-0.30984,-0.30984
2019-09-30 16:00:45,-0.15921,-0.15921
2019-09-30 17:00:15,0.35901,0.35901
2019-09-30 17:00:45,0.40422,0.40422
2019-09-30 18:00:15,0.36673,0.36673
2019-09-30 18:00:45,0.46371,0.46371
2019-09-30 19:00:15,0.44593,0.44593
2019-09-30 19:00:45,0.59554,0.59554
2019-09-30 20:00:15,0.47917,0.47917
2019-09-30 20:00:45,0.41768,0.41768
2019-09-30 21:00:15,0.51713,0.51713
2019-09-30 21:00:45,0.3916,0.3916
2019-09-30 22:00:15,0.26555,0.26555
2019-09-30 22:00:45,0.28827,0.28827
2019-09-30 23:00:15,0.22384,0.22384
2019-09-30 23:00:45,0.12298,0.12298
2019-10-01 00:00:15,0.10129,0.10129
2019-10-01 00:00:45,0.14581,0.14581
2019-10-01 01:00:15,0.19209,0.19209
2019-10-01 01:00:45,0.2581,0.2581
2019-10-01 02:00:15,0.28064,0.28064
2019-10-01 02:00:45,0.11189,0.11189
2019-10-01 03:00:15,0.12176,0.12176
2019-10-01 03:00:45,0.096094,0.096094
2019-10-01 04:00:15,0.11574,0.11574
2019-10-01 04:00:45,0.11654,0.11654
2019-10-01 05:00:15,0.12557,0.12557
2019-10-01 05:00:45,0.077274,0.077274
2019-10-01 06:00:15,0.069088,0.069088
2019-10-01 06:00:45,-0.077628,-0.077628
2019-10-01 07:00:15,-0.2904,-0.2904
2019-10-01 07:00:45,-0.48973,-0.48973
2019-10-01 08:00:15,-0.26391,-0.26391
2019-10-01 08:00:45,-0.41482,-0.41482
2019-10-01 09:00:15,-0.46787,-0.46787
2019-10-01 09:00:45,-0.16408,-0.16408
2019-10-01 10:00:15,0.46333,0.46333
2019-10-01 10:00:45,0.15788,0.15788
2019-10-01 11:00:15,-0.28542,-0.28542
2019-10-01 11:00:45,-0.6123,-0.6123
2019-10-01 12:00:15,-0.49062,-0.49062
2019-10-01 12:00:45,-0.77602,-0.77602
2019-10-01 13:00:15,-0.89379,-0.89379
2019-10-01 13:00:45,-0.81665,-0.81665
2019-10-01 14:00:15,-0.64169,-0.64169
2019-10-01 14:00:45,-0.4105,-0.4105
2019-10-01 15:00:15,-0.29613,-0.29613
2019-10-01 15:00:45,-0.11043,-0.11043
2019-10-01 16:00:15,-0.036646,-0.036646
2019-10-01 16:00:45,0.022393,0.022393
2019-10-01 17:00:15,0.067085,0.067085
2019-10-01 17:00:45,0.043342,0.043342
2019-10-01 18:00:15,0.13204,0.13204
2019-10-01 18:00:45,0.20265,0.20265
2019-10-01 19:00:15,0.39736,0.39736
2019-10-01 19:00:45,0.11083,0.11083
2019-10-01 20:00:15,0.0528,0.0528
2019-10-01 20:00:45,0.098672,0.098672
2019-10-01 21:00:15,0.058293,0.058293
2019-10-01 21:00:45,0.099593,0.099593
2019-10-01 22:00:15,0.24073,0.24073
2019-10-01 22:00:45,0.094171,0.094171
2019-10-01 23:00:15,0.15822,0.15822
2019-10-01 23:00:45,0.12405,0.12405
2019-10-02 00:00:15,0.10801,0.10801
2019-10-02 00:00:45,0.09478,0.09478
2019-10-02 01:00:15,0.22477,0.22477
2019-10-02 01:00:45,0.13054,0.13054
2019-10-02 02:00:15,0.056288,0.056288
2019-10-02 02:00:45,0.021563,0.021563
2019-10-02 03:00:15,-0.006454,-0.006454
2019-10-02 03:00:45,-0.002388,-0.002388
2019-10-02 04:00:15,-0.044193,-0.044193
2019-10-02 04:00:45,-0.059229,-0.059229
2019-10-02 05:00:15,-0.13645,-0.13645
2019-10-02 05:00:45,-0.088862,-0.088862
2019-10-02 06:00:15,-0.13909,-0.13909
2019-10-02 06:00:45,-0.069542,-0.069542
2019-10-02 07:00:15,-0.41443,-0.41443
2019-10-02 07:00:45,-0.45229,-0.45229
2019-10-02 08:00:15,-0.44357,-0.44357
2019-10-02 08:00:45,-0.3646,-0.3646
2019-10-02 09:00:15,-0.34527,-0.34527
2019-10-02 09:00:45,-0.1169,-0.1169
2019-10-02 10:00:15,-0.058351,-0.058351
2019-10-02 10:00:45,-0.33493,-0.33493
2019-10-02 11:00:15,-0.39396,-0.39396
2019-10-02 11:00:45,-0.35331,-0.35331
2019-10-02 12:00:15,-1.1949,-1.1949
2019-10-02 12:00:45,-0.078717,-0.078717
2019-10-02 13:00:15,-0.75754,-0.75754
2019-10-02 13:00:45,-0.037895,-0.037895
2019-10-02 14:00:15,-0.33578,-0.33578
2019-10-02 14:00:45,0.047276,0.047276
2019-10-02 15:00:15,-0.19447,-0.19447
2019-10-02 15:00:45,-0.51866,-0.51866
2019-10-02 16:00:15,-0.41538,-0.41538
2019-10-02 16:00:45,-0.34773,-0.34773
2019-10-02 17:00:15,-0.29039,-0.29039
2019-10-02 17:00:45,-0.19538,-0.19538
2019-10-02 18:00:15,-0.028553,-0.028553
2019-10-02 18:00:45,-0.06355,-0.06355
2019-10-02 19:00:15,0.000731,0.000731
2019-10-02 19:00:45,-0.021775,-0.021775
2019-10-02 20:00:15,-0.037039,-0.037039
2019-10-02 20:00:45,-0.049339,-0.049339
2019-10-02 21:00:15,-0.051825,-0.051825
2019-10-02 21:00:45,0.002512,0.002512
2019-10-02 22:00:15,-0.062245,-0.062245
2019-10-02 22:00:45,-0.043162,-0.043162
2019-10-02 23:00:15,-0.055,-0.055
2019-10-02 23:00:45,-0.051421,-0.051421
2019-10-03 00:00:15,,0.19329046250000004
2019-10-03 00:00:45,,0.11324683250000003
2019-10-03 01:00:15,0.062994,0.062994
2019-10-03 01:00:45,,0.085544915
2019-10-03 02:00:15,,-0.033569499999999995
2019-10-03 02:00:45,,0.008367560000000003
2019-10-03 03:00:15,0.050204,0.050204
2019-10-03 03:00:45,0.19678,0.19678
2019-10-03 04:00:15,,0.1157457725
2019-10-03 04:00:45,,0.08428860999999999
2019-10-03 05:00:15,0.1473,0.1473
2019-10-03 05:00:45,-0.18245,-0.18245
2019-10-03 06:00:15,-0.000992,-0.000992
2019-10-03 06:00:45,-0.39648,-0.39648
2019-10-03 07:00:15,-0.40129,-0.40129
2019-10-03 07:00:45,0.037161,0.037161
2019-10-03 08:00:15,1.1725,1.1725
2019-10-03 08:00:45,0.054189,0.054189
2019-10-03 09:00:15,-0.082527,-0.082527
2019-10-03 09:00:45,-0.38113,-0.38113
2019-10-03 10:00:15,-1.0378,-1.0378
2019-10-03 10:00:45,-0.84532,-0.84532
2019-10-03 11:00:15,-0.15271,-0.15271
2019-10-03 11:00:45,,-0.4188698199999999
2019-10-03 12:00:15,-0.21498,-0.21498
2019-10-03 12:00:45,-0.93408,-0.93408
2019-10-03 13:00:15,-0.92766,-0.92766
2019-10-03 13:00:45,0.35988,0.35988
2019-10-03 14:00:15,0.28148,0.28148
2019-10-03 14:00:45,-0.2596,-0.2596
2019-10-03 15:00:15,-0.60607,-0.60607
2019-10-03 15:00:45,-0.35454,-0.35454
2019-10-03 16:00:15,-0.18552,-0.18552
2019-10-03 16:00:45,-0.68113,-0.68113
2019-10-03 17:00:15,-0.18298,-0.18298
2019-10-03 17:00:45,0.23409,0.23409
2019-10-03 18:00:15,0.31465,0.31465
2019-10-03 18:00:45,0.23496,0.23496
2019-10-03 19:00:15,0.21362,0.21362
2019-10-03 19:00:45,0.4165,0.4165
2019-10-03 20:00:15,0.4191,0.4191
2019-10-03 20:00:45,0.20928,0.20928
2019-10-03 21:00:15,0.000545,0.000545
2019-10-03 21:00:45,0.053965,0.053965
2019-10-03 22:00:15,0.23537,0.23537
2019-10-03 22:00:45,-0.065315,-0.065315
2019-10-03 23:00:15,-0.047109,-0.047109
2019-10-03 23:00:45,-0.002596,-0.002596
2019-10-04 00:00:15,0.057914,0.057914
2019-10-04 00:00:45,-0.075552,-0.075552
2019-10-04 01:00:15,-0.000756,-0.000756
2019-10-04 01:00:45,0.70852,0.70852
2019-10-04 02:00:15,,1.3274111275000002
2019-10-04 02:00:45,,0.7213887499999998
2019-10-04 03:00:15,,1.2421286974999992
2019-10-04 03:00:45,,1.3387071474999999
2019-10-04 04:00:15,,1.3058508399999993
2019-10-04 04:00:45,,0.6651905449999999
2019-10-04 05:00:15,0.011725,0.011725
2019-10-04 05:00:45,0.69075,0.69075
2019-10-04 06:00:15,,1.280608425
2019-10-04 06:00:45,0.02284,0.02284
2019-10-04 07:00:15,,0.8042536224999998
2019-10-04 07:00:45,,0.079161155
2019-10-04 08:00:15,0.44929,0.44929
2019-10-04 08:00:45,-0.12179,-0.12179
2019-10-04 09:00:15,,0.5368291949999999
2019-10-04 09:00:45,0.51823,0.51823
2019-10-04 10:00:15,0.68293,0.68293
2019-10-04 10:00:45,0.49409,0.49409
2019-10-04 11:00:15,1.0358,1.0358
2019-10-04 11:00:45,0.66609,0.66609
2019-10-04 12:00:15,,0.18128007000000004
2019-10-04 12:00:45,,0.5897158675
2019-10-04 13:00:15,,0.8592600325000003
2019-10-04 13:00:45,,0.8328882925000003
2019-10-04 14:00:15,,0.19045572249999998
2019-10-04 14:00:45,-0.32307,-0.32307
2019-10-04 15:00:15,-0.08993,-0.08993
2019-10-04 15:00:45,,0.1072270725
2019-10-04 16:00:15,,-0.09918961250000002
2019-10-04 16:00:45,1.3874,1.3874
2019-10-04 17:00:15,0.49549,0.49549
2019-10-04 17:00:45,,0.9217453100000002
2019-10-04 18:00:15,,0.992933195
2019-10-04 18:00:45,,1.0833294125
2019-10-04 19:00:15,1.2478,1.2478
2019-10-04 19:00:45,,0.7458626175
2019-10-04 20:00:15,1.01,1.01
2019-10-04 20:00:45,1.0056,1.0056
2019-10-04 21:00:15,0.63096,0.63096
2019-10-04 21:00:45,0.49192,0.49192
2019-10-04 22:00:15,0.36794,0.36794
2019-10-04 22:00:45,0.45675,0.45675
2019-10-04 23:00:15,0.54786,0.54786
2019-10-04 23:00:45,0.41692,0.41692
2019-10-05 00:00:15,0.41419,0.41419
2019-10-05 00:00:45,0.36074,0.36074
2019-10-05 01:00:15,0.4695,0.4695
2019-10-05 01:00:45,0.4468,0.4468
2019-10-05 02:00:15,0.20855,0.20855
2019-10-05 02:00:45,0.082966,0.082966
2019-10-05 03:00:15,0.1775,0.1775
2019-10-05 03:00:45,0.013391,0.013391
2019-10-05 04:00:15,,0.18897223749999997
2019-10-05 04:00:45,0.16395,0.16395
2019-10-05 05:00:15,0.12439,0.12439
2019-10-05 05:00:45,0.12146,0.12146
2019-10-05 06:00:15,0.042437,0.042437
2019-10-05 06:00:45,-0.099208,-0.099208
2019-10-05 07:00:15,0.29566,0.29566
2019-10-05 07:00:45,-0.032784,-0.032784
2019-10-05 08:00:15,-0.032955,-0.032955
2019-10-05 08:00:45,-0.32031,-0.32031
2019-10-05 09:00:15,0.39943,0.39943
2019-10-05 09:00:45,0.32472,0.32472
2019-10-05 10:00:15,0.80112,0.80112
2019-10-05 10:00:45,1.2277,1.2277
2019-10-05 11:00:15,0.92159,0.92159
2019-10-05 11:00:45,0.27571,0.27571
2019-10-05 12:00:15,0.061753,0.061753
2019-10-05 12:00:45,0.62084,0.62084
2019-10-05 13:00:15,0.88124,0.88124
2019-10-05 13:00:45,0.78596,0.78596
2019-10-05 14:00:15,0.57042,0.57042
2019-10-05 14:00:45,0.17367,0.17367
2019-10-05 15:00:15,0.16324,0.16324
2019-10-05 15:00:45,0.4249,0.4249
2019-10-05 16:00:15,0.17183,0.17183
2019-10-05 16:00:45,0.10314,0.10314
2019-10-05 17:00:15,0.1548,0.1548
2019-10-05 17:00:45,0.13747,0.13747
2019-10-05 18:00:15,0.12152,0.12152
2019-10-05 18:00:45,0.066078,0.066078
2019-10-05 19:00:15,-0.003368,-0.003368
2019-10-05 19:00:45,-0.044034,-0.044034
2019-10-05 20:00:15,-0.021084,-0.021084
2019-10-05 20:00:45,-0.045951,-0.045951
2019-10-05 21:00:15,-0.038168,-0.038168
2019-10-05 21:00:45,-0.024948,-0.024948
2019-10-05 22:00:15,0.028372,0.028372
2019-10-05 22:00:45,0.012103,0.012103
2019-10-05 23:00:15,-0.037052,-0.037052
2019-10-05 23:00:45,0.067652,0.067652
2019-10-06 00:00:15,-0.050367,-0.050367
2019-10-06 00:00:45,0.033477,0.033477
2019-10-06 01:00:15,-0.010949,-0.010949
2019-10-06 01:00:45,-0.029649,-0.029649
2019-10-06 02:00:15,-0.032515,-0.032515
2019-10-06 02:00:45,-0.081625,-0.081625
2019-10-06 03:00:15,,-0.055794875000000015
2019-10-06 03:00:45,0.11168,0.11168
2019-10-06 04:00:15,,-0.024761864999999994
2019-10-06 04:00:45,-0.093673,-0.093673
2019-10-06 05:00:15,0.008982,0.008982
2019-10-06 05:00:45,-0.042065,-0.042065
2019-10-06 06:00:15,-0.12499,-0.12499
2019-10-06 06:00:45,-0.19367,-0.19367
2019-10-06 07:00:15,-0.33163,-0.33163
2019-10-06 07:00:45,-0.41904,-0.41904
2019-10-06 08:00:15,-0.15505,-0.15505
2019-10-06 08:00:45,-0.061628,-0.061628
2019-10-06 09:00:15,0.29188,0.29188
2019-10-06 09:00:45,0.20126,0.20126
2019-10-06 10:00:15,0.084719,0.084719
2019-10-06 10:00:45,0.29644,0.29644
2019-10-06 11:00:15,0.59669,0.59669
2019-10-06 11:00:45,0.077689,0.077689
2019-10-06 12:00:15,0.19515,0.19515
2019-10-06 12:00:45,0.62786,0.62786
2019-10-06 13:00:15,0.16301,0.16301
2019-10-06 13:00:45,-0.048893,-0.048893
2019-10-06 14:00:15,0.008697,0.008697
2019-10-06 14:00:45,-0.20225,-0.20225
2019-10-06 15:00:15,-0.17327,-0.17327
2019-10-06 15:00:45,0.11782,0.11782
2019-10-06 16:00:15,0.15488,0.15488
2019-10-06 16:00:45,0.070682,0.070682
2019-10-06 17:00:15,0.030184,0.030184
2019-10-06 17:00:45,-0.047153,-0.047153
2019-10-06 18:00:15,0.002967,0.002967
2019-10-06 18:00:45,-0.016255,-0.016255
2019-10-06 19:00:15,0.044941,0.044941
2019-10-06 19:00:45,0.62794,0.62794
2019-10-06 20:00:15,0.46561,0.46561
2019-10-06 20:00:45,0.44519,0.44519
2019-10-06 21:00:15,0.47137,0.47137
2019-10-06 21:00:45,0.16198,0.16198
2019-10-06 22:00:15,0.12777,0.12777
2019-10-06 22:00:45,0.20792,0.20792
2019-10-06 23:00:15,0.28186,0.28186
2019-10-06 23:00:45,0.30346,0.30346
2019-10-07 00:00:15,-0.009055,-0.009055
2019-10-07 00:00:45,-0.13223,-0.13223
2019-10-07 01:00:15,-0.16345,-0.16345
2019-10-07 01:00:45,,-0.04693382249999999
2019-10-07 02:00:15,-0.092163,-0.092163
2019-10-07 02:00:45,0.047944,0.047944
2019-10-07 03:00:15,0.036818,0.036818
2019-10-07 03:00:45,-0.048304,-0.048304
2019-10-07 04:00:15,-0.14918,-0.14918
2019-10-07 04:00:45,-0.057516,-0.057516
2019-10-07 05:00:15,0.203,0.203
2019-10-07 05:00:45,0.14089,0.14089
2019-10-07 06:00:15,-0.18938,-0.18938
2019-10-07 06:00:45,-0.25635,-0.25635
2019-10-07 07:00:15,-0.60067,-0.60067
2019-10-07 07:00:45,-0.60623,-0.60623
2019-10-07 08:00:15,-0.40867,-0.40867
2019-10-07 08:00:45,-0.44426,-0.44426
2019-10-07 09:00:15,-0.71673,-0.71673
2019-10-07 09:00:45,-0.25956,-0.25956
2019-10-07 10:00:15,-0.40724,-0.40724
2019-10-07 10:00:45,-0.067981,-0.067981
2019-10-07 11:00:15,-0.20776,-0.20776
2019-10-07 11:00:45,-0.50722,-0.50722
2019-10-07 12:00:15,-1.0552,-1.0552
2019-10-07 12:00:45,-0.68945,-0.68945
2019-10-07 13:00:15,-0.69124,-0.69124
2019-10-07 13:00:45,-0.87832,-0.87832
2019-10-07 14:00:15,-1.0099,-1.0099
2019-10-07 14:00:45,-0.90815,-0.90815
2019-10-07 15:00:15,-0.58865,-0.58865
2019-10-07 15:00:45,-0.38098,-0.38098
2019-10-07 16:00:15,-0.50764,-0.50764
2019-10-07 16:00:45,-0.24467,-0.24467
2019-10-07 17:00:15,-0.13533,-0.13533
2019-10-07 17:00:45,0.048634,0.048634
2019-10-07 18:00:15,0.053086,0.053086
2019-10-07 18:00:45,-0.096484,-0.096484
2019-10-07 19:00:15,0.061075,0.061075
2019-10-07 19:00:45,0.13884,0.13884
2019-10-07 20:00:15,0.15317,0.15317
2019-10-07 20:00:45,0.11619,0.11619
2019-10-07 21:00:15,0.035158,0.035158
2019-10-07 21:00:45,0.12809,0.12809
2019-10-07 22:00:15,0.25187,0.25187
2019-10-07 22:00:45,0.21396,0.21396
2019-10-07 23:00:15,0.14184,0.14184
2019-10-07 23:00:45,0.039716,0.039716
2019-10-08 00:00:15,0.15419,0.15419
2019-10-08 00:00:45,-0.030065,-0.030065
2019-10-08 01:00:15,-0.044269,-0.044269
2019-10-08 01:00:45,0.041268,0.041268
2019-10-08 02:00:15,0.075294,0.075294
2019-10-08 02:00:45,0.060772,0.060772
2019-10-08 03:00:15,0.031114,0.031114
2019-10-08 03:00:45,0.015557,0.015557
2019-10-08 04:00:15,-0.021975,-0.021975
2019-10-08 04:00:45,-0.053574,-0.053574
2019-10-08 05:00:15,-0.085427,-0.085427
2019-10-08 05:00:45,-0.11425,-0.11425
2019-10-08 06:00:15,-0.17805,-0.17805
2019-10-08 06:00:45,-0.25834,-0.25834
2019-10-08 07:00:15,-0.33371,-0.33371
2019-10-08 07:00:45,-0.37485,-0.37485
2019-10-08 08:00:15,-0.54577,-0.54577
2019-10-08 08:00:45,-0.67297,-0.67297
2019-10-08 09:00:15,-0.63256,-0.63256
2019-10-08 09:00:45,-0.6991,-0.6991
2019-10-08 10:00:15,-0.4852,-0.4852
2019-10-08 10:00:45,-0.21176,-0.21176
2019-10-08 11:00:15,,-0.34607432250000003
2019-10-08 11:00:45,-0.37751,-0.37751
2019-10-08 12:00:15,,-0.33135205000000006
2019-10-08 12:00:45,,-0.029627642500000013
2019-10-08 13:00:15,,0.3091220049999999
2019-10-08 13:00:45,,0.06747533000000003
2019-10-08 14:00:15,0.50787,0.50787
2019-10-08 14:00:45,0.74995,0.74995
2019-10-08 15:00:15,0.49356,0.49356
2019-10-08 15:00:45,0.24302,0.24302
2019-10-08 16:00:15,0.041854,0.041854
2019-10-08 16:00:45,0.42628,0.42628
2019-10-08 17:00:15,0.52884,0.52884
2019-10-08 17:00:45,0.81844,0.81844
2019-10-08 18:00:15,0.27283,0.27283
2019-10-08 18:00:45,0.45009,0.45009
2019-10-08 19:00:15,0.41882,0.41882
2019-10-08 19:00:45,0.27679,0.27679
2019-10-08 20:00:15,0.42203,0.42203
2019-10-08 20:00:45,0.57271,0.57271
2019-10-08 21:00:15,0.26926,0.26926
2019-10-08 21:00:45,0.28355,0.28355
2019-10-08 22:00:15,0.38079,0.38079
2019-10-08 22:00:45,0.20977,0.20977
2019-10-08 23:00:15,0.22915,0.22915
2019-10-08 23:00:45,0.11326,0.11326
2019-10-09 00:00:15,0.89086,0.89086
2019-10-09 00:00:45,0.17022,0.17022
2019-10-09 01:00:15,0.019693,0.019693
2019-10-09 01:00:45,0.19263,0.19263
2019-10-09 02:00:15,0.15865,0.15865
2019-10-09 02:00:45,0.1298,0.1298
2019-10-09 03:00:15,0.13609,0.13609
2019-10-09 03:00:45,0.05948,0.05948
2019-10-09 04:00:15,0.056196,0.056196
2019-10-09 04:00:45,0.088475,0.088475
2019-10-09 05:00:15,0.15756,0.15756
2019-10-09 05:00:45,0.001793,0.001793
2019-10-09 06:00:15,0.083712,0.083712
2019-10-09 06:00:45,-0.003541,-0.003541
2019-10-09 07:00:15,-0.093793,-0.093793
2019-10-09 07:00:45,-0.21387,-0.21387
2019-10-09 08:00:15,-0.25197,-0.25197
2019-10-09 08:00:45,-0.31977,-0.31977
2019-10-09 09:00:15,0.233,0.233
2019-10-09 09:00:45,0.52612,0.52612
2019-10-09 10:00:15,0.76968,0.76968
2019-10-09 10:00:45,0.86738,0.86738
2019-10-09 11:00:15,0.70402,0.70402
2019-10-09 11:00:45,0.55445,0.55445
2019-10-09 12:00:15,0.52993,0.52993
2019-10-09 12:00:45,0.85707,0.85707
2019-10-09 13:00:15,0.41643,0.41643
2019-10-09 13:00:45,0.31679,0.31679
2019-10-09 14:00:15,0.56915,0.56915
2019-10-09 14:00:45,0.75503,0.75503
2019-10-09 15:00:15,0.52287,0.52287
2019-10-09 15:00:45,0.27518,0.27518
2019-10-09 16:00:15,0.093011,0.093011
2019-10-09 16:00:45,-0.083097,-0.083097
2019-10-09 17:00:15,0.16861,0.16861
2019-10-09 17:00:45,0.39013,0.39013
2019-10-09 18:00:15,0.26354,0.26354
2019-10-09 18:00:45,0.1159,0.1159
2019-10-09 19:00:15,0.13099,0.13099
2019-10-09 19:00:45,0.072776,0.072776
2019-10-09 20:00:15,0.033797,0.033797
2019-10-09 20:00:45,0.066742,0.066742
2019-10-09 21:00:15,0.03527,0.03527
2019-10-09 21:00:45,0.13925,0.13925
2019-10-09 22:00:15,0.012034,0.012034
2019-10-09 22:00:45,0.031911,0.031911
2019-10-09 23:00:15,0.096035,0.096035
2019-10-09 23:00:45,0.13856,0.13856
2019-10-10 00:00:15,-0.002943,-0.002943
2019-10-10 00:00:45,-0.11337,-0.11337
2019-10-10 01:00:15,0.020281,0.020281
2019-10-10 01:00:45,0.032324,0.032324
2019-10-10 02:00:15,-0.074747,-0.074747
2019-10-10 02:00:45,-0.067641,-0.067641
2019-10-10 03:00:15,-0.077202,-0.077202
2019-10-10 03:00:45,-0.12441,-0.12441
2019-10-10 04:00:15,-0.094353,-0.094353
2019-10-10 04:00:45,-0.11779,-0.11779
2019-10-10 05:00:15,-0.11248,-0.11248
2019-10-10 05:00:45,-0.041127,-0.041127
2019-10-10 06:00:15,-0.13841,-0.13841
2019-10-10 06:00:45,-0.33565,-0.33565
2019-10-10 07:00:15,-0.4565,-0.4565
2019-10-10 07:00:45,-0.36146,-0.36146
2019-10-10 08:00:15,-0.36548,-0.36548
2019-10-10 08:00:45,-0.23804,-0.23804
2019-10-10 09:00:15,-0.25965,-0.25965
2019-10-10 09:00:45,-0.28985,-0.28985
2019-10-10 10:00:15,0.013554,0.013554
2019-10-10 10:00:45,-0.20728,-0.20728
2019-10-10 11:00:15,-0.085855,-0.085855
2019-10-10 11:00:45,0.008942,0.008942
2019-10-10 12:00:15,-0.072031,-0.072031
2019-10-10 12:00:45,-0.46251,-0.46251
2019-10-10 13:00:15,-0.26077,-0.26077
2019-10-10 13:00:45,0.009128,0.009128
2019-10-10 14:00:15,-0.033686,-0.033686
2019-10-10 14:00:45,0.005715,0.005715
2019-10-10 15:00:15,-0.035668,-0.035668
2019-10-10 15:00:45,0.66533,0.66533
2019-10-10 16:00:15,0.41914,0.41914
2019-10-10 16:00:45,0.92147,0.92147
2019-10-10 17:00:15,0.54209,0.54209
2019-10-10 17:00:45,0.87414,0.87414
2019-10-10 18:00:15,0.60598,0.60598
2019-10-10 18:00:45,0.60037,0.60037
2019-10-10 19:00:15,0.76379,0.76379
2019-10-10 19:00:45,0.63601,0.63601
2019-10-10 20:00:15,0.53036,0.53036
2019-10-10 20:00:45,0.34889,0.34889
2019-10-10 21:00:15,0.19254,0.19254
2019-10-10 21:00:45,0.25337,0.25337
2019-10-10 22:00:15,0.26522,0.26522
2019-10-10 22:00:45,0.21214,0.21214
2019-10-10 23:00:15,0.15219,0.15219
2019-10-10 23:00:45,0.097024,0.097024
2019-10-11 00:00:15,0.16343,0.16343
2019-10-11 00:00:45,0.05756,0.05756
2019-10-11 01:00:15,-0.036372,-0.036372
2019-10-11 01:00:45,-0.072215,-0.072215
2019-10-11 02:00:15,-0.060192,-0.060192
2019-10-11 02:00:45,-0.033543,-0.033543
2019-10-11 03:00:15,0.017742,0.017742
2019-10-11 03:00:45,-0.12181,-0.12181
2019-10-11 04:00:15,-0.10857,-0.10857
2019-10-11 04:00:45,-0.13823,-0.13823
2019-10-11 05:00:15,0.2031,0.2031
2019-10-11 05:00:45,,0.2168467425
2019-10-11 06:00:15,0.23476,0.23476
2019-10-11 06:00:45,0.055248,0.055248
2019-10-11 07:00:15,-0.097201,-0.097201
2019-10-11 07:00:45,-0.59437,-0.59437
2019-10-11 08:00:15,-0.54313,-0.54313
2019-10-11 08:00:45,-0.32397,-0.32397
2019-10-11 09:00:15,-0.098044,-0.098044
2019-10-11 09:00:45,-0.073935,-0.073935
2019-10-11 10:00:15,-0.1631,-0.1631
2019-10-11 10:00:45,-0.38279,-0.38279
2019-10-11 11:00:15,-0.54047,-0.54047
2019-10-11 11:00:45,-0.36379,-0.36379
2019-10-11 12:00:15,-0.38597,-0.38597
2019-10-11 12:00:45,-0.38334,-0.38334
2019-10-11 13:00:15,-0.4932,-0.4932
2019-10-11 13:00:45,0.45654,0.45654
2019-10-11 14:00:15,-0.16843,-0.16843
2019-10-11 14:00:45,-0.55117,-0.55117
2019-10-11 15:00:15,-0.6357,-0.6357
2019-10-11 15:00:45,-0.55976,-0.55976
2019-10-11 16:00:15,-0.3472,-0.3472
2019-10-11 16:00:45,-0.28172,-0.28172
2019-10-11 17:00:15,-0.10618,-0.10618
2019-10-11 17:00:45,0.043451,0.043451
2019-10-11 18:00:15,-0.022453,-0.022453
2019-10-11 18:00:45,-0.014495,-0.014495
2019-10-11 19:00:15,0.25812,0.25812
2019-10-11 19:00:45,0.005577,0.005577
2019-10-11 20:00:15,-0.070656,-0.070656
2019-10-11 20:00:45,-0.18098,-0.18098
2019-10-11 21:00:15,-0.11744,-0.11744
2019-10-11 21:00:45,-0.045722,-0.045722
2019-10-11 22:00:15,-0.12248,-0.12248
2019-10-11 22:00:45,-0.064762,-0.064762
2019-10-11 23:00:15,-0.051052,-0.051052
2019-10-11 23:00:45,-0.0881,-0.0881
2019-10-12 00:00:15,-0.018707,-0.018707
2019-10-12 00:00:45,-0.026334,-0.026334
2019-10-12 01:00:15,-0.14693,-0.14693
2019-10-12 01:00:45,-0.076633,-0.076633
2019-10-12 02:00:15,-0.069318,-0.069318
2019-10-12 02:00:45,0.006724,0.006724
2019-10-12 03:00:15,0.003829,0.003829
2019-10-12 03:00:45,-0.045297,-0.045297
2019-10-12 04:00:15,-0.019484,-0.019484
2019-10-12 04:00:45,-0.020592,-0.020592
2019-10-12 05:00:15,-0.18206,-0.18206
2019-10-12 05:00:45,,-0.0043568875
2019-10-12 06:00:15,0.17337,0.17337
2019-10-12 06:00:45,-0.32562,-0.32562
2019-10-12 07:00:15,-0.94531,-0.94531
2019-10-12 07:00:45,,-0.3381849425000001
2019-10-12 08:00:15,0.96922,0.96922
2019-10-12 08:00:45,-0.19823,-0.19823
2019-10-12 09:00:15,-1.3458,-1.3458
2019-10-12 09:00:45,-0.36606,-0.36606
2019-10-12 10:00:15,,-0.316503765
2019-10-12 10:00:45,-0.76537,-0.76537
2019-10-12 11:00:15,-0.72656,-0.72656
2019-10-12 11:00:45,-0.83051,-0.83051
2019-10-12 12:00:15,-0.97798,-0.97798
2019-10-12 12:00:45,-0.89375,-0.89375
2019-10-12 13:00:15,-0.81364,-0.81364
2019-10-12 13:00:45,-0.67145,-0.67145
2019-10-12 14:00:15,-0.72657,-0.72657
2019-10-12 14:00:45,-0.76628,-0.76628
2019-10-12 15:00:15,-0.67407,-0.67407
2019-10-12 15:00:45,-0.78074,-0.78074
2019-10-12 16:00:15,-0.50763,-0.50763
2019-10-12 16:00:45,-0.29759,-0.29759
2019-10-12 17:00:15,-0.027199,-0.027199
2019-10-12 17:00:45,0.011672,0.011672
2019-10-12 18:00:15,-0.024387,-0.024387
2019-10-12 18:00:45,0.75803,0.75803
2019-10-12 19:00:15,,0.134794565
2019-10-12 19:00:45,0.1164,0.1164
2019-10-12 20:00:15,-0.052348,-0.052348
2019-10-12 20:00:45,-0.045877,-0.045877
2019-10-12 21:00:15,0.091839,0.091839
2019-10-12 21:00:45,0.11971,0.11971
2019-10-12 22:00:15,0.018607,0.018607
2019-10-12 22:00:45,0.034351,0.034351
2019-10-12 23:00:15,-0.091678,-0.091678
2019-10-12 23:00:45,-0.11629,-0.11629
2019-10-13 00:00:15,-0.085742,-0.085742
2019-10-13 00:00:45,-0.06887,-0.06887
2019-10-13 01:00:15,-0.12404,-0.12404
2019-10-13 01:00:45,-0.048012,-0.048012
2019-10-13 02:00:15,-0.042629,-0.042629
2019-10-13 02:00:45,-0.044191,-0.044191
2019-10-13 03:00:15,-0.043397,-0.043397
2019-10-13 03:00:45,-0.024532,-0.024532
2019-10-13 04:00:15,-0.023778,-0.023778
2019-10-13 04:00:45,-0.0837,-0.0837
2019-10-13 05:00:15,-0.007597,-0.007597
2019-10-13 05:00:45,,0.002763795000000001
2019-10-13 06:00:15,-0.4004,-0.4004
2019-10-13 06:00:45,-0.28166,-0.28166
2019-10-13 07:00:15,-0.56312,-0.56312
2019-10-13 07:00:45,-0.64467,-0.64467
2019-10-13 08:00:15,-0.76588,-0.76588
2019-10-13 08:00:45,-0.86969,-0.86969
2019-10-13 09:00:15,-0.68525,-0.68525
2019-10-13 09:00:45,-0.16173,-0.16173
2019-10-13 10:00:15,-0.39151,-0.39151
2019-10-13 10:00:45,0.0818,0.0818
2019-10-13 11:00:15,-0.2371,-0.2371
2019-10-13 11:00:45,-0.26586,-0.26586
2019-10-13 12:00:15,-0.17143,-0.17143
2019-10-13 12:00:45,-0.40317,-0.40317
2019-10-13 13:00:15,-0.59892,-0.59892
2019-10-13 13:00:45,-0.85841,-0.85841
2019-10-13 14:00:15,0.004932,0.004932
2019-10-13 14:00:45,-0.66262,-0.66262
2019-10-13 15:00:15,-0.22679,-0.22679
2019-10-13 15:00:45,-0.6458,-0.6458
2019-10-13 16:00:15,-0.46611,-0.46611
2019-10-13 16:00:45,-0.28001,-0.28001
2019-10-13 17:00:15,-0.086106,-0.086106
2019-10-13 17:00:45,-0.0167,-0.0167
2019-10-13 18:00:15,0.035427,0.035427
2019-10-13 18:00:45,0.034135,0.034135
2019-10-13 19:00:15,0.10552,0.10552
2019-10-13 19:00:45,0.025362,0.025362
2019-10-13 20:00:15,0.093314,0.093314
2019-10-13 20:00:45,0.059802,0.059802
2019-10-13 21:00:15,0.07264,0.07264
2019-10-13 21:00:45,0.26037,0.26037
2019-10-13 22:00:15,0.11637,0.11637
2019-10-13 22:00:45,0.048329,0.048329
2019-10-13 23:00:15,0.13081,0.13081
2019-10-13 23:00:45,0.037496,0.037496
2019-10-14 00:00:15,0.015085,0.015085
2019-10-14 00:00:45,-0.064437,-0.064437
2019-10-14 01:00:15,-0.1144,-0.1144
2019-10-14 01:00:45,-0.10948,-0.10948
2019-10-14 02:00:15,-0.10772,-0.10772
2019-10-14 02:00:45,-0.14995,-0.14995
2019-10-14 03:00:15,,-0.12320133749999997
2019-10-14 03:00:45,,-0.10875655999999996
2019-10-14 04:00:15,-0.15076,-0.15076
2019-10-14 04:00:45,-0.11865,-0.11865
2019-10-14 05:00:15,-0.10395,-0.10395
2019-10-14 05:00:45,-0.085408,-0.085408
2019-10-14 06:00:15,-0.18101,-0.18101
2019-10-14 06:00:45,-0.24715,-0.24715
2019-10-14 07:00:15,-0.51891,-0.51891
2019-10-14 07:00:45,0.14827,0.14827
2019-10-14 08:00:15,-1.191,-1.191
2019-10-14 08:00:45,,-0.9500513649999999
2019-10-14 09:00:15,-0.32423,-0.32423
2019-10-14 09:00:45,-0.11163,-0.11163
2019-10-14 10:00:15,-0.70298,-0.70298
2019-10-14 10:00:45,-0.6752,-0.6752
2019-10-14 11:00:15,-0.072424,-0.072424
2019-10-14 11:00:45,0.083645,0.083645
2019-10-14 12:00:15,-0.26486,-0.26486
2019-10-14 12:00:45,-0.74743,-0.74743
2019-10-14 13:00:15,-0.33025,-0.33025
2019-10-14 13:00:45,-0.169,-0.169
2019-10-14 14:00:15,-0.21095,-0.21095
2019-10-14 14:00:45,0.060715,0.060715
2019-10-14 15:00:15,-0.091003,-0.091003
2019-10-14 15:00:45,-0.59274,-0.59274
2019-10-14 16:00:15,-0.214,-0.214
2019-10-14 16:00:45,-0.1422,-0.1422
2019-10-14 17:00:15,-0.017678,-0.017678
2019-10-14 17:00:45,-0.006838,-0.006838
2019-10-14 18:00:15,-0.021049,-0.021049
2019-10-14 18:00:45,-0.054502,-0.054502
2019-10-14 19:00:15,-0.004406,-0.004406
2019-10-14 19:00:45,0.015532,0.015532
2019-10-14 20:00:15,-0.020426,-0.020426
2019-10-14 20:00:45,-0.041928,-0.041928
2019-10-14 21:00:15,0.01263,0.01263
2019-10-14 21:00:45,0.11432,0.11432
2019-10-14 22:00:15,0.01065,0.01065
2019-10-14 22:00:45,,0.13340623500000004
2019-10-14 23:00:15,-0.002302,-0.002302
2019-10-14 23:00:45,-0.093339,-0.093339
2019-10-15 00:00:15,0.002349,0.002349
2019-10-15 00:00:45,-0.040427,-0.040427
2019-10-15 01:00:15,0.092412,0.092412
2019-10-15 01:00:45,0.080416,0.080416
2019-10-15 02:00:15,0.029587,0.029587
2019-10-15 02:00:45,-0.023763,-0.023763
2019-10-15 03:00:15,-0.05983,-0.05983
2019-10-15 03:00:45,0.014308,0.014308
2019-10-15 04:00:15,0.16125,0.16125
2019-10-15 04:00:45,-0.076705,-0.076705
2019-10-15 05:00:15,0.03942,0.03942
2019-10-15 05:00:45,-0.048439,-0.048439
2019-10-15 06:00:15,0.15943,0.15943
2019-10-15 06:00:45,-0.48958,-0.48958
2019-10-15 07:00:15,-0.64496,-0.64496
2019-10-15 07:00:45,-0.44916,-0.44916
2019-10-15 08:00:15,-0.4756,-0.4756
2019-10-15 08:00:45,-0.52439,-0.52439
2019-10-15 09:00:15,-0.34537,-0.34537
2019-10-15 09:00:45,0.051136,0.051136
2019-10-15 10:00:15,0.34277,0.34277
2019-10-15 10:00:45,-0.52724,-0.52724
2019-10-15 11:00:15,-0.34506,-0.34506
2019-10-15 11:00:45,0.29211,0.29211
2019-10-15 12:00:15,-0.12793,-0.12793
2019-10-15 12:00:45,-0.29178,-0.29178
2019-10-15 13:00:15,-0.18908,-0.18908
2019-10-15 13:00:45,-0.099119,-0.099119
2019-10-15 14:00:15,0.047102,0.047102
2019-10-15 14:00:45,-0.27258,-0.27258
2019-10-15 15:00:15,-0.049381,-0.049381
2019-10-15 15:00:45,-0.22601,-0.22601
2019-10-15 16:00:15,-0.33576,-0.33576
2019-10-15 16:00:45,-0.36203,-0.36203
2019-10-15 17:00:15,-0.15812,-0.15812
2019-10-15 17:00:45,-0.077602,-0.077602
2019-10-15 18:00:15,,-0.12488261999999997
2019-10-15 18:00:45,-0.17526,-0.17526
2019-10-15 19:00:15,-0.11898,-0.11898
2019-10-15 19:00:45,-0.17037,-0.17037
2019-10-15 20:00:15,-0.16946,-0.16946
2019-10-15 20:00:45,-0.10808,-0.10808
2019-10-15 21:00:15,,0.03662566250000001
2019-10-15 21:00:45,0.11961,0.11961
2019-10-15 22:00:15,0.06148,0.06148
2019-10-15 22:00:45,0.29079,0.29079
2019-10-15 23:00:15,0.068854,0.068854
2019-10-15 23:00:45,0.10436,0.10436
2019-10-16 00:00:15,,-0.041601995
2019-10-16 00:00:45,0.061977,0.061977
2019-10-16 01:00:15,0.078797,0.078797
2019-10-16 01:00:45,-0.020918,-0.020918
2019-10-16 02:00:15,-0.12115,-0.12115
2019-10-16 02:00:45,-0.047554,-0.047554
2019-10-16 03:00:15,0.055607,0.055607
2019-10-16 03:00:45,-0.06005,-0.06005
2019-10-16 04:00:15,-0.044948,-0.044948
2019-10-16 04:00:45,-0.006963,-0.006963
2019-10-16 05:00:15,-0.033626,-0.033626
2019-10-16 05:00:45,-0.012117,-0.012117
2019-10-16 06:00:15,-0.003223,-0.003223
2019-10-16 06:00:45,-0.42638,-0.42638
2019-10-16 07:00:15,-0.50697,-0.50697
2019-10-16 07:00:45,-0.22851,-0.22851
2019-10-16 08:00:15,-0.10727,-0.10727
2019-10-16 08:00:45,-0.038527,-0.038527
2019-10-16 09:00:15,0.38614,0.38614
2019-10-16 09:00:45,0.39163,0.39163
2019-10-16 10:00:15,-0.16595,-0.16595
2019-10-16 10:00:45,-0.65837,-0.65837
2019-10-16 11:00:15,-0.52451,-0.52451
2019-10-16 11:00:45,-0.62752,-0.62752
2019-10-16 12:00:15,-0.30602,-0.30602
2019-10-16 12:00:45,-0.1645,-0.1645
2019-10-16 13:00:15,-0.88058,-0.88058
2019-10-16 13:00:45,-0.70681,-0.70681
2019-10-16 14:00:15,-0.65582,-0.65582
2019-10-16 14:00:45,-0.89206,-0.89206
2019-10-16 15:00:15,-0.95081,-0.95081
2019-10-16 15:00:45,-0.66351,-0.66351
2019-10-16 16:00:15,-0.43665,-0.43665
2019-10-16 16:00:45,-0.35202,-0.35202
2019-10-16 17:00:15,-0.22224,-0.22224
2019-10-16 17:00:45,-0.12485,-0.12485
2019-10-16 18:00:15,-0.19703,-0.19703
2019-10-16 18:00:45,,-0.14689879750000007
2019-10-16 19:00:15,-0.19563,-0.19563
2019-10-16 19:00:45,,-0.13685943000000006
2019-10-16 20:00:15,,-0.12705258000000003
2019-10-16 20:00:45,-0.18662,-0.18662
2019-10-16 21:00:15,-0.12799,-0.12799
2019-10-16 21:00:45,0.003518,0.003518
2019-10-16 22:00:15,0.069611,0.069611
2019-10-16 22:00:45,-0.064189,-0.064189
2019-10-16 23:00:15,-0.018087,-0.018087
2019-10-16 23:00:45,-0.018436,-0.018436
2019-10-17 00:00:15,-0.057452,-0.057452
2019-10-17 00:00:45,0.015692,0.015692
2019-10-17 01:00:15,-0.037816,-0.037816
2019-10-17 01:00:45,-0.093716,-0.093716
2019-10-17 02:00:15,-0.10994,-0.10994
2019-10-17 02:00:45,-0.069278,-0.069278
2019-10-17 03:00:15,-0.04002,-0.04002
2019-10-17 03:00:45,-0.11417,-0.11417
2019-10-17 04:00:15,0.010446,0.010446
2019-10-17 04:00:45,,-0.0120530875
2019-10-17 05:00:15,-0.012088,-0.012088
2019-10-17 05:00:45,-0.022891,-0.022891
2019-10-17 06:00:15,-0.032776,-0.032776
2019-10-17 06:00:45,-0.27002,-0.27002
2019-10-17 07:00:15,-0.51946,-0.51946
2019-10-17 07:00:45,-0.56524,-0.56524
2019-10-17 08:00:15,-0.468,-0.468
2019-10-17 08:00:45,-0.28904,-0.28904
2019-10-17 09:00:15,-0.052434,-0.052434
2019-10-17 09:00:45,-0.82739,-0.82739
2019-10-17 10:00:15,-0.25685,-0.25685
2019-10-17 10:00:45,0.84315,0.84315
2019-10-17 11:00:15,,-0.4790748475
2019-10-17 11:00:45,-0.97602,-0.97602
2019-10-17 12:00:15,-0.87935,-0.87935
2019-10-17 12:00:45,-0.88825,-0.88825
2019-10-17 13:00:15,-0.81481,-0.81481
2019-10-17 13:00:45,-0.88467,-0.88467
2019-10-17 14:00:15,-0.48655,-0.48655
2019-10-17 14:00:45,-0.61636,-0.61636
2019-10-17 15:00:15,-0.58127,-0.58127
2019-10-17 15:00:45,-0.19904,-0.19904
2019-10-17 16:00:15,-0.27827,-0.27827
2019-10-17 16:00:45,-0.14556,-0.14556
2019-10-17 17:00:15,0.01397,0.01397
2019-10-17 17:00:45,0.25088,0.25088
2019-10-17 18:00:15,0.23933,0.23933
2019-10-17 18:00:45,0.19913,0.19913
2019-10-17 19:00:15,0.18619,0.18619
2019-10-17 19:00:45,0.14112,0.14112
2019-10-17 20:00:15,0.15783,0.15783
2019-10-17 20:00:45,0.10893,0.10893
2019-10-17 21:00:15,0.006467,0.006467
2019-10-17 21:00:45,-0.11385,-0.11385
2019-10-17 22:00:15,-0.11627,-0.11627
2019-10-17 22:00:45,-0.063741,-0.063741
2019-10-17 23:00:15,-0.097837,-0.097837
2019-10-17 23:00:45,-0.048089,-0.048089
2019-10-18 00:00:15,0.059387,0.059387
2019-10-18 00:00:45,0.19887,0.19887
2019-10-18 01:00:15,0.32531,0.32531
2019-10-18 01:00:45,0.27118,0.27118
2019-10-18 02:00:15,,0.11177401499999998
2019-10-18 02:00:45,,0.21163175749999996
2019-10-18 03:00:15,-0.021651,-0.021651
2019-10-18 03:00:45,-0.085009,-0.085009
2019-10-18 04:00:15,-0.060839,-0.060839
2019-10-18 04:00:45,-0.04558,-0.04558
2019-10-18 05:00:15,-0.042306,-0.042306
2019-10-18 05:00:45,-0.11475,-0.11475
2019-10-18 06:00:15,-0.15454,-0.15454
2019-10-18 06:00:45,-0.062442,-0.062442
2019-10-18 07:00:15,-0.40197,-0.40197
2019-10-18 07:00:45,-0.30337,-0.30337
2019-10-18 08:00:15,-0.27624,-0.27624
2019-10-18 08:00:45,-0.2013,-0.2013
2019-10-18 09:00:15,-0.093626,-0.093626
2019-10-18 09:00:45,0.14851,0.14851
2019-10-18 10:00:15,-0.019962,-0.019962
2019-10-18 10:00:45,-0.20067,-0.20067
2019-10-18 11:00:15,-0.55688,-0.55688
2019-10-18 11:00:45,,0.058126307499999995
2019-10-18 12:00:15,0.041115,0.041115
2019-10-18 12:00:45,-0.35271,-0.35271
2019-10-18 13:00:15,-0.3606,-0.3606
2019-10-18 13:00:45,-0.37587,-0.37587
2019-10-18 14:00:15,-0.36212,-0.36212
2019-10-18 14:00:45,-0.4557,-0.4557
2019-10-18 15:00:15,-0.54145,-0.54145
2019-10-18 15:00:45,-0.24081,-0.24081
2019-10-18 16:00:15,-0.19982,-0.19982
2019-10-18 16:00:45,0.12652,0.12652
2019-10-18 17:00:15,0.33047,0.33047
2019-10-18 17:00:45,,0.05827847000000001
2019-10-18 18:00:15,-0.13776,-0.13776
2019-10-18 18:00:45,,-0.0101154
2019-10-18 19:00:15,-0.084517,-0.084517
2019-10-18 19:00:45,-0.12248,-0.12248
2019-10-18 20:00:15,0.4047,0.4047
2019-10-18 20:00:45,0.037898,0.037898
2019-10-18 21:00:15,-0.14871,-0.14871
2019-10-18 21:00:45,,-0.0434850525
2019-10-18 22:00:15,-0.05845,-0.05845
2019-10-18 22:00:45,0.023398,0.023398
2019-10-18 23:00:15,,-0.05623771749999999
2019-10-18 23:00:45,-0.03766,-0.03766
2019-10-19 00:00:15,0.036612,0.036612
2019-10-19 00:00:45,-0.16289,-0.16289
2019-10-19 01:00:15,-0.081231,-0.081231
2019-10-19 01:00:45,,-0.05515430999999999
2019-10-19 02:00:15,0.032665,0.032665
2019-10-19 02:00:45,-0.034464,-0.034464
2019-10-19 03:00:15,,-0.03804484249999999
2019-10-19 03:00:45,-0.006396,-0.006396
2019-10-19 04:00:15,,-0.053427045
2019-10-19 04:00:45,,-0.04503201249999999
2019-10-19 05:00:15,0.009761,0.009761
2019-10-19 05:00:45,0.060491,0.060491
2019-10-19 06:00:15,,0.010316505000000004
2019-10-19 06:00:45,-0.55157,-0.55157
2019-10-19 07:00:15,-0.41843,-0.41843
2019-10-19 07:00:45,-1.1741,-1.1741
2019-10-19 08:00:15,-0.44053,-0.44053
2019-10-19 08:00:45,0.022273,0.022273
2019-10-19 09:00:15,-0.82392,-0.82392
2019-10-19 09:00:45,-0.80198,-0.80198
2019-10-19 10:00:15,-0.44655,-0.44655
2019-10-19 10:00:45,-0.26528,-0.26528
2019-10-19 11:00:15,-0.33593,-0.33593
2019-10-19 11:00:45,-0.11791,-0.11791
2019-10-19 12:00:15,-0.95817,-0.95817
2019-10-19 12:00:45,-0.85837,-0.85837
2019-10-19 13:00:15,-0.44983,-0.44983
2019-10-19 13:00:45,-0.84224,-0.84224
2019-10-19 14:00:15,-0.81326,-0.81326
2019-10-19 14:00:45,-0.92036,-0.92036
2019-10-19 15:00:15,-0.7878,-0.7878
2019-10-19 15:00:45,-0.61885,-0.61885
2019-10-19 16:00:15,-0.51424,-0.51424
2019-10-19 16:00:45,-0.30026,-0.30026
2019-10-19 17:00:15,-0.085603,-0.085603
2019-10-19 17:00:45,0.049578,0.049578
2019-10-19 18:00:15,-0.095763,-0.095763
2019-10-19 18:00:45,-0.052098,-0.052098
2019-10-19 19:00:15,-0.074351,-0.074351
2019-10-19 19:00:45,-0.005451,-0.005451
2019-10-19 20:00:15,-0.10264,-0.10264
2019-10-19 20:00:45,-0.09725,-0.09725
2019-10-19 21:00:15,-0.062585,-0.062585
2019-10-19 21:00:45,-0.10106,-0.10106
2019-10-19 22:00:15,-0.025373,-0.025373
2019-10-19 22:00:45,-0.047736,-0.047736
2019-10-19 23:00:15,-0.060865,-0.060865
2019-10-19 23:00:45,-0.05437,-0.05437
2019-10-20 00:00:15,,-0.04541005249999999
2019-10-20 00:00:45,-0.092113,-0.092113
2019-10-20 01:00:15,-0.18567,-0.18567
2019-10-20 01:00:45,-0.10509,-0.10509
2019-10-20 02:00:15,-0.075753,-0.075753
2019-10-20 02:00:45,0.09626,0.09626
2019-10-20 03:00:15,-0.11631,-0.11631
2019-10-20 03:00:45,-0.047454,-0.047454
2019-10-20 04:00:15,0.079396,0.079396
2019-10-20 04:00:45,-0.15975,-0.15975
2019-10-20 05:00:15,-0.13336,-0.13336
2019-10-20 05:00:45,-0.13345,-0.13345
2019-10-20 06:00:15,-0.16704,-0.16704
2019-10-20 06:00:45,-0.15741,-0.15741
2019-10-20 07:00:15,-0.32101,-0.32101
2019-10-20 07:00:45,-0.28061,-0.28061
2019-10-20 08:00:15,-0.05107,-0.05107
2019-10-20 08:00:45,-0.25183,-0.25183
2019-10-20 09:00:15,-0.22033,-0.22033
2019-10-20 09:00:45,-0.072026,-0.072026
2019-10-20 10:00:15,-0.2746,-0.2746
2019-10-20 10:00:45,-0.37923,-0.37923
2019-10-20 11:00:15,-0.084045,-0.084045
2019-10-20 11:00:45,0.47875,0.47875
2019-10-20 12:00:15,0.20842,0.20842
2019-10-20 12:00:45,0.015579,0.015579
2019-10-20 13:00:15,0.13775,0.13775
2019-10-20 13:00:45,0.33409,0.33409
2019-10-20 14:00:15,-0.2629,-0.2629
2019-10-20 14:00:45,0.35055,0.35055
2019-10-20 15:00:15,0.35325,0.35325
2019-10-20 15:00:45,0.63549,0.63549
2019-10-20 16:00:15,0.018341,0.018341
2019-10-20 16:00:45,0.19158,0.19158
2019-10-20 17:00:15,-0.031725,-0.031725
2019-10-20 17:00:45,0.34904,0.34904
2019-10-20 18:00:15,0.13402,0.13402
2019-10-20 18:00:45,0.15364,0.15364
2019-10-20 19:00:15,0.2376,0.2376
2019-10-20 19:00:45,0.20404,0.20404
2019-10-20 20:00:15,0.11364,0.11364
2019-10-20 20:00:45,0.13391,0.13391
2019-10-20 21:00:15,-0.040551,-0.040551
2019-10-20 21:00:45,-0.13201,-0.13201
2019-10-20 22:00:15,,-0.10563216999999998
2019-10-20 22:00:45,-0.15015,-0.15015
2019-10-20 23:00:15,-0.13614,-0.13614
2019-10-20 23:00:45,-0.00448,-0.00448
2019-10-21 00:00:15,-0.04967,-0.04967
2019-10-21 00:00:45,0.034802,0.034802
2019-10-21 01:00:15,-0.072044,-0.072044
2019-10-21 01:00:45,-0.17441,-0.17441
2019-10-21 02:00:15,-0.003324,-0.003324
2019-10-21 02:00:45,-0.067292,-0.067292
2019-10-21 03:00:15,0.078623,0.078623
2019-10-21 03:00:45,-0.037194,-0.037194
2019-10-21 04:00:15,0.14942,0.14942
2019-10-21 04:00:45,-0.030928,-0.030928
2019-10-21 05:00:15,-0.078832,-0.078832
2019-10-21 05:00:45,0.10851,0.10851
2019-10-21 06:00:15,0.19719,0.19719
2019-10-21 06:00:45,-0.23465,-0.23465
2019-10-21 07:00:15,-0.34075,-0.34075
2019-10-21 07:00:45,-0.40745,-0.40745
2019-10-21 08:00:15,-0.11571,-0.11571
2019-10-21 08:00:45,-0.13821,-0.13821
2019-10-21 09:00:15,0.11484,0.11484
2019-10-21 09:00:45,-0.28963,-0.28963
2019-10-21 10:00:15,-0.024804,-0.024804
2019-10-21 10:00:45,-0.55541,-0.55541
2019-10-21 11:00:15,-0.35123,-0.35123
2019-10-21 11:00:45,0.054135,0.054135
2019-10-21 12:00:15,-0.20944,-0.20944
2019-10-21 12:00:45,-0.2395,-0.2395
2019-10-21 13:00:15,0.21324,0.21324
2019-10-21 13:00:45,0.41696,0.41696
2019-10-21 14:00:15,0.17298,0.17298
2019-10-21 14:00:45,0.013656,0.013656
2019-10-21 15:00:15,-0.39421,-0.39421
2019-10-21 15:00:45,-0.43244,-0.43244
2019-10-21 16:00:15,-0.18623,-0.18623
2019-10-21 16:00:45,-0.10734,-0.10734
2019-10-21 17:00:15,0.05283,0.05283
2019-10-21 17:00:45,0.10171,0.10171
2019-10-21 18:00:15,0.076018,0.076018
2019-10-21 18:00:45,0.046174,0.046174
2019-10-21 19:00:15,0.10909,0.10909
2019-10-21 19:00:45,0.0073,0.0073
2019-10-21 20:00:15,-0.072142,-0.072142
2019-10-21 20:00:45,-0.032678,-0.032678
2019-10-21 21:00:15,0.016024,0.016024
2019-10-21 21:00:45,-0.094038,-0.094038
2019-10-21 22:00:15,-0.066874,-0.066874
2019-10-21 22:00:45,-0.15631,-0.15631
2019-10-21 23:00:15,-0.055377,-0.055377
2019-10-21 23:00:45,0.05006,0.05006
2019-10-22 00:00:15,0.084035,0.084035
2019-10-22 00:00:45,-0.07927,-0.07927
2019-10-22 01:00:15,-0.03859,-0.03859
2019-10-22 01:00:45,-0.007919,-0.007919
2019-10-22 02:00:15,,-0.013112797500000002
2019-10-22 02:00:45,0.02333,0.02333
2019-10-22 03:00:15,0.042428,0.042428
2019-10-22 03:00:45,,-0.05195535
2019-10-22 04:00:15,0.004974,0.004974
2019-10-22 04:00:45,,-0.027554284999999998
2019-10-22 05:00:15,0.044587,0.044587
2019-10-22 05:00:45,0.082456,0.082456
2019-10-22 06:00:15,0.18176,0.18176
2019-10-22 06:00:45,-0.21681,-0.21681
2019-10-22 07:00:15,-0.39163,-0.39163
2019-10-22 07:00:45,,-0.511331315
2019-10-22 08:00:15,-0.30742,-0.30742
2019-10-22 08:00:45,-0.10655,-0.10655
2019-10-22 09:00:15,-0.32589,-0.32589
2019-10-22 09:00:45,-0.41418,-0.41418
2019-10-22 10:00:15,-0.21527,-0.21527
2019-10-22 10:00:45,-0.049736,-0.049736
2019-10-22 11:00:15,-0.095948,-0.095948
2019-10-22 11:00:45,-0.23678,-0.23678
2019-10-22 12:00:15,0.15661,0.15661
2019-10-22 12:00:45,-0.020383,-0.020383
2019-10-22 13:00:15,-0.01748,-0.01748
2019-10-22 13:00:45,0.033442,0.033442
2019-10-22 14:00:15,-0.28361,-0.28361
2019-10-22 14:00:45,-0.41304,-0.41304
2019-10-22 15:00:15,-0.49467,-0.49467
2019-10-22 15:00:45,-0.43228,-0.43228
2019-10-22 16:00:15,-0.28467,-0.28467
2019-10-22 16:00:45,-0.3622,-0.3622
2019-10-22 17:00:15,-0.20736,-0.20736
2019-10-22 17:00:45,-0.04801,-0.04801
2019-10-22 18:00:15,0.036812,0.036812
2019-10-22 18:00:45,,-0.019885789999999997
2019-10-22 19:00:15,0.050776,0.050776
2019-10-22 19:00:45,,-0.020975722500000005
2019-10-22 20:00:15,,-0.023226167500000002
2019-10-22 20:00:45,-0.058034,-0.058034
2019-10-22 21:00:15,0.000653,0.000653
2019-10-22 21:00:45,-0.057357,-0.057357
2019-10-22 22:00:15,-0.021249,-0.021249
2019-10-22 22:00:45,-0.038306,-0.038306
2019-10-22 23:00:15,0.003751,0.003751
2019-10-22 23:00:45,,-0.008621707499999999
2019-10-23 00:00:15,-0.04895,-0.04895
2019-10-23 00:00:45,-0.041162,-0.041162
2019-10-23 01:00:15,0.11453,0.11453
2019-10-23 01:00:45,0.025645,0.025645
2019-10-23 02:00:15,0.095622,0.095622
2019-10-23 02:00:45,-0.021839,-0.021839
2019-10-23 03:00:15,-0.011866,-0.011866
2019-10-23 03:00:45,0.001972,0.001972
2019-10-23 04:00:15,0.21818,0.21818
2019-10-23 04:00:45,0.20906,0.20906
2019-10-23 05:00:15,0.091137,0.091137
2019-10-23 05:00:45,0.023972,0.023972
2019-10-23 06:00:15,0.024825,0.024825
2019-10-23 06:00:45,0.18306,0.18306
2019-10-23 07:00:15,-0.32549,-0.32549
2019-10-23 07:00:45,-0.11182,-0.11182
2019-10-23 08:00:15,0.12367,0.12367
2019-10-23 08:00:45,0.17502,0.17502
2019-10-23 09:00:15,0.17613,0.17613
2019-10-23 09:00:45,0.53314,0.53314
2019-10-23 10:00:15,-0.35073,-0.35073
2019-10-23 10:00:45,0.43842,0.43842
2019-10-23 11:00:15,-0.49969,-0.49969
2019-10-23 11:00:45,-0.53173,-0.53173
2019-10-23 12:00:15,0.32316,0.32316
2019-10-23 12:00:45,-0.51868,-0.51868
2019-10-23 13:00:15,,-0.410955125
2019-10-23 13:00:45,-0.77126,-0.77126
2019-10-23 14:00:15,-0.3607,-0.3607
2019-10-23 14:00:45,-0.33447,-0.33447
2019-10-23 15:00:15,-0.39347,-0.39347
2019-10-23 15:00:45,-0.17149,-0.17149
2019-10-23 16:00:15,-0.33819,-0.33819
2019-10-23 16:00:45,-0.33254,-0.33254
2019-10-23 17:00:15,-0.18372,-0.18372
2019-10-23 17:00:45,-0.19639,-0.19639
2019-10-23 18:00:15,-0.09437,-0.09437
2019-10-23 18:00:45,-0.016167,-0.016167
2019-10-23 19:00:15,-0.017228,-0.017228
2019-10-23 19:00:45,-0.1646,-0.1646
2019-10-23 20:00:15,,-0.021291682499999996
2019-10-23 20:00:45,,-0.021148447500000007
2019-10-23 21:00:15,,-0.044858585
2019-10-23 21:00:45,,-0.043996407500000015
2019-10-23 22:00:15,,-0.0660907
2019-10-23 22:00:45,-0.13265,-0.13265
2019-10-23 23:00:15,-0.004463,-0.004463
2019-10-23 23:00:45,,0.045636817499999996
2019-10-24 00:00:15,-0.073923,-0.073923
2019-10-24 00:00:45,,-0.0034750899999999993
2019-10-24 01:00:15,,-0.08627003000000004
2019-10-24 01:00:45,0.59988,0.59988
2019-10-24 02:00:15,0.10039,0.10039
2019-10-24 02:00:45,0.11783,0.11783
2019-10-24 03:00:15,0.34136,0.34136
2019-10-24 03:00:45,,-0.007032910000000001
2019-10-24 04:00:15,,-0.032573160000000004
2019-10-24 04:00:45,,0.5523936275000001
2019-10-24 05:00:15,,0.5738562300000002
2019-10-24 05:00:45,0.86574,0.86574
2019-10-24 06:00:15,-0.11339,-0.11339
2019-10-24 06:00:45,0.2172,0.2172
2019-10-24 07:00:15,0.086347,0.086347
2019-10-24 07:00:45,0.15051,0.15051
2019-10-24 08:00:15,-0.07971,-0.07971
2019-10-24 08:00:45,-0.27998,-0.27998
2019-10-24 09:00:15,-0.19117,-0.19117
2019-10-24 09:00:45,-0.36657,-0.36657
2019-10-24 10:00:15,-0.2873,-0.2873
2019-10-24 10:00:45,-0.036271,-0.036271
2019-10-24 11:00:15,-0.10864,-0.10864
2019-10-24 11:00:45,-0.016051,-0.016051
2019-10-24 12:00:15,-0.35101,-0.35101
2019-10-24 12:00:45,-0.41097,-0.41097
2019-10-24 13:00:15,-0.35292,-0.35292
2019-10-24 13:00:45,-0.44387,-0.44387
2019-10-24 14:00:15,-0.22555,-0.22555
2019-10-24 14:00:45,-0.26037,-0.26037
2019-10-24 15:00:15,-0.32394,-0.32394
2019-10-24 15:00:45,-0.23904,-0.23904
2019-10-24 16:00:15,-0.11192,-0.11192
2019-10-24 16:00:45,-0.20799,-0.20799
2019-10-24 17:00:15,-0.23928,-0.23928
2019-10-24 17:00:45,-0.10866,-0.10866
2019-10-24 18:00:15,-0.17043,-0.17043
2019-10-24 18:00:45,,-0.12258770749999998
2019-10-24 19:00:15,,-0.10388126499999999
2019-10-24 19:00:45,,-0.11347650999999997
2019-10-24 20:00:15,,-0.06596189250000002
2019-10-24 20:00:45,,-0.07022295999999999
2019-10-24 21:00:15,-0.13844,-0.13844
2019-10-24 21:00:45,,-0.06491971
2019-10-24 22:00:15,-0.047987,-0.047987
2019-10-24 22:00:45,-0.14535,-0.14535
2019-10-24 23:00:15,,-0.033651594999999986
2019-10-24 23:00:45,-0.012341,-0.012341
2019-10-25 00:00:15,0.18945,0.18945
2019-10-25 00:00:45,,0.024523180000000006
2019-10-25 01:00:15,-0.035293,-0.035293
2019-10-25 01:00:45,-0.009205,-0.009205
2019-10-25 02:00:15,-0.066053,-0.066053
2019-10-25 02:00:45,0.73782,0.73782
2019-10-25 03:00:15,0.54841,0.54841
2019-10-25 03:00:45,0.23068,0.23068
2019-10-25 04:00:15,0.61702,0.61702
2019-10-25 04:00:45,0.22749,0.22749
2019-10-25 05:00:15,0.51293,0.51293
2019-10-25 05:00:45,0.31982,0.31982
2019-10-25 06:00:15,0.4036,0.4036
2019-10-25 06:00:45,0.12285,0.12285
2019-10-25 07:00:15,0.93754,0.93754
2019-10-25 07:00:45,-0.094952,-0.094952
2019-10-25 08:00:15,-0.31604,-0.31604
2019-10-25 08:00:45,0.13363,0.13363
2019-10-25 09:00:15,0.42895,0.42895
2019-10-25 09:00:45,0.8164,0.8164
2019-10-25 10:00:15,0.36173,0.36173
2019-10-25 10:00:45,0.03458,0.03458
2019-10-25 11:00:15,0.14069,0.14069
2019-10-25 11:00:45,-0.093232,-0.093232
2019-10-25 12:00:15,0.088436,0.088436
2019-10-25 12:00:45,-0.41693,-0.41693
2019-10-25 13:00:15,0.093455,0.093455
2019-10-25 13:00:45,-0.61702,-0.61702
2019-10-25 14:00:15,-0.90456,-0.90456
2019-10-25 14:00:45,-0.83978,-0.83978
2019-10-25 15:00:15,-0.73769,-0.73769
2019-10-25 15:00:45,-0.1362,-0.1362
2019-10-25 16:00:15,-0.45638,-0.45638
2019-10-25 16:00:45,-0.332,-0.332
2019-10-25 17:00:15,-0.19318,-0.19318
2019-10-25 17:00:45,0.029092,0.029092
2019-10-25 18:00:15,,0.018069387500000006
2019-10-25 18:00:45,0.059127,0.059127
2019-10-25 19:00:15,0.088706,0.088706
2019-10-25 19:00:45,-0.12688,-0.12688
2019-10-25 20:00:15,-0.14233,-0.14233
2019-10-25 20:00:45,-0.087387,-0.087387
2019-10-25 21:00:15,-0.13146,-0.13146
2019-10-25 21:00:45,-0.064429,-0.064429
2019-10-25 22:00:15,-0.038834,-0.038834
2019-10-25 22:00:45,-0.047841,-0.047841
2019-10-25 23:00:15,-0.064231,-0.064231
2019-10-25 23:00:45,-0.040875,-0.040875
2019-10-26 00:00:15,-0.055424,-0.055424
2019-10-26 00:00:45,-0.14085,-0.14085
2019-10-26 01:00:15,-0.16808,-0.16808
2019-10-26 01:00:45,-0.10662,-0.10662
2019-10-26 02:00:15,-0.15351,-0.15351
2019-10-26 02:00:45,,-0.014172679999999998
2019-10-26 03:00:15,,0.068298145
2019-10-26 03:00:45,0.085528,0.085528
2019-10-26 04:00:15,0.11506,0.11506
2019-10-26 04:00:45,-0.013292,-0.013292
2019-10-26 05:00:15,-0.020382,-0.020382
2019-10-26 05:00:45,-0.029623,-0.029623
2019-10-26 06:00:15,-0.059205,-0.059205
2019-10-26 06:00:45,-0.20628,-0.20628
2019-10-26 07:00:15,-0.31732,-0.31732
2019-10-26 07:00:45,-0.47956,-0.47956
2019-10-26 08:00:15,-0.27072,-0.27072
2019-10-26 08:00:45,0.018453,0.018453
2019-10-26 09:00:15,0.18243,0.18243
2019-10-26 09:00:45,0.37408,0.37408
2019-10-26 10:00:15,0.17408,0.17408
2019-10-26 10:00:45,0.011847,0.011847
2019-10-26 11:00:15,0.12162,0.12162
2019-10-26 11:00:45,-0.029946,-0.029946
2019-10-26 12:00:15,-0.629,-0.629
2019-10-26 12:00:45,-0.31004,-0.31004
2019-10-26 13:00:15,-0.62316,-0.62316
2019-10-26 13:00:45,-0.60167,-0.60167
2019-10-26 14:00:15,-0.63282,-0.63282
2019-10-26 14:00:45,-0.91584,-0.91584
2019-10-26 15:00:15,-0.82315,-0.82315
2019-10-26 15:00:45,-0.73968,-0.73968
2019-10-26 16:00:15,-0.48202,-0.48202
2019-10-26 16:00:45,-0.31599,-0.31599
2019-10-26 17:00:15,-0.06575,-0.06575
2019-10-26 17:00:45,-0.13212,-0.13212
2019-10-26 18:00:15,-0.079739,-0.079739
2019-10-26 18:00:45,0.16849,0.16849
2019-10-26 19:00:15,0.19602,0.19602
2019-10-26 19:00:45,0.22876,0.22876
2019-10-26 20:00:15,0.090916,0.090916
2019-10-26 20:00:45,0.035005,0.035005
2019-10-26 21:00:15,0.047244,0.047244
2019-10-26 21:00:45,0.018212,0.018212
2019-10-26 22:00:15,-0.045373,-0.045373
2019-10-26 22:00:45,-0.066832,-0.066832
2019-10-26 23:00:15,-0.11613,-0.11613
2019-10-26 23:00:45,-0.048372,-0.048372
2019-10-27 00:00:15,0.010129,0.010129
2019-10-27 00:00:45,0.051387,0.051387
2019-10-27 01:00:15,0.064994,0.064994
2019-10-27 01:00:45,-0.03711,-0.03711
2019-10-27 02:00:15,,-0.04655783750000001
2019-10-27 02:00:45,,-0.06313257
2019-10-27 03:00:15,,-0.05967992749999999
2019-10-27 03:00:45,,-0.05045100749999999
2019-10-27 04:00:15,,-0.044802162500000006
2019-10-27 04:00:45,,-0.014011107499999998
2019-10-27 05:00:15,,-0.00684905
2019-10-27 05:00:45,,-0.004239975000000001
2019-10-27 06:00:15,,0.0488774825
2019-10-27 06:00:45,,-0.07308904499999999
2019-10-27 07:00:15,,-0.2743735375
2019-10-27 07:00:45,,-0.3079466524999999
2019-10-27 08:00:15,,-0.266974635
2019-10-27 08:00:45,,-0.31458016
2019-10-27 09:00:15,,-0.34790449
2019-10-27 09:00:45,,-0.459764775
2019-10-27 10:00:15,,-0.5336455325
2019-10-27 10:00:45,,-0.479616055
2019-10-27 11:00:15,,-0.49341870499999996
2019-10-27 11:00:45,,-0.42178554500000004
2019-10-27 12:00:15,,-0.4055846975
2019-10-27 12:00:45,,-0.3342970825
2019-10-27 13:00:15,,-0.38437066
2019-10-27 13:00:45,,-0.3956831025
2019-10-27 14:00:15,,-0.3766239425000001
2019-10-27 14:00:45,,-0.43508712000000005
2019-10-27 15:00:15,,-0.3665350700000001
2019-10-27 15:00:45,,-0.2878761775
2019-10-27 16:00:15,,-0.25281969000000004
2019-10-27 16:00:45,,-0.01825736750000001
2019-10-27 17:00:15,,0.20458135249999995
2019-10-27 17:00:45,,0.35037142749999994
2019-10-27 18:00:15,,0.278470215
2019-10-27 18:00:45,,0.24658308
2019-10-27 19:00:15,,0.12162200000000002
2019-10-27 19:00:45,,0.11620221
2019-10-27 20:00:15,,0.23134116499999996
2019-10-27 20:00:45,,0.22633343749999996
2019-10-27 21:00:15,,0.21920245749999995
2019-10-27 21:00:45,,0.24174410249999997
2019-10-27 22:00:15,,0.24842899750000003
2019-10-27 22:00:45,,0.23107113999999995
2019-10-27 23:00:15,,0.241553585
2019-10-27 23:00:45,,0.2818793499999999
2019-10-28 00:00:15,0.42337,0.42337
2019-10-28 00:00:45,0.41267,0.41267
2019-10-28 01:00:15,0.23124,0.23124
2019-10-28 01:00:45,0.22581,0.22581
2019-10-28 02:00:15,0.1152,0.1152
2019-10-28 02:00:45,0.30541,0.30541
2019-10-28 03:00:15,0.18273,0.18273
2019-10-28 03:00:45,-0.055694,-0.055694
2019-10-28 04:00:15,0.019701,0.019701
2019-10-28 04:00:45,-0.11672,-0.11672
2019-10-28 05:00:15,-0.005798,-0.005798
2019-10-28 05:00:45,0.046237,0.046237
2019-10-28 06:00:15,0.11144,0.11144
2019-10-28 06:00:45,0.19219,0.19219
2019-10-28 07:00:15,0.080221,0.080221
2019-10-28 07:00:45,-0.049314,-0.049314
2019-10-28 08:00:15,-0.44356,-0.44356
2019-10-28 08:00:45,-0.034189,-0.034189
2019-10-28 09:00:15,0.3995,0.3995
2019-10-28 09:00:45,0.36016,0.36016
2019-10-28 10:00:15,0.13499,0.13499
2019-10-28 10:00:45,0.20107,0.20107
2019-10-28 11:00:15,0.81092,0.81092
2019-10-28 11:00:45,0.93047,0.93047
2019-10-28 12:00:15,1.0939,1.0939
2019-10-28 12:00:45,0.5843,0.5843
2019-10-28 13:00:15,0.29771,0.29771
2019-10-28 13:00:45,0.45313,0.45313
2019-10-28 14:00:15,0.87417,0.87417
2019-10-28 14:00:45,0.74076,0.74076
2019-10-28 15:00:15,0.50861,0.50861
2019-10-28 15:00:45,-0.449,-0.449
2019-10-28 16:00:15,-0.34208,-0.34208
2019-10-28 16:00:45,-0.08781,-0.08781
2019-10-28 17:00:15,0.12339,0.12339
2019-10-28 17:00:45,-0.11586,-0.11586
2019-10-28 18:00:15,-0.12462,-0.12462
2019-10-28 18:00:45,-0.17754,-0.17754
2019-10-28 19:00:15,-0.084642,-0.084642
2019-10-28 19:00:45,-0.074235,-0.074235
2019-10-28 20:00:15,-0.10546,-0.10546
2019-10-28 20:00:45,-0.12321,-0.12321
2019-10-28 21:00:15,,-0.05540674500000001
2019-10-28 21:00:45,0.012001,0.012001
2019-10-28 22:00:15,0.018851,0.018851
2019-10-28 22:00:45,-0.076866,-0.076866
2019-10-28 23:00:15,0.1279,0.1279
2019-10-28 23:00:45,0.42042,0.42042
2019-10-29 00:00:15,0.056302,0.056302
2019-10-29 00:00:45,-0.056924,-0.056924
2019-10-29 01:00:15,0.15189,0.15189
2019-10-29 01:00:45,0.072418,0.072418
2019-10-29 02:00:15,-0.014798,-0.014798
2019-10-29 02:00:45,-0.058281,-0.058281
2019-10-29 03:00:15,0.16237,0.16237
2019-10-29 03:00:45,-0.12564,-0.12564
2019-10-29 04:00:15,0.22817,0.22817
2019-10-29 04:00:45,0.51551,0.51551
2019-10-29 05:00:15,0.29078,0.29078
2019-10-29 05:00:45,0.32089,0.32089
2019-10-29 06:00:15,0.39029,0.39029
2019-10-29 06:00:45,0.32551,0.32551
2019-10-29 07:00:15,0.41946,0.41946
2019-10-29 07:00:45,-0.39518,-0.39518
2019-10-29 08:00:15,-1.3293,-1.3293
2019-10-29 08:00:45,-0.43881,-0.43881
2019-10-29 09:00:15,-0.011733,-0.011733
2019-10-29 09:00:45,,-0.2857174325
2019-10-29 10:00:15,,-0.23416464999999997
2019-10-29 10:00:45,-0.38253,-0.38253
2019-10-29 11:00:15,-0.46059,-0.46059
2019-10-29 11:00:45,-0.93632,-0.93632
2019-10-29 12:00:15,-0.82667,-0.82667
2019-10-29 12:00:45,-0.76609,-0.76609
2019-10-29 13:00:15,-0.87433,-0.87433
2019-10-29 13:00:45,-0.64703,-0.64703
2019-10-29 14:00:15,-0.53675,-0.53675
2019-10-29 14:00:45,-0.5691,-0.5691
2019-10-29 15:00:15,-0.39607,-0.39607
2019-10-29 15:00:45,-0.33784,-0.33784
2019-10-29 16:00:15,-0.3446,-0.3446
2019-10-29 16:00:45,-0.11868,-0.11868
2019-10-29 17:00:15,-0.1521,-0.1521
2019-10-29 17:00:45,-0.12164,-0.12164
2019-10-29 18:00:15,,0.080977015
2019-10-29 18:00:45,-0.066927,-0.066927
2019-10-29 19:00:15,-0.12952,-0.12952
2019-10-29 19:00:45,,-0.10718776500000002
2019-10-29 20:00:15,-0.16942,-0.16942
2019-10-29 20:00:45,0.12231,0.12231
2019-10-29 21:00:15,-0.15962,-0.15962
2019-10-29 21:00:45,,-0.097054245
2019-10-29 22:00:15,,-0.11262925750000002
2019-10-29 22:00:45,-0.17516,-0.17516
2019-10-29 23:00:15,,-0.14319937500000005
2019-10-29 23:00:45,-0.17834,-0.17834
2019-10-30 00:00:15,-0.19058,-0.19058
2019-10-30 00:00:45,-0.18821,-0.18821
2019-10-30 01:00:15,-0.080133,-0.080133
2019-10-30 01:00:45,,-0.0016944424999999997
2019-10-30 02:00:15,,-0.0991928725
2019-10-30 02:00:45,-0.034312,-0.034312
2019-10-30 03:00:15,,0.0321732225
2019-10-30 03:00:45,-0.039598,-0.039598
2019-10-30 04:00:15,-0.10459,-0.10459
2019-10-30 04:00:45,-0.095059,-0.095059
2019-10-30 05:00:15,0.023339,0.023339
2019-10-30 05:00:45,0.50133,0.50133
2019-10-30 06:00:15,0.64672,0.64672
2019-10-30 06:00:45,0.25288,0.25288
2019-10-30 07:00:15,0.23829,0.23829
2019-10-30 07:00:45,0.96482,0.96482
2019-10-30 08:00:15,1.045,1.045
2019-10-30 08:00:45,0.9478,0.9478
2019-10-30 09:00:15,0.23792,0.23792
2019-10-30 09:00:45,0.47259,0.47259
2019-10-30 10:00:15,0.39217,0.39217
2019-10-30 10:00:45,0.42073,0.42073
2019-10-30 11:00:15,0.19369,0.19369
2019-10-30 11:00:45,0.27538,0.27538
2019-10-30 12:00:15,0.14743,0.14743
2019-10-30 12:00:45,-0.16821,-0.16821
2019-10-30 13:00:15,0.047042,0.047042
2019-10-30 13:00:45,-0.032722,-0.032722
2019-10-30 14:00:15,-0.3053,-0.3053
2019-10-30 14:00:45,-0.22394,-0.22394
2019-10-30 15:00:15,-0.28438,-0.28438
2019-10-30 15:00:45,-0.50833,-0.50833
2019-10-30 16:00:15,-0.37744,-0.37744
2019-10-30 16:00:45,-0.31069,-0.31069
2019-10-30 17:00:15,,-0.07260170499999999
2019-10-30 17:00:45,-0.03051,-0.03051
2019-10-30 18:00:15,0.023937,0.023937
2019-10-30 18:00:45,0.032365,0.032365
2019-10-30 19:00:15,-0.16296,-0.16296
2019-10-30 19:00:45,-0.027816,-0.027816
2019-10-30 20:00:15,0.30811,0.30811
2019-10-30 20:00:45,0.35217,0.35217
2019-10-30 21:00:15,0.39617,0.39617
2019-10-30 21:00:45,0.37574,0.37574
2019-10-30 22:00:15,0.36796,0.36796
2019-10-30 22:00:45,0.39715,0.39715
2019-10-30 23:00:15,0.35538,0.35538
2019-10-30 23:00:45,0.30033,0.30033
2019-10-31 00:00:15,0.42444,0.42444
2019-10-31 00:00:45,0.42378,0.42378
2019-10-31 01:00:15,0.36215,0.36215
2019-10-31 01:00:45,0.23225,0.23225
2019-10-31 02:00:15,0.11531,0.11531
2019-10-31 02:00:45,0.30588,0.30588
2019-10-31 03:00:15,0.32487,0.32487
2019-10-31 03:00:45,0.23218,0.23218
2019-10-31 04:00:15,0.24728,0.24728
2019-10-31 04:00:45,0.37201,0.37201
2019-10-31 05:00:15,0.18476,0.18476
2019-10-31 05:00:45,0.24676,0.24676
2019-10-31 06:00:15,0.2995,0.2995
2019-10-31 06:00:45,0.18349,0.18349
2019-10-31 07:00:15,-0.33754,-0.33754
2019-10-31 07:00:45,0.39883,0.39883
2019-10-31 08:00:15,0.87738,0.87738
2019-10-31 08:00:45,1.0988,1.0988
2019-10-31 09:00:15,,0.7940099900000003
2019-10-31 09:00:45,0.25586,0.25586
2019-10-31 10:00:15,0.22764,0.22764
2019-10-31 10:00:45,0.29258,0.29258
2019-10-31 11:00:15,0.27938,0.27938
2019-10-31 11:00:45,-0.028868,-0.028868
2019-10-31 12:00:15,0.17952,0.17952
2019-10-31 12:00:45,-0.21651,-0.21651
2019-10-31 13:00:15,-0.28338,-0.28338
2019-10-31 13:00:45,-0.1622,-0.1622
2019-10-31 14:00:15,-0.19916,-0.19916
2019-10-31 14:00:45,-0.61321,-0.61321
2019-10-31 15:00:15,-0.43195,-0.43195
2019-10-31 15:00:45,-0.98946,-0.98946
2019-10-31 16:00:15,-0.47201,-0.47201
2019-10-31 16:00:45,-0.34559,-0.34559
2019-10-31 17:00:15,-0.1097,-0.1097
2019-10-31 17:00:45,,0.05191977500000001
2019-10-31 18:00:15,0.24476,0.24476
2019-10-31 18:00:45,,0.16501522749999997
2019-10-31 19:00:15,0.10457,0.10457
2019-10-31 19:00:45,,-0.05273620500000001
2019-10-31 20:00:15,-0.1273,-0.1273
2019-10-31 20:00:45,,-0.086429945
2019-10-31 21:00:15,,-0.0730294925
2019-10-31 21:00:45,-0.001851,-0.001851
2019-10-31 22:00:15,-0.05797,-0.05797
2019-10-31 22:00:45,-0.02726,-0.02726
2019-10-31 23:00:15,-0.092072,-0.092072
2019-10-31 23:00:45,-0.008613,-0.008613
2019-11-01 00:00:15,-0.0388,-0.0388
2019-11-01 00:00:45,-0.014014,-0.014014
2019-11-01 01:00:15,0.00752,0.00752
2019-11-01 01:00:45,-0.03999,-0.03999
2019-11-01 02:00:15,,0.140177665
2019-11-01 02:00:45,0.2016,0.2016
2019-11-01 03:00:15,0.46382,0.46382
2019-11-01 03:00:45,0.39303,0.39303
2019-11-01 04:00:15,0.57489,0.57489
2019-11-01 04:00:45,0.50897,0.50897
2019-11-01 05:00:15,0.25662,0.25662
2019-11-01 05:00:45,0.67566,0.67566
2019-11-01 06:00:15,0.73761,0.73761
2019-11-01 06:00:45,0.32759,0.32759
2019-11-01 07:00:15,0.79404,0.79404
2019-11-01 07:00:45,0.50841,0.50841
2019-11-01 08:00:15,0.31571,0.31571
2019-11-01 08:00:45,-0.08061,-0.08061
2019-11-01 09:00:15,0.69845,0.69845
2019-11-01 09:00:45,0.18788,0.18788
2019-11-01 10:00:15,0.39802,0.39802
2019-11-01 10:00:45,0.12866,0.12866
2019-11-01 11:00:15,-0.34326,-0.34326
2019-11-01 11:00:45,-0.43545,-0.43545
2019-11-01 12:00:15,-0.28354,-0.28354
2019-11-01 12:00:45,-0.70985,-0.70985
2019-11-01 13:00:15,-0.59358,-0.59358
2019-11-01 13:00:45,-0.3219,-0.3219
2019-11-01 14:00:15,-0.20126,-0.20126
2019-11-01 14:00:45,-0.028311,-0.028311
2019-11-01 15:00:15,-0.14969,-0.14969
2019-11-01 15:00:45,-0.56497,-0.56497
2019-11-01 16:00:15,0.047046,0.047046
2019-11-01 16:00:45,-0.1161,-0.1161
2019-11-01 17:00:15,-0.034351,-0.034351
2019-11-01 17:00:45,-0.11439,-0.11439
2019-11-01 18:00:15,0.25972,0.25972
2019-11-01 18:00:45,0.001584,0.001584
2019-11-01 19:00:15,0.016002,0.016002
2019-11-01 19:00:45,-0.013505,-0.013505
2019-11-01 20:00:15,-0.13985,-0.13985
2019-11-01 20:00:45,-0.15465,-0.15465
2019-11-01 21:00:15,,0.007465647499999999
2019-11-01 21:00:45,0.059282,0.059282
2019-11-01 22:00:15,0.37694,0.37694
2019-11-01 22:00:45,0.56322,0.56322
2019-11-01 23:00:15,0.61002,0.61002
2019-11-01 23:00:45,0.21113,0.21113
2019-11-02 00:00:15,-0.005413,-0.005413
2019-11-02 00:00:45,-0.12468,-0.12468
2019-11-02 01:00:15,-0.050415,-0.050415
2019-11-02 01:00:45,-0.15559,-0.15559
2019-11-02 02:00:15,-0.1535,-0.1535
2019-11-02 02:00:45,-0.071554,-0.071554
2019-11-02 03:00:15,0.22395,0.22395
2019-11-02 03:00:45,6.2e-05,6.2e-05
2019-11-02 04:00:15,-0.09039,-0.09039
2019-11-02 04:00:45,-0.035228,-0.035228
2019-11-02 05:00:15,-0.14071,-0.14071
2019-11-02 05:00:45,-0.022947,-0.022947
2019-11-02 06:00:15,-0.0332,-0.0332
2019-11-02 06:00:45,0.024248,0.024248
2019-11-02 07:00:15,0.2819,0.2819
2019-11-02 07:00:45,-0.35123,-0.35123
2019-11-02 08:00:15,-0.58227,-0.58227
2019-11-02 08:00:45,0.21419,0.21419
2019-11-02 09:00:15,0.1223,0.1223
2019-11-02 09:00:45,-0.5352,-0.5352
2019-11-02 10:00:15,0.59498,0.59498
2019-11-02 10:00:45,0.20779,0.20779
2019-11-02 11:00:15,0.042666,0.042666
2019-11-02 11:00:45,-0.68298,-0.68298
2019-11-02 12:00:15,-0.87826,-0.87826
2019-11-02 12:00:45,-0.11467,-0.11467
2019-11-02 13:00:15,-1.0057,-1.0057
2019-11-02 13:00:45,0.003881,0.003881
2019-11-02 14:00:15,-0.52571,-0.52571
2019-11-02 14:00:45,-0.43537,-0.43537
2019-11-02 15:00:15,-0.62924,-0.62924
2019-11-02 15:00:45,-0.67271,-0.67271
2019-11-02 16:00:15,-0.50869,-0.50869
2019-11-02 16:00:45,-0.17703,-0.17703
2019-11-02 17:00:15,-0.13045,-0.13045
2019-11-02 17:00:45,-0.13135,-0.13135
2019-11-02 18:00:15,-0.16079,-0.16079
2019-11-02 18:00:45,0.081591,0.081591
2019-11-02 19:00:15,,-0.10211374249999997
2019-11-02 19:00:45,,-0.11208684249999994
2019-11-02 20:00:15,-0.15335,-0.15335
2019-11-02 20:00:45,-0.13885,-0.13885
2019-11-02 21:00:15,-0.15842,-0.15842
2019-11-02 21:00:45,-0.13425,-0.13425
2019-11-02 22:00:15,-0.0763,-0.0763
2019-11-02 22:00:45,-0.074789,-0.074789
2019-11-02 23:00:15,-0.11169,-0.11169
2019-11-02 23:00:45,-0.16769,-0.16769
2019-11-03 00:00:15,-0.13033,-0.13033
2019-11-03 00:00:45,-0.022364,-0.022364
2019-11-03 01:00:15,-0.053037,-0.053037
2019-11-03 01:00:45,-0.07676,-0.07676
2019-11-03 02:00:15,-0.060987,-0.060987
2019-11-03 02:00:45,-0.015288,-0.015288
2019-11-03 03:00:15,-0.008271,-0.008271
2019-11-03 03:00:45,0.039208,0.039208
2019-11-03 04:00:15,,0.06210259000000001
2019-11-03 04:00:45,0.13384,0.13384
2019-11-03 05:00:15,-0.032644,-0.032644
2019-11-03 05:00:45,-0.023573,-0.023573
2019-11-03 06:00:15,-0.15356,-0.15356
2019-11-03 06:00:45,-0.16926,-0.16926
2019-11-03 07:00:15,-0.15005,-0.15005
2019-11-03 07:00:45,-0.12244,-0.12244
2019-11-03 08:00:15,-0.24428,-0.24428
2019-11-03 08:00:45,0.47807,0.47807
2019-11-03 09:00:15,0.17311,0.17311
2019-11-03 09:00:45,-0.20251,-0.20251
2019-11-03 10:00:15,-0.54809,-0.54809
2019-11-03 10:00:45,0.013026,0.013026
2019-11-03 11:00:15,-0.11127,-0.11127
2019-11-03 11:00:45,-0.53989,-0.53989
2019-11-03 12:00:15,-0.045154,-0.045154
2019-11-03 12:00:45,-0.36344,-0.36344
2019-11-03 13:00:15,-0.15629,-0.15629
2019-11-03 13:00:45,-0.19299,-0.19299
2019-11-03 14:00:15,-0.35825,-0.35825
2019-11-03 14:00:45,-0.57557,-0.57557
2019-11-03 15:00:15,-0.38973,-0.38973
2019-11-03 15:00:45,-0.34511,-0.34511
2019-11-03 16:00:15,-0.20417,-0.20417
2019-11-03 16:00:45,-0.14539,-0.14539
2019-11-03 17:00:15,-0.082179,-0.082179
2019-11-03 17:00:45,-0.091423,-0.091423
2019-11-03 18:00:15,-0.11066,-0.11066
2019-11-03 18:00:45,-0.14032,-0.14032
2019-11-03 19:00:15,-0.026775,-0.026775
2019-11-03 19:00:45,-0.14437,-0.14437
2019-11-03 20:00:15,-0.15225,-0.15225
2019-11-03 20:00:45,-0.17644,-0.17644
2019-11-03 21:00:15,-0.095131,-0.095131
2019-11-03 21:00:45,0.054912,0.054912
2019-11-03 22:00:15,-0.031952,-0.031952
2019-11-03 22:00:45,-0.062863,-0.062863
2019-11-03 23:00:15,-0.018756,-0.018756
2019-11-03 23:00:45,-0.071238,-0.071238
2019-11-04 00:00:15,-0.02692,-0.02692
2019-11-04 00:00:45,-0.004393,-0.004393
2019-11-04 01:00:15,,0.027880792500000005
2019-11-04 01:00:45,0.011436,0.011436
2019-11-04 02:00:15,0.002128,0.002128
2019-11-04 02:00:45,0.24303,0.24303
2019-11-04 03:00:15,,0.049302207499999987
2019-11-04 03:00:45,0.006122,0.006122
2019-11-04 04:00:15,-0.044735,-0.044735
2019-11-04 04:00:45,-0.054619,-0.054619
2019-11-04 05:00:15,,0.074137985
2019-11-04 05:00:45,,0.0682724
2019-11-04 06:00:15,-0.034238,-0.034238
2019-11-04 06:00:45,0.022234,0.022234
2019-11-04 07:00:15,0.033784,0.033784
2019-11-04 07:00:45,-0.21418,-0.21418
2019-11-04 08:00:15,,-0.3737590599999999
2019-11-04 08:00:45,-0.25039,-0.25039
2019-11-04 09:00:15,,-0.3058760399999999
2019-11-04 09:00:45,0.075325,0.075325
2019-11-04 10:00:15,-0.37063,-0.37063
2019-11-04 10:00:45,-0.4233,-0.4233
2019-11-04 11:00:15,0.48799,0.48799
2019-11-04 11:00:45,-0.06236,-0.06236
2019-11-04 12:00:15,0.19113,0.19113
2019-11-04 12:00:45,0.083495,0.083495
2019-11-04 13:00:15,-0.65366,-0.65366
2019-11-04 13:00:45,-0.020159,-0.020159
2019-11-04 14:00:15,-0.22102,-0.22102
2019-11-04 14:00:45,-0.28975,-0.28975
2019-11-04 15:00:15,-0.27389,-0.27389
2019-11-04 15:00:45,-0.13992,-0.13992
2019-11-04 16:00:15,-0.33455,-0.33455
2019-11-04 16:00:45,-0.16818,-0.16818
2019-11-04 17:00:15,-0.055285,-0.055285
2019-11-04 17:00:45,-0.1026,-0.1026
2019-11-04 18:00:15,-0.13089,-0.13089
2019-11-04 18:00:45,0.010533,0.010533
2019-11-04 19:00:15,-0.005159,-0.005159
2019-11-04 19:00:45,0.002615,0.002615
2019-11-04 20:00:15,-0.13037,-0.13037
2019-11-04 20:00:45,0.37734,0.37734
2019-11-04 21:00:15,0.017057,0.017057
2019-11-04 21:00:45,-0.15842,-0.15842
2019-11-04 22:00:15,0.24598,0.24598
2019-11-04 22:00:45,0.000788,0.000788
2019-11-04 23:00:15,0.006161,0.006161
2019-11-04 23:00:45,0.078153,0.078153
2019-11-05 00:00:15,0.25864,0.25864
2019-11-05 00:00:45,,-0.11714855250000003
2019-11-05 01:00:15,0.01036,0.01036
2019-11-05 01:00:45,0.81872,0.81872
2019-11-05 02:00:15,-0.080669,-0.080669
2019-11-05 02:00:45,,-0.24261376749999997
2019-11-05 03:00:15,0.18899,0.18899
2019-11-05 03:00:45,0.040739,0.040739
2019-11-05 04:00:15,0.2526,0.2526
2019-11-05 04:00:45,0.19648,0.19648
2019-11-05 05:00:15,0.022927,0.022927
2019-11-05 05:00:45,-0.62482,-0.62482
2019-11-05 06:00:15,0.11973,0.11973
2019-11-05 06:00:45,0.33539,0.33539
2019-11-05 07:00:15,-0.092787,-0.092787
2019-11-05 07:00:45,-0.27782,-0.27782
2019-11-05 08:00:15,-0.93631,-0.93631
2019-11-05 08:00:45,-1.0114,-1.0114
2019-11-05 09:00:15,-0.2765,-0.2765
2019-11-05 09:00:45,0.59967,0.59967
2019-11-05 10:00:15,0.52704,0.52704
2019-11-05 10:00:45,0.11117,0.11117
2019-11-05 11:00:15,-0.51147,-0.51147
2019-11-05 11:00:45,-0.57078,-0.57078
2019-11-05 12:00:15,-0.16796,-0.16796
2019-11-05 12:00:45,-1.044,-1.044
2019-11-05 13:00:15,-1.429,-1.429
2019-11-05 13:00:45,-0.34968,-0.34968
2019-11-05 14:00:15,-0.19731,-0.19731
2019-11-05 14:00:45,-0.37788,-0.37788
2019-11-05 15:00:15,-0.43137,-0.43137
2019-11-05 15:00:45,-0.32016,-0.32016
2019-11-05 16:00:15,-0.29033,-0.29033
2019-11-05 16:00:45,-0.16787,-0.16787
2019-11-05 17:00:15,-0.049566,-0.049566
2019-11-05 17:00:45,0.017466,0.017466
2019-11-05 18:00:15,0.032396,0.032396
2019-11-05 18:00:45,-0.12376,-0.12376
2019-11-05 19:00:15,-0.037646,-0.037646
2019-11-05 19:00:45,-0.1737,-0.1737
2019-11-05 20:00:15,-0.10836,-0.10836
2019-11-05 20:00:45,-0.067257,-0.067257
2019-11-05 21:00:15,-0.019441,-0.019441
2019-11-05 21:00:45,0.013971,0.013971
2019-11-05 22:00:15,-0.010325,-0.010325
2019-11-05 22:00:45,-0.006123,-0.006123
2019-11-05 23:00:15,,0.011725967499999997
2019-11-05 23:00:45,-0.14436,-0.14436
2019-11-06 00:00:15,,-0.006353745
2019-11-06 00:00:45,0.058654,0.058654
2019-11-06 01:00:15,0.11364,0.11364
2019-11-06 01:00:45,,0.015146762499999994
2019-11-06 02:00:15,-0.053878,-0.053878
2019-11-06 02:00:45,,-0.0010366249999999994
2019-11-06 03:00:15,-0.12072,-0.12072
2019-11-06 03:00:45,,0.050495217499999995
2019-11-06 04:00:15,0.26234,0.26234
2019-11-06 04:00:45,-0.073815,-0.073815
2019-11-06 05:00:15,0.062756,0.062756
2019-11-06 05:00:45,0.001423,0.001423
2019-11-06 06:00:15,-0.024287,-0.024287
2019-11-06 06:00:45,-0.19323,-0.19323
2019-11-06 07:00:15,-0.11975,-0.11975
2019-11-06 07:00:45,-0.27826,-0.27826
2019-11-06 08:00:15,-0.25253,-0.25253
2019-11-06 08:00:45,0.092163,0.092163
2019-11-06 09:00:15,-0.15469,-0.15469
2019-11-06 09:00:45,,0.13583209499999999
2019-11-06 10:00:15,0.035607,0.035607
2019-11-06 10:00:45,1.8302,1.8302
2019-11-06 11:00:15,-0.88342,-0.88342
2019-11-06 11:00:45,0.16765,0.16765
2019-11-06 12:00:15,-0.040241,-0.040241
2019-11-06 12:00:45,,0.052365252500000015
2019-11-06 13:00:15,,-0.0388536425
2019-11-06 13:00:45,,0.001223397500000006
2019-11-06 14:00:15,,0.18871427250000003
2019-11-06 14:00:45,,0.17736072750000004
2019-11-06 15:00:15,0.89315,0.89315
2019-11-06 15:00:45,,0.03600892999999999
2019-11-06 16:00:15,,-0.021142500000000015
2019-11-06 16:00:45,0.74854,0.74854
2019-11-06 17:00:15,,0.42992165750000016
2019-11-06 17:00:45,,0.4789433474999999
2019-11-06 18:00:15,0.3687,0.3687
2019-11-06 18:00:45,,0.4823996949999998
2019-11-06 19:00:15,,0.4921102574999999
2019-11-06 19:00:45,,0.5224379899999999
2019-11-06 20:00:15,,0.5176021475
2019-11-06 20:00:45,,0.5294544925
2019-11-06 21:00:15,,0.549055225
2019-11-06 21:00:45,,0.5647104425000001
2019-11-06 22:00:15,,0.53379662
2019-11-06 22:00:45,,0.46034270249999976
2019-11-06 23:00:15,,0.4942573649999999
2019-11-06 23:00:45,,0.487955305
2019-11-07 00:00:15,,0.49472376249999994
2019-11-07 00:00:45,,0.45623617249999987
2019-11-07 01:00:15,,0.4613678325
2019-11-07 01:00:45,,0.5007488075
2019-11-07 02:00:15,,0.516538355
2019-11-07 02:00:45,,0.4344055525
2019-11-07 03:00:15,0.047494,0.047494
2019-11-07 03:00:45,,0.3986092425
2019-11-07 04:00:15,,0.39942900249999996
2019-11-07 04:00:45,,0.4078219799999999
2019-11-07 05:00:15,,0.3729246325
2019-11-07 05:00:45,,0.406383155
2019-11-07 06:00:15,,0.4899251950000001
2019-11-07 06:00:45,,0.3302993775000001
2019-11-07 07:00:15,0.13501,0.13501
2019-11-07 07:00:45,-0.10791,-0.10791
2019-11-07 08:00:15,-0.060887,-0.060887
2019-11-07 08:00:45,-0.063208,-0.063208
2019-11-07 09:00:15,-0.28668,-0.28668
2019-11-07 09:00:45,0.011279,0.011279
2019-11-07 10:00:15,0.056224,0.056224
2019-11-07 10:00:45,1.169,1.169
2019-11-07 11:00:15,0.17863,0.17863
2019-11-07 11:00:45,0.19015,0.19015
2019-11-07 12:00:15,0.57425,0.57425
2019-11-07 12:00:45,0.11036,0.11036
2019-11-07 13:00:15,0.32092,0.32092
2019-11-07 13:00:45,0.25735,0.25735
2019-11-07 14:00:15,0.045368,0.045368
2019-11-07 14:00:45,0.095405,0.095405
2019-11-07 15:00:15,0.31496,0.31496
2019-11-07 15:00:45,0.14766,0.14766
2019-11-07 16:00:15,-0.01685,-0.01685
2019-11-07 16:00:45,0.10048,0.10048
2019-11-07 17:00:15,0.023621,0.023621
2019-11-07 17:00:45,-0.07606,-0.07606
2019-11-07 18:00:15,-0.10468,-0.10468
2019-11-07 18:00:45,-0.011813,-0.011813
2019-11-07 19:00:15,-0.015687,-0.015687
2019-11-07 19:00:45,0.020247,0.020247
2019-11-07 20:00:15,-0.011175,-0.011175
2019-11-07 20:00:45,-0.035575,-0.035575
2019-11-07 21:00:15,-0.12154,-0.12154
2019-11-07 21:00:45,-0.035791,-0.035791
2019-11-07 22:00:15,-0.004971,-0.004971
2019-11-07 22:00:45,-0.048735,-0.048735
2019-11-07 23:00:15,-0.041601,-0.041601
2019-11-07 23:00:45,-0.0575,-0.0575
2019-11-08 00:00:15,-0.11223,-0.11223
2019-11-08 00:00:45,-0.051844,-0.051844
2019-11-08 01:00:15,-0.010056,-0.010056
2019-11-08 01:00:45,-0.15579,-0.15579
2019-11-08 02:00:15,,-0.04804507000000001
2019-11-08 02:00:45,,-0.05195814250000001
2019-11-08 03:00:15,-0.16939,-0.16939
2019-11-08 03:00:45,,0.15740494499999996
2019-11-08 04:00:15,,0.25658814250000006
2019-11-08 04:00:45,,0.36374686000000006
2019-11-08 05:00:15,,0.24918410750000003
2019-11-08 05:00:45,,0.318117625
2019-11-08 06:00:15,,0.3830939675
2019-11-08 06:00:45,,0.2784590675
2019-11-08 07:00:15,,-0.19729868999999997
2019-11-08 07:00:45,,-0.15007221999999998
2019-11-08 08:00:15,,-0.21440817999999995
2019-11-08 08:00:45,-0.4781,-0.4781
2019-11-08 09:00:15,-0.46924,-0.46924
2019-11-08 09:00:45,0.51922,0.51922
2019-11-08 10:00:15,-0.036614,-0.036614
2019-11-08 10:00:45,0.40518,0.40518
2019-11-08 11:00:15,0.12111,0.12111
2019-11-08 11:00:45,0.21282,0.21282
2019-11-08 12:00:15,0.35515,0.35515
2019-11-08 12:00:45,0.44464,0.44464
2019-11-08 13:00:15,0.30745,0.30745
2019-11-08 13:00:45,0.44259,0.44259
2019-11-08 14:00:15,0.66797,0.66797
2019-11-08 14:00:45,-0.17146,-0.17146
2019-11-08 15:00:15,-0.1186,-0.1186
2019-11-08 15:00:45,-0.046144,-0.046144
2019-11-08 16:00:15,0.053607,0.053607
2019-11-08 16:00:45,0.031354,0.031354
2019-11-08 17:00:15,0.034397,0.034397
2019-11-08 17:00:45,-0.025668,-0.025668
2019-11-08 18:00:15,-0.01783,-0.01783
2019-11-08 18:00:45,-0.043775,-0.043775
2019-11-08 19:00:15,0.11186,0.11186
2019-11-08 19:00:45,-0.12227,-0.12227
2019-11-08 20:00:15,,-0.085621055
2019-11-08 20:00:45,-0.06711,-0.06711
2019-11-08 21:00:15,-0.023197,-0.023197
2019-11-08 21:00:45,0.026619,0.026619
2019-11-08 22:00:15,0.43133,0.43133
2019-11-08 22:00:45,0.13966,0.13966
2019-11-08 23:00:15,0.16964,0.16964
2019-11-08 23:00:45,0.22201,0.22201
2019-11-09 00:00:15,-0.14056,-0.14056
2019-11-09 00:00:45,-0.050653,-0.050653
2019-11-09 01:00:15,0.076797,0.076797
2019-11-09 01:00:45,-0.039223,-0.039223
2019-11-09 02:00:15,-0.007841,-0.007841
2019-11-09 02:00:45,0.029091,0.029091
2019-11-09 03:00:15,0.1396,0.1396
2019-11-09 03:00:45,0.029396,0.029396
2019-11-09 04:00:15,0.026874,0.026874
2019-11-09 04:00:45,,0.025691020000000005
2019-11-09 05:00:15,,0.03824072750000001
2019-11-09 05:00:45,,0.05914598749999998
2019-11-09 06:00:15,,0.212436735
2019-11-09 06:00:45,,0.453075005
2019-11-09 07:00:15,,-0.164368925
2019-11-09 07:00:45,-0.47922,-0.47922
2019-11-09 08:00:15,-0.033725,-0.033725
2019-11-09 08:00:45,-0.35061,-0.35061
2019-11-09 09:00:15,0.31081,0.31081
2019-11-09 09:00:45,0.45279,0.45279
2019-11-09 10:00:15,1.5832,1.5832
2019-11-09 10:00:45,1.0417,1.0417
2019-11-09 11:00:15,-0.088187,-0.088187
2019-11-09 11:00:45,-0.04879,-0.04879
2019-11-09 12:00:15,0.5246,0.5246
2019-11-09 12:00:45,-0.37014,-0.37014
2019-11-09 13:00:15,-0.075503,-0.075503
2019-11-09 13:00:45,0.25463,0.25463
2019-11-09 14:00:15,-0.18793,-0.18793
2019-11-09 14:00:45,-0.08368,-0.08368
2019-11-09 15:00:15,-0.59763,-0.59763
2019-11-09 15:00:45,-0.22622,-0.22622
2019-11-09 16:00:15,-0.016012,-0.016012
2019-11-09 16:00:45,-0.013942,-0.013942
2019-11-09 17:00:15,-0.011394,-0.011394
2019-11-09 17:00:45,0.014046,0.014046
2019-11-09 18:00:15,0.064119,0.064119
2019-11-09 18:00:45,0.022436,0.022436
2019-11-09 19:00:15,0.010303,0.010303
2019-11-09 19:00:45,-0.079882,-0.079882
2019-11-09 20:00:15,-0.041546,-0.041546
2019-11-09 20:00:45,-0.047681,-0.047681
2019-11-09 21:00:15,-0.067339,-0.067339
2019-11-09 21:00:45,-0.022121,-0.022121
2019-11-09 22:00:15,-0.026211,-0.026211
2019-11-09 22:00:45,0.038224,0.038224
2019-11-09 23:00:15,-0.002895,-0.002895
2019-11-09 23:00:45,,0.0087482275
2019-11-10 00:00:15,0.009209,0.009209
2019-11-10 00:00:45,,-0.0109816575
2019-11-10 01:00:15,0.00296,0.00296
2019-11-10 01:00:45,,-0.006302919999999998
2019-11-10 02:00:15,,0.08973951999999995
2019-11-10 02:00:45,-0.13746,-0.13746
2019-11-10 03:00:15,1.0972,1.0972
2019-11-10 03:00:45,,0.137114305
2019-11-10 04:00:15,0.18762,0.18762
2019-11-10 04:00:45,-0.026532,-0.026532
2019-11-10 05:00:15,0.13163,0.13163
2019-11-10 05:00:45,,0.3016229125
2019-11-10 06:00:15,0.6064,0.6064
2019-11-10 06:00:45,,0.02244400500000001
2019-11-10 07:00:15,-0.10599,-0.10599
2019-11-10 07:00:45,-0.8416,-0.8416
2019-11-10 08:00:15,,-0.28651284499999996
2019-11-10 08:00:45,,-0.07339866249999999
2019-11-10 09:00:15,-0.097396,-0.097396
2019-11-10 09:00:45,-0.60053,-0.60053
2019-11-10 10:00:15,-0.17672,-0.17672
2019-11-10 10:00:45,-0.029502,-0.029502
2019-11-10 11:00:15,0.41589,0.41589
2019-11-10 11:00:45,-0.36729,-0.36729
2019-11-10 12:00:15,-0.22174,-0.22174
2019-11-10 12:00:45,-0.13426,-0.13426
2019-11-10 13:00:15,0.26423,0.26423
2019-11-10 13:00:45,-0.70373,-0.70373
2019-11-10 14:00:15,0.22475,0.22475
2019-11-10 14:00:45,-0.13179,-0.13179
2019-11-10 15:00:15,-0.22113,-0.22113
2019-11-10 15:00:45,0.070068,0.070068
2019-11-10 16:00:15,0.48225,0.48225
2019-11-10 16:00:45,0.058179,0.058179
2019-11-10 17:00:15,0.1639,0.1639
2019-11-10 17:00:45,0.029754,0.029754
2019-11-10 18:00:15,-0.034511,-0.034511
2019-11-10 18:00:45,-0.008483,-0.008483
2019-11-10 19:00:15,-0.023463,-0.023463
2019-11-10 19:00:45,-0.01667,-0.01667
2019-11-10 20:00:15,-0.10389,-0.10389
2019-11-10 20:00:45,0.038091,0.038091
2019-11-10 21:00:15,-0.02511,-0.02511
2019-11-10 21:00:45,0.39501,0.39501
2019-11-10 22:00:15,0.014346,0.014346
2019-11-10 22:00:45,-0.019626,-0.019626
2019-11-10 23:00:15,,0.0025016050000000014
2019-11-10 23:00:45,0.015192,0.015192
2019-11-11 00:00:15,0.10443,0.10443
2019-11-11 00:00:45,-0.059477,-0.059477
2019-11-11 01:00:15,0.053415,0.053415
2019-11-11 01:00:45,-0.064204,-0.064204
2019-11-11 02:00:15,-0.013003,-0.013003
2019-11-11 02:00:45,0.15823,0.15823
2019-11-11 03:00:15,-0.033536,-0.033536
2019-11-11 03:00:45,-0.005754,-0.005754
2019-11-11 04:00:15,-0.18535,-0.18535
2019-11-11 04:00:45,0.00496,0.00496
2019-11-11 05:00:15,,0.012383132500000003
2019-11-11 05:00:45,-0.15804,-0.15804
2019-11-11 06:00:15,-0.19565,-0.19565
2019-11-11 06:00:45,-0.060127,-0.060127
2019-11-11 07:00:15,-0.06087,-0.06087
2019-11-11 07:00:45,-0.24688,-0.24688
2019-11-11 08:00:15,-0.56385,-0.56385
2019-11-11 08:00:45,-0.35985,-0.35985
2019-11-11 09:00:15,-0.26841,-0.26841
2019-11-11 09:00:45,-0.23576,-0.23576
2019-11-11 10:00:15,-0.31609,-0.31609
2019-11-11 10:00:45,-0.91058,-0.91058
2019-11-11 11:00:15,-0.80792,-0.80792
2019-11-11 11:00:45,-0.51849,-0.51849
2019-11-11 12:00:15,-0.3778,-0.3778
2019-11-11 12:00:45,-0.47394,-0.47394
2019-11-11 13:00:15,-0.65215,-0.65215
2019-11-11 13:00:45,-0.77365,-0.77365
2019-11-11 14:00:15,0.022953,0.022953
2019-11-11 14:00:45,-0.36618,-0.36618
2019-11-11 15:00:15,-0.23039,-0.23039
2019-11-11 15:00:45,0.16478,0.16478
2019-11-11 16:00:15,-0.3792,-0.3792
2019-11-11 16:00:45,0.16342,0.16342
2019-11-11 17:00:15,-0.032779,-0.032779
2019-11-11 17:00:45,-0.1254,-0.1254
2019-11-11 18:00:15,,-0.049050997500000006
2019-11-11 18:00:45,,-0.06949658500000001
2019-11-11 19:00:15,-0.1909,-0.1909
2019-11-11 19:00:45,,-0.0982781275
2019-11-11 20:00:15,,-0.04757757750000001
2019-11-11 20:00:45,0.080728,0.080728
2019-11-11 21:00:15,-0.083041,-0.083041
2019-11-11 21:00:45,,-0.0920984675
2019-11-11 22:00:15,0.003903,0.003903
2019-11-11 22:00:45,0.12375,0.12375
2019-11-11 23:00:15,0.25979,0.25979
2019-11-11 23:00:45,0.26179,0.26179
2019-11-12 00:00:15,0.30281,0.30281
2019-11-12 00:00:45,0.233,0.233
2019-11-12 01:00:15,0.2378,0.2378
2019-11-12 01:00:45,0.416,0.416
2019-11-12 02:00:15,0.65824,0.65824
2019-11-12 02:00:45,0.28327,0.28327
2019-11-12 03:00:15,,0.35358706500000003
2019-11-12 03:00:45,0.028461,0.028461
2019-11-12 04:00:15,-0.03006,-0.03006
2019-11-12 04:00:45,0.084729,0.084729
2019-11-12 05:00:15,0.49701,0.49701
2019-11-12 05:00:45,0.3158,0.3158
2019-11-12 06:00:15,0.30916,0.30916
2019-11-12 06:00:45,0.31639,0.31639
2019-11-12 07:00:15,0.42145,0.42145
2019-11-12 07:00:45,0.918,0.918
2019-11-12 08:00:15,1.0168,1.0168
2019-11-12 08:00:45,1.0778,1.0778
2019-11-12 09:00:15,1.1967,1.1967
2019-11-12 09:00:45,0.84624,0.84624
2019-11-12 10:00:15,-0.014143,-0.014143
2019-11-12 10:00:45,-0.30538,-0.30538
2019-11-12 11:00:15,-0.85724,-0.85724
2019-11-12 11:00:45,-1.0307,-1.0307
2019-11-12 12:00:15,-0.3197,-0.3197
2019-11-12 12:00:45,-1.1422,-1.1422
2019-11-12 13:00:15,-0.80822,-0.80822
2019-11-12 13:00:45,-0.26985,-0.26985
2019-11-12 14:00:15,-0.80936,-0.80936
2019-11-12 14:00:45,-0.84878,-0.84878
2019-11-12 15:00:15,-0.69207,-0.69207
2019-11-12 15:00:45,-0.67318,-0.67318
2019-11-12 16:00:15,-0.42056,-0.42056
2019-11-12 16:00:45,-0.16494,-0.16494
2019-11-12 17:00:15,0.007096,0.007096
2019-11-12 17:00:45,-0.073946,-0.073946
2019-11-12 18:00:15,-0.18235,-0.18235
2019-11-12 18:00:45,-0.18187,-0.18187
2019-11-12 19:00:15,,-0.13964246249999995
2019-11-12 19:00:45,,-0.13379389249999996
2019-11-12 20:00:15,,-0.12190514499999996
2019-11-12 20:00:45,,-0.12338469999999999
2019-11-12 21:00:15,-0.18319,-0.18319
2019-11-12 21:00:45,-0.10026,-0.10026
2019-11-12 22:00:15,-0.18826,-0.18826
2019-11-12 22:00:45,-0.048113,-0.048113
2019-11-12 23:00:15,-0.12467,-0.12467
2019-11-12 23:00:45,,-0.07503911499999999
2019-11-13 00:00:15,-0.099577,-0.099577
2019-11-13 00:00:45,-0.020935,-0.020935
2019-11-13 01:00:15,,-0.06755778
2019-11-13 01:00:45,,-0.054134665000000026
2019-11-13 02:00:15,-0.074241,-0.074241
2019-11-13 02:00:45,-0.066668,-0.066668
2019-11-13 03:00:15,-0.026042,-0.026042
2019-11-13 03:00:45,1.2023,1.2023
2019-11-13 04:00:15,,0.43251960499999986
2019-11-13 04:00:45,,0.4184537374999999
2019-11-13 05:00:15,0.33344,0.33344
2019-11-13 05:00:45,0.31661,0.31661
2019-11-13 06:00:15,0.28041,0.28041
2019-11-13 06:00:45,0.30024,0.30024
2019-11-13 07:00:15,0.25674,0.25674
2019-11-13 07:00:45,-0.54232,-0.54232
2019-11-13 08:00:15,-0.66752,-0.66752
2019-11-13 08:00:45,-0.63875,-0.63875
2019-11-13 09:00:15,-0.5692,-0.5692
2019-11-13 09:00:45,-0.36166,-0.36166
2019-11-13 10:00:15,0.13667,0.13667
2019-11-13 10:00:45,0.1892,0.1892
2019-11-13 11:00:15,-0.16043,-0.16043
2019-11-13 11:00:45,,-0.31607480500000007
2019-11-13 12:00:15,0.68139,0.68139
2019-11-13 12:00:45,-0.3154,-0.3154
2019-11-13 13:00:15,-0.24124,-0.24124
2019-11-13 13:00:45,-0.071296,-0.071296
2019-11-13 14:00:15,-0.30999,-0.30999
2019-11-13 14:00:45,-0.13609,-0.13609
2019-11-13 15:00:15,-0.16738,-0.16738
2019-11-13 15:00:45,-0.14411,-0.14411
2019-11-13 16:00:15,-0.029883,-0.029883
2019-11-13 16:00:45,-0.021071,-0.021071
2019-11-13 17:00:15,-0.006006,-0.006006
2019-11-13 17:00:45,-0.006891,-0.006891
2019-11-13 18:00:15,-0.059037,-0.059037
2019-11-13 18:00:45,-0.038058,-0.038058
2019-11-13 19:00:15,0.019071,0.019071
2019-11-13 19:00:45,-0.038007,-0.038007
2019-11-13 20:00:15,0.2196,0.2196
2019-11-13 20:00:45,0.05322,0.05322
2019-11-13 21:00:15,-0.093068,-0.093068
2019-11-13 21:00:45,-0.059654,-0.059654
2019-11-13 22:00:15,0.021391,0.021391
2019-11-13 22:00:45,0.042534,0.042534
2019-11-13 23:00:15,-0.008495,-0.008495
2019-11-13 23:00:45,-0.061221,-0.061221
2019-11-14 00:00:15,-0.062188,-0.062188
2019-11-14 00:00:45,-0.018126,-0.018126
2019-11-14 01:00:15,,-0.028639412500000003
2019-11-14 01:00:45,,-0.043690065000000014
2019-11-14 02:00:15,-0.12561,-0.12561
2019-11-14 02:00:45,,-0.027560267500000013
2019-11-14 03:00:15,-0.16201,-0.16201
2019-11-14 03:00:45,-0.12402,-0.12402
2019-11-14 04:00:15,-0.18222,-0.18222
2019-11-14 04:00:45,-0.13286,-0.13286
2019-11-14 05:00:15,-0.065706,-0.065706
2019-11-14 05:00:45,-0.050785,-0.050785
2019-11-14 06:00:15,-0.030391,-0.030391
2019-11-14 06:00:45,0.084217,0.084217
2019-11-14 07:00:15,-0.87624,-0.87624
2019-11-14 07:00:45,-0.25565,-0.25565
2019-11-14 08:00:15,-0.19289,-0.19289
2019-11-14 08:00:45,-0.24543,-0.24543
2019-11-14 09:00:15,-0.88577,-0.88577
2019-11-14 09:00:45,-0.4475,-0.4475
2019-11-14 10:00:15,0.40718,0.40718
2019-11-14 10:00:45,0.00206,0.00206
2019-11-14 11:00:15,0.2195,0.2195
2019-11-14 11:00:45,-0.068741,-0.068741
2019-11-14 12:00:15,-0.60574,-0.60574
2019-11-14 12:00:45,-0.15429,-0.15429
2019-11-14 13:00:15,-0.89311,-0.89311
2019-11-14 13:00:45,-0.82962,-0.82962
2019-11-14 14:00:15,-0.64914,-0.64914
2019-11-14 14:00:45,-0.36778,-0.36778
2019-11-14 15:00:15,,-0.5015362375000002
2019-11-14 15:00:45,0.17377,0.17377
2019-11-14 16:00:15,-0.20425,-0.20425
2019-11-14 16:00:45,-0.043615,-0.043615
2019-11-14 17:00:15,0.016016,0.016016
2019-11-14 17:00:45,-0.092539,-0.092539
2019-11-14 18:00:15,0.24274,0.24274
2019-11-14 18:00:45,-0.079979,-0.079979
2019-11-14 19:00:15,-0.050417,-0.050417
2019-11-14 19:00:45,0.061985,0.061985
2019-11-14 20:00:15,0.036244,0.036244
2019-11-14 20:00:45,-0.029672,-0.029672
2019-11-14 21:00:15,0.024685,0.024685
2019-11-14 21:00:45,-0.030244,-0.030244
2019-11-14 22:00:15,4.9e-05,4.9e-05
2019-11-14 22:00:45,,-0.05381129750000001
2019-11-14 23:00:15,-0.17369,-0.17369
2019-11-14 23:00:45,0.007938,0.007938
2019-11-15 00:00:15,-0.013132,-0.013132
2019-11-15 00:00:45,-0.1056,-0.1056
2019-11-15 01:00:15,-0.042861,-0.042861
2019-11-15 01:00:45,-0.15087,-0.15087
2019-11-15 02:00:15,-0.072093,-0.072093
2019-11-15 02:00:45,-0.15551,-0.15551
2019-11-15 03:00:15,-0.033053,-0.033053
2019-11-15 03:00:45,-0.1522,-0.1522
2019-11-15 04:00:15,-0.073983,-0.073983
2019-11-15 04:00:45,-0.12316,-0.12316
2019-11-15 05:00:15,-0.12999,-0.12999
2019-11-15 05:00:45,-0.11226,-0.11226
2019-11-15 06:00:15,-0.12579,-0.12579
2019-11-15 06:00:45,-0.14772,-0.14772
2019-11-15 07:00:15,0.12175,0.12175
2019-11-15 07:00:45,-0.34028,-0.34028
2019-11-15 08:00:15,-0.59528,-0.59528
2019-11-15 08:00:45,-1.1595,-1.1595
2019-11-15 09:00:15,-0.068491,-0.068491
2019-11-15 09:00:45,-0.48882,-0.48882
2019-11-15 10:00:15,-0.67699,-0.67699
2019-11-15 10:00:45,0.78992,0.78992
2019-11-15 11:00:15,0.20562,0.20562
2019-11-15 11:00:45,-0.42563,-0.42563
2019-11-15 12:00:15,-0.54932,-0.54932
2019-11-15 12:00:45,-0.56996,-0.56996
2019-11-15 13:00:15,-0.61204,-0.61204
2019-11-15 13:00:45,-0.50334,-0.50334
2019-11-15 14:00:15,-0.46612,-0.46612
2019-11-15 14:00:45,-0.50192,-0.50192
2019-11-15 15:00:15,-0.27596,-0.27596
2019-11-15 15:00:45,-0.26903,-0.26903
2019-11-15 16:00:15,-0.11876,-0.11876
2019-11-15 16:00:45,-0.030785,-0.030785
2019-11-15 17:00:15,-0.070047,-0.070047
2019-11-15 17:00:45,-0.096876,-0.096876
2019-11-15 18:00:15,-0.065282,-0.065282
2019-11-15 18:00:45,-0.018695,-0.018695
2019-11-15 19:00:15,-0.056087,-0.056087
2019-11-15 19:00:45,-0.020333,-0.020333
2019-11-15 20:00:15,,-0.00953281
2019-11-15 20:00:45,0.026338,0.026338
2019-11-15 21:00:15,0.032862,0.032862
2019-11-15 21:00:45,-0.020352,-0.020352
2019-11-15 22:00:15,-0.014932,-0.014932
2019-11-15 22:00:45,-0.057324,-0.057324
2019-11-15 23:00:15,-0.037281,-0.037281
2019-11-15 23:00:45,0.022978,0.022978
2019-11-16 00:00:15,-0.082063,-0.082063
2019-11-16 00:00:45,0.060757,0.060757
2019-11-16 01:00:15,0.010926,0.010926
2019-11-16 01:00:45,-0.001273,-0.001273
2019-11-16 02:00:15,-0.000859,-0.000859
2019-11-16 02:00:45,0.052723,0.052723
2019-11-16 03:00:15,0.17898,0.17898
2019-11-16 03:00:45,-0.16929,-0.16929
2019-11-16 04:00:15,,0.06207280249999999
2019-11-16 04:00:45,,0.05356716499999999
2019-11-16 05:00:15,0.61229,0.61229
2019-11-16 05:00:45,0.081841,0.081841
2019-11-16 06:00:15,0.0162,0.0162
2019-11-16 06:00:45,0.042941,0.042941
2019-11-16 07:00:15,0.30638,0.30638
2019-11-16 07:00:45,-1.1222,-1.1222
2019-11-16 08:00:15,-1.3175,-1.3175
2019-11-16 08:00:45,0.7784,0.7784
2019-11-16 09:00:15,0.51281,0.51281
2019-11-16 09:00:45,-1.1813,-1.1813
2019-11-16 10:00:15,,0.037957374999999995
2019-11-16 10:00:45,,0.13411054249999996
2019-11-16 11:00:15,0.46982,0.46982
2019-11-16 11:00:45,-0.88389,-0.88389
2019-11-16 12:00:15,-0.16281,-0.16281
2019-11-16 12:00:45,-0.49587,-0.49587
2019-11-16 13:00:15,0.16297,0.16297
2019-11-16 13:00:45,-0.18842,-0.18842
2019-11-16 14:00:15,-0.11165,-0.11165
2019-11-16 14:00:45,-0.22025,-0.22025
2019-11-16 15:00:15,-0.38831,-0.38831
2019-11-16 15:00:45,-0.002465,-0.002465
2019-11-16 16:00:15,-0.025434,-0.025434
2019-11-16 16:00:45,-0.094583,-0.094583
2019-11-16 17:00:15,-0.011517,-0.011517
2019-11-16 17:00:45,-0.005269,-0.005269
2019-11-16 18:00:15,-0.020394,-0.020394
2019-11-16 18:00:45,-0.042254,-0.042254
2019-11-16 19:00:15,-0.019322,-0.019322
2019-11-16 19:00:45,-0.008025,-0.008025
2019-11-16 20:00:15,-0.025844,-0.025844
2019-11-16 20:00:45,-7.2e-05,-7.2e-05
2019-11-16 21:00:15,-0.098926,-0.098926
2019-11-16 21:00:45,-0.16646,-0.16646
2019-11-16 22:00:15,-0.052834,-0.052834
2019-11-16 22:00:45,-0.035282,-0.035282
2019-11-16 23:00:15,-0.022956,-0.022956
2019-11-16 23:00:45,0.072517,0.072517
2019-11-17 00:00:15,-0.030465,-0.030465
2019-11-17 00:00:45,0.87044,0.87044
2019-11-17 01:00:15,,0.022804485
2019-11-17 01:00:45,,-0.007421894999999993
2019-11-17 02:00:15,-0.13599,-0.13599
2019-11-17 02:00:45,0.37257,0.37257
2019-11-17 03:00:15,0.12086,0.12086
2019-11-17 03:00:45,0.35141,0.35141
2019-11-17 04:00:15,1.2882,1.2882
2019-11-17 04:00:45,-0.11186,-0.11186
2019-11-17 05:00:15,-0.00463,-0.00463
2019-11-17 05:00:45,0.061659,0.061659
2019-11-17 06:00:15,,-0.033541657499999995
2019-11-17 06:00:45,0.25238,0.25238
2019-11-17 07:00:15,-0.1673,-0.1673
2019-11-17 07:00:45,-0.33882,-0.33882
2019-11-17 08:00:15,-0.62735,-0.62735
2019-11-17 08:00:45,-0.018989,-0.018989
2019-11-17 09:00:15,-0.42376,-0.42376
2019-11-17 09:00:45,-0.55007,-0.55007
2019-11-17 10:00:15,0.84649,0.84649
2019-11-17 10:00:45,1.3333,1.3333
2019-11-17 11:00:15,-0.056147,-0.056147
2019-11-17 11:00:45,-0.011672,-0.011672
2019-11-17 12:00:15,-0.55854,-0.55854
2019-11-17 12:00:45,-0.12646,-0.12646
2019-11-17 13:00:15,-0.22853,-0.22853
2019-11-17 13:00:45,-0.29717,-0.29717
2019-11-17 14:00:15,-0.000388,-0.000388
2019-11-17 14:00:45,-0.089721,-0.089721
2019-11-17 15:00:15,-0.53885,-0.53885
2019-11-17 15:00:45,-0.70631,-0.70631
2019-11-17 16:00:15,-0.28196,-0.28196
2019-11-17 16:00:45,-0.14989,-0.14989
2019-11-17 17:00:15,0.012613,0.012613
2019-11-17 17:00:45,0.055628,0.055628
2019-11-17 18:00:15,0.000805,0.000805
2019-11-17 18:00:45,-0.034913,-0.034913
2019-11-17 19:00:15,,-0.04930058749999999
2019-11-17 19:00:45,-0.043574,-0.043574
2019-11-17 20:00:15,-0.094092,-0.094092
2019-11-17 20:00:45,-0.081066,-0.081066
2019-11-17 21:00:15,-0.046032,-0.046032
2019-11-17 21:00:45,-0.05646,-0.05646
2019-11-17 22:00:15,-0.02577,-0.02577
2019-11-17 22:00:45,-0.016594,-0.016594
2019-11-17 23:00:15,-0.079212,-0.079212
2019-11-17 23:00:45,-0.12365,-0.12365
2019-11-18 00:00:15,-0.074105,-0.074105
2019-11-18 00:00:45,0.000279,0.000279
2019-11-18 01:00:15,-0.067838,-0.067838
2019-11-18 01:00:45,0.04381,0.04381
2019-11-18 02:00:15,-0.083958,-0.083958
2019-11-18 02:00:45,0.04783,0.04783
2019-11-18 03:00:15,,0.01745383
2019-11-18 03:00:45,,-0.03974976749999999
2019-11-18 04:00:15,,-0.05760900749999999
2019-11-18 04:00:45,,-0.058082077500000016
2019-11-18 05:00:15,-0.090832,-0.090832
2019-11-18 05:00:45,0.098732,0.098732
2019-11-18 06:00:15,0.092125,0.092125
2019-11-18 06:00:45,0.000414,0.000414
2019-11-18 07:00:15,0.14188,0.14188
2019-11-18 07:00:45,0.3569,0.3569
2019-11-18 08:00:15,0.11362,0.11362
2019-11-18 08:00:45,0.39172,0.39172
2019-11-18 09:00:15,0.32751,0.32751
2019-11-18 09:00:45,0.16535,0.16535
2019-11-18 10:00:15,0.20761,0.20761
2019-11-18 10:00:45,0.39398,0.39398
2019-11-18 11:00:15,0.69744,0.69744
2019-11-18 11:00:45,0.22729,0.22729
2019-11-18 12:00:15,0.4479,0.4479
2019-11-18 12:00:45,0.16744,0.16744
2019-11-18 13:00:15,0.3709,0.3709
2019-11-18 13:00:45,-0.094371,-0.094371
2019-11-18 14:00:15,-0.023716,-0.023716
2019-11-18 14:00:45,-0.018888,-0.018888
2019-11-18 15:00:15,0.077151,0.077151
2019-11-18 15:00:45,0.003026,0.003026
2019-11-18 16:00:15,0.26729,0.26729
2019-11-18 16:00:45,0.20344,0.20344
2019-11-18 17:00:15,0.020583,0.020583
2019-11-18 17:00:45,-0.023861,-0.023861
2019-11-18 18:00:15,,-0.019940975
2019-11-18 18:00:45,,-0.005417052499999997
2019-11-18 19:00:15,0.13215,0.13215
2019-11-18 19:00:45,-0.048545,-0.048545
2019-11-18 20:00:15,-0.005083,-0.005083
2019-11-18 20:00:45,0.019858,0.019858
2019-11-18 21:00:15,-0.1059,-0.1059
2019-11-18 21:00:45,-0.072196,-0.072196
2019-11-18 22:00:15,-0.042347,-0.042347
2019-11-18 22:00:45,-0.11179,-0.11179
2019-11-18 23:00:15,0.013878,0.013878
2019-11-18 23:00:45,-0.003057,-0.003057
2019-11-19 00:00:15,-0.009986,-0.009986
2019-11-19 00:00:45,-0.020709,-0.020709
2019-11-19 01:00:15,-0.007061,-0.007061
2019-11-19 01:00:45,-0.030702,-0.030702
2019-11-19 02:00:15,-0.038864,-0.038864
2019-11-19 02:00:45,-0.084784,-0.084784
2019-11-19 03:00:15,-0.023958,-0.023958
2019-11-19 03:00:45,0.003271,0.003271
2019-11-19 04:00:15,-0.10477,-0.10477
2019-11-19 04:00:45,0.081186,0.081186
2019-11-19 05:00:15,0.011559,0.011559
2019-11-19 05:00:45,0.017628,0.017628
2019-11-19 06:00:15,0.000372,0.000372
2019-11-19 06:00:45,0.025185,0.025185
2019-11-19 07:00:15,-0.003393,-0.003393
2019-11-19 07:00:45,-0.67602,-0.67602
2019-11-19 08:00:15,-1.056,-1.056
2019-11-19 08:00:45,-0.12469,-0.12469
2019-11-19 09:00:15,-0.63515,-0.63515
2019-11-19 09:00:45,,-0.31616366749999997
2019-11-19 10:00:15,,-0.08250955250000001
2019-11-19 10:00:45,0.051855,0.051855
2019-11-19 11:00:15,-0.31384,-0.31384
2019-11-19 11:00:45,,-0.23070607750000002
2019-11-19 12:00:15,,-0.15350468
2019-11-19 12:00:45,0.036442,0.036442
2019-11-19 13:00:15,-0.14032,-0.14032
2019-11-19 13:00:45,-0.34512,-0.34512
2019-11-19 14:00:15,-0.13101,-0.13101
2019-11-19 14:00:45,-0.2457,-0.2457
2019-11-19 15:00:15,-0.21601,-0.21601
2019-11-19 15:00:45,-0.050381,-0.050381
2019-11-19 16:00:15,0.095126,0.095126
2019-11-19 16:00:45,0.079409,0.079409
2019-11-19 17:00:15,-0.039839,-0.039839
2019-11-19 17:00:45,-0.045735,-0.045735
2019-11-19 18:00:15,-0.085379,-0.085379
2019-11-19 18:00:45,0.016483,0.016483
2019-11-19 19:00:15,0.062222,0.062222
2019-11-19 19:00:45,0.014479,0.014479
2019-11-19 20:00:15,0.036403,0.036403
2019-11-19 20:00:45,0.20352,0.20352
2019-11-19 21:00:15,0.13872,0.13872
2019-11-19 21:00:45,0.23668,0.23668
2019-11-19 22:00:15,0.22631,0.22631
2019-11-19 22:00:45,0.27913,0.27913
2019-11-19 23:00:15,0.36229,0.36229
2019-11-19 23:00:45,0.29235,0.29235
2019-11-20 00:00:15,0.15169,0.15169
2019-11-20 00:00:45,0.11864,0.11864
2019-11-20 01:00:15,0.10497,0.10497
2019-11-20 01:00:45,0.23056,0.23056
2019-11-20 02:00:15,0.14601,0.14601
2019-11-20 02:00:45,,0.41257155
2019-11-20 03:00:15,,0.43998466
2019-11-20 03:00:45,,0.8344178775000002
2019-11-20 04:00:15,,0.6795093300000002
2019-11-20 04:00:45,,0.6329186474999999
2019-11-20 05:00:15,,0.5325347675000001
2019-11-20 05:00:45,,0.5057808024999999
2019-11-20 06:00:15,,0.7505823475000001
2019-11-20 06:00:45,,0.6028889525000001
2019-11-20 07:00:15,,0.3080951025000001
2019-11-20 07:00:45,,-0.17575937249999998
2019-11-20 08:00:15,,0.07867401000000002
2019-11-20 08:00:45,-1.4069,-1.4069
2019-11-20 09:00:15,-0.36866,-0.36866
2019-11-20 09:00:45,,-0.03457758250000001
2019-11-20 10:00:15,,0.1217071625
2019-11-20 10:00:45,0.20738,0.20738
2019-11-20 11:00:15,0.20447,0.20447
2019-11-20 11:00:45,-0.12232,-0.12232
2019-11-20 12:00:15,0.022756,0.022756
2019-11-20 12:00:45,0.47054,0.47054
2019-11-20 13:00:15,0.27328,0.27328
2019-11-20 13:00:45,0.33044,0.33044
2019-11-20 14:00:15,0.33956,0.33956
2019-11-20 14:00:45,-0.029288,-0.029288
2019-11-20 15:00:15,0.41071,0.41071
2019-11-20 15:00:45,0.42289,0.42289
2019-11-20 16:00:15,0.20027,0.20027
2019-11-20 16:00:45,0.4509,0.4509
2019-11-20 17:00:15,0.28901,0.28901
2019-11-20 17:00:45,0.44273,0.44273
2019-11-20 18:00:15,0.278,0.278
2019-11-20 18:00:45,0.31204,0.31204
2019-11-20 19:00:15,0.2543,0.2543
2019-11-20 19:00:45,0.24651,0.24651
2019-11-20 20:00:15,0.15498,0.15498
2019-11-20 20:00:45,0.16976,0.16976
2019-11-20 21:00:15,0.34837,0.34837
2019-11-20 21:00:45,0.25352,0.25352
2019-11-20 22:00:15,0.27614,0.27614
2019-11-20 22:00:45,0.33116,0.33116
2019-11-20 23:00:15,0.34601,0.34601
2019-11-20 23:00:45,0.23878,0.23878
2019-11-21 00:00:15,0.12243,0.12243
2019-11-21 00:00:45,0.14643,0.14643
2019-11-21 01:00:15,0.35301,0.35301
2019-11-21 01:00:45,0.2991,0.2991
2019-11-21 02:00:15,0.39587,0.39587
2019-11-21 02:00:45,0.24077,0.24077
2019-11-21 03:00:15,0.24446,0.24446
2019-11-21 03:00:45,0.32699,0.32699
2019-11-21 04:00:15,0.2777,0.2777
2019-11-21 04:00:45,0.24046,0.24046
2019-11-21 05:00:15,0.16573,0.16573
2019-11-21 05:00:45,0.29747,0.29747
2019-11-21 06:00:15,0.28982,0.28982
2019-11-21 06:00:45,0.090032,0.090032
2019-11-21 07:00:15,-0.86006,-0.86006
2019-11-21 07:00:45,,0.15206378999999998
2019-11-21 08:00:15,,0.2808780600000001
2019-11-21 08:00:45,,0.2903545675000001
2019-11-21 09:00:15,,0.27519527
2019-11-21 09:00:45,,0.18106007250000006
2019-11-21 10:00:15,,0.11307012750000003
2019-11-21 10:00:45,,0.23082701750000004
2019-11-21 11:00:15,,-0.030082272499999983
2019-11-21 11:00:45,,-0.03698676000000002
2019-11-21 12:00:15,,0.18005913999999998
2019-11-21 12:00:45,,-0.12793159999999995
2019-11-21 13:00:15,,-0.15917565499999994
2019-11-21 13:00:45,,-0.08390583500000004
2019-11-21 14:00:15,,-0.1511275825
2019-11-21 14:00:45,-0.59661,-0.59661
2019-11-21 15:00:15,,0.206401085
2019-11-21 15:00:45,,-0.11361219250000004
2019-11-21 16:00:15,-0.76681,-0.76681
2019-11-21 16:00:45,0.78943,0.78943
2019-11-21 17:00:15,-0.16564,-0.16564
2019-11-21 17:00:45,,0.3453926975
2019-11-21 18:00:15,,0.34594661750000005
2019-11-21 18:00:45,,0.36977182500000016
2019-11-21 19:00:15,,0.439108245
2019-11-21 19:00:45,,0.35364909000000005
2019-11-21 20:00:15,,0.3549598575
2019-11-21 20:00:45,,0.4629076575000001
2019-11-21 21:00:15,,0.4875758075000002
2019-11-21 21:00:45,,0.42720295750000015
2019-11-21 22:00:15,,0.41622280749999996
2019-11-21 22:00:45,,0.36690401750000007
2019-11-21 23:00:15,,0.41429259249999995
2019-11-21 23:00:45,,0.3772103875
2019-11-22 00:00:15,,0.40531474500000003
2019-11-22 00:00:45,,0.2353677225
2019-11-22 01:00:15,,0.4031885974999998
2019-11-22 01:00:45,,0.38817443250000006
2019-11-22 02:00:15,,0.6339526375
2019-11-22 02:00:45,1.1406,1.1406
2019-11-22 03:00:15,,0.5001592225
2019-11-22 03:00:45,,0.4383453475
2019-11-22 04:00:15,,0.4522751325
2019-11-22 04:00:45,,0.47681303
2019-11-22 05:00:15,,0.49229734
2019-11-22 05:00:45,,0.47558347500000003
2019-11-22 06:00:15,-0.18167,-0.18167
2019-11-22 06:00:45,,0.37768463999999996
2019-11-22 07:00:15,,0.118493445
2019-11-22 07:00:45,,-0.017368202500000002
2019-11-22 08:00:15,0.24664,0.24664
2019-11-22 08:00:45,0.093213,0.093213
2019-11-22 09:00:15,-0.11676,-0.11676
2019-11-22 09:00:45,-0.067493,-0.067493
2019-11-22 10:00:15,,-0.09842274749999999
2019-11-22 10:00:45,-0.046764,-0.046764
2019-11-22 11:00:15,-0.17964,-0.17964
2019-11-22 11:00:45,-0.07718,-0.07718
2019-11-22 12:00:15,-0.54197,-0.54197
2019-11-22 12:00:45,0.3487,0.3487
2019-11-22 13:00:15,-0.29955,-0.29955
2019-11-22 13:00:45,-0.060278,-0.060278
2019-11-22 14:00:15,0.18181,0.18181
2019-11-22 14:00:45,0.030959,0.030959
2019-11-22 15:00:15,0.063317,0.063317
2019-11-22 15:00:45,0.17038,0.17038
2019-11-22 16:00:15,0.03541,0.03541
2019-11-22 16:00:45,0.1448,0.1448
2019-11-22 17:00:15,0.01456,0.01456
2019-11-22 17:00:45,-0.036682,-0.036682
2019-11-22 18:00:15,-0.089907,-0.089907
2019-11-22 18:00:45,-0.041114,-0.041114
2019-11-22 19:00:15,-0.068236,-0.068236
2019-11-22 19:00:45,0.020756,0.020756
2019-11-22 20:00:15,0.085721,0.085721
2019-11-22 20:00:45,-0.076847,-0.076847
2019-11-22 21:00:15,-0.045009,-0.045009
2019-11-22 21:00:45,-0.078121,-0.078121
2019-11-22 22:00:15,0.051974,0.051974
2019-11-22 22:00:45,0.016877,0.016877
2019-11-22 23:00:15,-0.01119,-0.01119
2019-11-22 23:00:45,0.090853,0.090853
2019-11-23 00:00:15,-0.10476,-0.10476
2019-11-23 00:00:45,-0.11348,-0.11348
2019-11-23 01:00:15,0.012375,0.012375
2019-11-23 01:00:45,-0.085079,-0.085079
2019-11-23 02:00:15,-0.058139,-0.058139
2019-11-23 02:00:45,-0.072495,-0.072495
2019-11-23 03:00:15,-0.11149,-0.11149
2019-11-23 03:00:45,-0.076692,-0.076692
2019-11-23 04:00:15,0.001078,0.001078
2019-11-23 04:00:45,0.23481,0.23481
2019-11-23 05:00:15,0.22592,0.22592
2019-11-23 05:00:45,-0.11762,-0.11762
2019-11-23 06:00:15,-0.13136,-0.13136
2019-11-23 06:00:45,0.1937,0.1937
2019-11-23 07:00:15,0.10882,0.10882
2019-11-23 07:00:45,-0.074373,-0.074373
2019-11-23 08:00:15,-0.009795,-0.009795
2019-11-23 08:00:45,-0.019799,-0.019799
2019-11-23 09:00:15,0.062632,0.062632
2019-11-23 09:00:45,-0.15372,-0.15372
2019-11-23 10:00:15,0.12497,0.12497
2019-11-23 10:00:45,-0.22118,-0.22118
2019-11-23 11:00:15,0.19187,0.19187
2019-11-23 11:00:45,0.084991,0.084991
2019-11-23 12:00:15,0.10997,0.10997
2019-11-23 12:00:45,0.26094,0.26094
2019-11-23 13:00:15,0.18152,0.18152
2019-11-23 13:00:45,-0.002246,-0.002246
2019-11-23 14:00:15,0.16214,0.16214
2019-11-23 14:00:45,0.065172,0.065172
2019-11-23 15:00:15,0.15717,0.15717
2019-11-23 15:00:45,0.005154,0.005154
2019-11-23 16:00:15,-0.010165,-0.010165
2019-11-23 16:00:45,-0.056436,-0.056436
2019-11-23 17:00:15,-0.085717,-0.085717
2019-11-23 17:00:45,-0.084488,-0.084488
2019-11-23 18:00:15,-0.10654,-0.10654
2019-11-23 18:00:45,-0.097413,-0.097413
2019-11-23 19:00:15,,-0.0722797275
2019-11-23 19:00:45,0.010188,0.010188
2019-11-23 20:00:15,-0.027458,-0.027458
2019-11-23 20:00:45,,0.007196447499999997
2019-11-23 21:00:15,-0.007214,-0.007214
2019-11-23 21:00:45,,-0.030652034999999998
2019-11-23 22:00:15,,-0.040363090000000004
2019-11-23 22:00:45,-0.094867,-0.094867
2019-11-23 23:00:15,,-0.0568254975
2019-11-23 23:00:45,,-0.05845204250000001
2019-11-24 00:00:15,-0.019127,-0.019127
2019-11-24 00:00:45,-0.19861,-0.19861
2019-11-24 01:00:15,0.00181,0.00181
2019-11-24 01:00:45,,0.05198868749999998
2019-11-24 02:00:15,0.080863,0.080863
2019-11-24 02:00:45,0.12167,0.12167
2019-11-24 03:00:15,-0.021478,-0.021478
2019-11-24 03:00:45,0.47785,0.47785
2019-11-24 04:00:15,,-0.015053737499999999
2019-11-24 04:00:45,0.29432,0.29432
2019-11-24 05:00:15,0.32686,0.32686
2019-11-24 05:00:45,,0.307503945
2019-11-24 06:00:15,0.24733,0.24733
2019-11-24 06:00:45,0.29046,0.29046
2019-11-24 07:00:15,,0.26480225749999997
2019-11-24 07:00:45,0.24133,0.24133
2019-11-24 08:00:15,-0.3299,-0.3299
2019-11-24 08:00:45,-0.17316,-0.17316
2019-11-24 09:00:15,0.041131,0.041131
2019-11-24 09:00:45,0.031376,0.031376
2019-11-24 10:00:15,-0.068025,-0.068025
2019-11-24 10:00:45,-0.32612,-0.32612
2019-11-24 11:00:15,-0.55599,-0.55599
2019-11-24 11:00:45,0.062876,0.062876
2019-11-24 12:00:15,0.032383,0.032383
2019-11-24 12:00:45,0.106,0.106
2019-11-24 13:00:15,-0.088455,-0.088455
2019-11-24 13:00:45,-0.41742,-0.41742
2019-11-24 14:00:15,-0.015459,-0.015459
2019-11-24 14:00:45,0.28558,0.28558
2019-11-24 15:00:15,-0.29646,-0.29646
2019-11-24 15:00:45,0.025728,0.025728
2019-11-24 16:00:15,-0.001083,-0.001083
2019-11-24 16:00:45,-0.015784,-0.015784
2019-11-24 17:00:15,-0.030959,-0.030959
2019-11-24 17:00:45,-0.023885,-0.023885
2019-11-24 18:00:15,-0.07429,-0.07429
2019-11-24 18:00:45,0.005009,0.005009
2019-11-24 19:00:15,,-0.028485315
2019-11-24 19:00:45,,-0.0325775975
2019-11-24 20:00:15,-0.057301,-0.057301
2019-11-24 20:00:45,-0.014323,-0.014323
2019-11-24 21:00:15,-0.036653,-0.036653
2019-11-24 21:00:45,-0.03895,-0.03895
2019-11-24 22:00:15,-0.083926,-0.083926
2019-11-24 22:00:45,-0.11127,-0.11127
2019-11-24 23:00:15,-0.13906,-0.13906
2019-11-24 23:00:45,-0.007247,-0.007247
2019-11-25 00:00:15,0.007252,0.007252
2019-11-25 00:00:45,-0.10508,-0.10508
2019-11-25 01:00:15,0.092477,0.092477
2019-11-25 01:00:45,-0.10859,-0.10859
2019-11-25 02:00:15,-0.075449,-0.075449
2019-11-25 02:00:45,0.063701,0.063701
2019-11-25 03:00:15,-0.075617,-0.075617
2019-11-25 03:00:45,-0.077934,-0.077934
2019-11-25 04:00:15,0.024469,0.024469
2019-11-25 04:00:45,0.018405,0.018405
2019-11-25 05:00:15,0.10439,0.10439
2019-11-25 05:00:45,0.002965,0.002965
2019-11-25 06:00:15,0.071452,0.071452
2019-11-25 06:00:45,0.3278,0.3278
2019-11-25 07:00:15,0.4104,0.4104
2019-11-25 07:00:45,0.652,0.652
2019-11-25 08:00:15,-0.49457,-0.49457
2019-11-25 08:00:45,-0.97354,-0.97354
2019-11-25 09:00:15,-0.7074,-0.7074
2019-11-25 09:00:45,-0.16215,-0.16215
2019-11-25 10:00:15,-0.2977,-0.2977
2019-11-25 10:00:45,0.04158,0.04158
2019-11-25 11:00:15,-0.14617,-0.14617
2019-11-25 11:00:45,0.028911,0.028911
2019-11-25 12:00:15,0.13298,0.13298
2019-11-25 12:00:45,-0.091254,-0.091254
2019-11-25 13:00:15,-0.046613,-0.046613
2019-11-25 13:00:45,-0.051835,-0.051835
2019-11-25 14:00:15,0.025087,0.025087
2019-11-25 14:00:45,0.005224,0.005224
2019-11-25 15:00:15,-0.065253,-0.065253
2019-11-25 15:00:45,0.012099,0.012099
2019-11-25 16:00:15,0.2098,0.2098
2019-11-25 16:00:45,0.51793,0.51793
2019-11-25 17:00:15,0.23411,0.23411
2019-11-25 17:00:45,0.43462,0.43462
2019-11-25 18:00:15,0.42374,0.42374
2019-11-25 18:00:45,0.39271,0.39271
2019-11-25 19:00:15,0.39274,0.39274
2019-11-25 19:00:45,0.51068,0.51068
2019-11-25 20:00:15,0.08998,0.08998
2019-11-25 20:00:45,0.19934,0.19934
2019-11-25 21:00:15,0.059491,0.059491
2019-11-25 21:00:45,0.026376,0.026376
2019-11-25 22:00:15,-0.04899,-0.04899
2019-11-25 22:00:45,-0.059144,-0.059144
2019-11-25 23:00:15,-0.17797,-0.17797
2019-11-25 23:00:45,0.085142,0.085142
2019-11-26 00:00:15,-0.061741,-0.061741
2019-11-26 00:00:45,-0.013184,-0.013184
2019-11-26 01:00:15,0.048937,0.048937
2019-11-26 01:00:45,0.010446,0.010446
2019-11-26 02:00:15,-0.061008,-0.061008
2019-11-26 02:00:45,0.023595,0.023595
2019-11-26 03:00:15,,0.417920295
2019-11-26 03:00:45,0.44821,0.44821
2019-11-26 04:00:15,0.30977,0.30977
2019-11-26 04:00:45,0.31458,0.31458
2019-11-26 05:00:15,0.26763,0.26763
2019-11-26 05:00:45,0.15794,0.15794
2019-11-26 06:00:15,0.16973,0.16973
2019-11-26 06:00:45,-0.012226,-0.012226
2019-11-26 07:00:15,0.33034,0.33034
2019-11-26 07:00:45,0.2356,0.2356
2019-11-26 08:00:15,0.20535,0.20535
2019-11-26 08:00:45,,0.6909081650000002
2019-11-26 09:00:15,,0.49888307750000016
2019-11-26 09:00:45,0.185,0.185
2019-11-26 10:00:15,0.23585,0.23585
2019-11-26 10:00:45,0.084481,0.084481
2019-11-26 11:00:15,-0.27832,-0.27832
2019-11-26 11:00:45,0.026627,0.026627
2019-11-26 12:00:15,0.1012,0.1012
2019-11-26 12:00:45,-0.035277,-0.035277
2019-11-26 13:00:15,-0.08817,-0.08817
2019-11-26 13:00:45,0.21312,0.21312
2019-11-26 14:00:15,0.19598,0.19598
2019-11-26 14:00:45,0.26814,0.26814
2019-11-26 15:00:15,0.009139,0.009139
2019-11-26 15:00:45,0.17286,0.17286
2019-11-26 16:00:15,0.33496,0.33496
2019-11-26 16:00:45,0.08849,0.08849
2019-11-26 17:00:15,-0.17615,-0.17615
2019-11-26 17:00:45,-0.1705,-0.1705
2019-11-26 18:00:15,-0.041763,-0.041763
2019-11-26 18:00:45,0.28255,0.28255
2019-11-26 19:00:15,0.27941,0.27941
2019-11-26 19:00:45,0.24865,0.24865
2019-11-26 20:00:15,0.2639,0.2639
2019-11-26 20:00:45,0.32085,0.32085
2019-11-26 21:00:15,0.27045,0.27045
2019-11-26 21:00:45,0.11346,0.11346
2019-11-26 22:00:15,0.23044,0.23044
2019-11-26 22:00:45,0.12402,0.12402
2019-11-26 23:00:15,0.31709,0.31709
2019-11-26 23:00:45,0.25723,0.25723
2019-11-27 00:00:15,0.43037,0.43037
2019-11-27 00:00:45,0.34378,0.34378
2019-11-27 01:00:15,0.33329,0.33329
2019-11-27 01:00:45,0.3711,0.3711
2019-11-27 02:00:15,0.42492,0.42492
2019-11-27 02:00:45,0.45084,0.45084
2019-11-27 03:00:15,,0.4374150849999998
2019-11-27 03:00:45,0.5989,0.5989
2019-11-27 04:00:15,0.39876,0.39876
2019-11-27 04:00:45,0.42619,0.42619
2019-11-27 05:00:15,0.42092,0.42092
2019-11-27 05:00:45,0.4423,0.4423
2019-11-27 06:00:15,0.079148,0.079148
2019-11-27 06:00:45,0.54076,0.54076
2019-11-27 07:00:15,0.49747,0.49747
2019-11-27 07:00:45,0.30948,0.30948
2019-11-27 08:00:15,0.67363,0.67363
2019-11-27 08:00:45,1.2214,1.2214
2019-11-27 09:00:15,0.4304,0.4304
2019-11-27 09:00:45,0.73951,0.73951
2019-11-27 10:00:15,1.8021,1.8021
2019-11-27 10:00:45,1.1703,1.1703
2019-11-27 11:00:15,0.64611,0.64611
2019-11-27 11:00:45,-0.1778,-0.1778
2019-11-27 12:00:15,-0.087918,-0.087918
2019-11-27 12:00:45,-0.40903,-0.40903
2019-11-27 13:00:15,-0.33469,-0.33469
2019-11-27 13:00:45,-0.25372,-0.25372
2019-11-27 14:00:15,-0.10742,-0.10742
2019-11-27 14:00:45,-0.19847,-0.19847
2019-11-27 15:00:15,,-0.050022475
2019-11-27 15:00:45,-0.097688,-0.097688
2019-11-27 16:00:15,0.05522,0.05522
2019-11-27 16:00:45,0.17889,0.17889
2019-11-27 17:00:15,-0.0525,-0.0525
2019-11-27 17:00:45,0.18637,0.18637
2019-11-27 18:00:15,-0.1071,-0.1071
2019-11-27 18:00:45,-0.008175,-0.008175
2019-11-27 19:00:15,0.31308,0.31308
2019-11-27 19:00:45,,0.23423153000000005
2019-11-27 20:00:15,,0.8960779950000001
2019-11-27 20:00:45,,0.9147229025000002
2019-11-27 21:00:15,,0.9658874150000001
2019-11-27 21:00:45,,1.0482131100000003
2019-11-27 22:00:15,,1.0456234350000002
2019-11-27 22:00:45,,1.0535089525
2019-11-27 23:00:15,,1.0164570000000002
2019-11-27 23:00:45,,1.1480338150000002
2019-11-28 00:00:15,,1.10765734
2019-11-28 00:00:45,1.4317,1.4317
2019-11-28 01:00:15,,1.0806913225000003
2019-11-28 01:00:45,0.80138,0.80138
2019-11-28 02:00:15,,0.855701685
2019-11-28 02:00:45,,0.7953460800000001
2019-11-28 03:00:15,,0.750347615
2019-11-28 03:00:45,,0.7234188074999999
2019-11-28 04:00:15,,0.6882801450000001
2019-11-28 04:00:45,,0.7273736525000001
2019-11-28 05:00:15,,0.6813687575
2019-11-28 05:00:45,0.64665,0.64665
2019-11-28 06:00:15,,0.6784782724999998
2019-11-28 06:00:45,,0.6283171475000002
2019-11-28 07:00:15,,0.5314284275
2019-11-28 07:00:45,,0.5943754750000001
2019-11-28 08:00:15,,0.7203145974999998
2019-11-28 08:00:45,,0.9723719350000002
2019-11-28 09:00:15,,0.9396052399999998
2019-11-28 09:00:45,,0.9323883875000001
2019-11-28 10:00:15,,0.8432076975000002
2019-11-28 10:00:45,,0.8694778925000001
2019-11-28 11:00:15,,0.8841698300000002
2019-11-28 11:00:45,,0.8033965475000002
2019-11-28 12:00:15,,0.8576669925000001
2019-11-28 12:00:45,,0.8371077824999998
2019-11-28 13:00:15,,0.6991681750000002
2019-11-28 13:00:45,,0.9495366650000001
2019-11-28 14:00:15,,0.6853718550000001
2019-11-28 14:00:45,,0.530957915
2019-11-28 15:00:15,,0.88618006
2019-11-28 15:00:45,,0.7998684600000001
2019-11-28 16:00:15,,0.5591098250000002
2019-11-28 16:00:45,,0.5641817425
2019-11-28 17:00:15,,0.7800410950000001
2019-11-28 17:00:45,,0.8121800299999999
2019-11-28 18:00:15,,0.8081068724999999
2019-11-28 18:00:45,,0.6321117275
2019-11-28 19:00:15,,0.5998213725000001
2019-11-28 19:00:45,,0.5363340225000001
2019-11-28 20:00:15,,0.483534955
2019-11-28 20:00:45,,0.5877137750000001
2019-11-28 21:00:15,,0.5445360275
2019-11-28 21:00:45,,0.6206660900000002
2019-11-28 22:00:15,,0.6649762525
2019-11-28 22:00:45,,0.6937381224999999
2019-11-28 23:00:15,,0.7642662174999999
2019-11-28 23:00:45,,0.4873247299999999
2019-11-29 00:00:15,,0.4927872
2019-11-29 00:00:45,,0.5043632499999999
2019-11-29 01:00:15,,0.505334895
2019-11-29 01:00:45,,0.53647958
2019-11-29 02:00:15,,0.4865711675000001
2019-11-29 02:00:45,,0.51514663
2019-11-29 03:00:15,,0.5375174475
2019-11-29 03:00:45,,0.49870498500000005
2019-11-29 04:00:15,,0.475976985
2019-11-29 04:00:45,,0.49958296250000017
2019-11-29 05:00:15,,0.49702560750000013
2019-11-29 05:00:45,,0.46731638500000006
2019-11-29 06:00:15,,0.41959669500000013
2019-11-29 06:00:45,,0.49165787750000023
2019-11-29 07:00:15,-0.070676,-0.070676
2019-11-29 07:00:45,,0.00015824249999999047
2019-11-29 08:00:15,,0.03562646000000001
2019-11-29 08:00:45,,0.8103705899999999
2019-11-29 09:00:15,,1.0652462225000003
2019-11-29 09:00:45,2.3205,2.3205
2019-11-29 10:00:15,2.3893,2.3893
2019-11-29 10:00:45,0.83812,0.83812
2019-11-29 11:00:15,-1.1506,-1.1506
2019-11-29 11:00:45,0.71574,0.71574
2019-11-29 12:00:15,,0.37432576
2019-11-29 12:00:45,,0.07777773000000002
2019-11-29 13:00:15,,-0.11837406999999996
2019-11-29 13:00:45,,0.026032980000000004
2019-11-29 14:00:15,,0.11582149500000002
2019-11-29 14:00:45,,0.3132072075000001
2019-11-29 15:00:15,,0.2777324225000001
2019-11-29 15:00:45,0.22651,0.22651
2019-11-29 16:00:15,0.17286,0.17286
2019-11-29 16:00:45,0.22462,0.22462
2019-11-29 17:00:15,0.2492,0.2492
2019-11-29 17:00:45,0.379,0.379
2019-11-29 18:00:15,0.51856,0.51856
2019-11-29 18:00:45,0.1756,0.1756
2019-11-29 19:00:15,0.20895,0.20895
2019-11-29 19:00:45,0.3757,0.3757
2019-11-29 20:00:15,0.60645,0.60645
2019-11-29 20:00:45,0.16021,0.16021
2019-11-29 21:00:15,0.23379,0.23379
2019-11-29 21:00:45,0.23233,0.23233
2019-11-29 22:00:15,0.30684,0.30684
2019-11-29 22:00:45,-0.011972,-0.011972
2019-11-29 23:00:15,,0.027828860000000007
2019-11-29 23:00:45,-0.17433,-0.17433
2019-11-30 00:00:15,0.060598,0.060598
2019-11-30 00:00:45,0.008165,0.008165
2019-11-30 01:00:15,-0.18359,-0.18359
2019-11-30 01:00:45,,-0.01715247749999999
2019-11-30 02:00:15,-0.033232,-0.033232
2019-11-30 02:00:45,-0.031329,-0.031329
2019-11-30 03:00:15,-0.031121,-0.031121
2019-11-30 03:00:45,-0.046214,-0.046214
2019-11-30 04:00:15,0.03342,0.03342
2019-11-30 04:00:45,-0.013063,-0.013063
2019-11-30 05:00:15,0.39527,0.39527
2019-11-30 05:00:45,0.55281,0.55281
2019-11-30 06:00:15,0.41659,0.41659
2019-11-30 06:00:45,0.48115,0.48115
2019-11-30 07:00:15,0.54953,0.54953
2019-11-30 07:00:45,0.38194,0.38194
2019-11-30 08:00:15,0.41485,0.41485
2019-11-30 08:00:45,0.29563,0.29563
2019-11-30 09:00:15,0.83365,0.83365
2019-11-30 09:00:45,0.69883,0.69883
2019-11-30 10:00:15,0.405,0.405
2019-11-30 10:00:45,0.31086,0.31086
2019-11-30 11:00:15,0.50021,0.50021
2019-11-30 11:00:45,0.28624,0.28624
2019-11-30 12:00:15,0.14069,0.14069
2019-11-30 12:00:45,-0.045024,-0.045024
2019-11-30 13:00:15,-0.027512,-0.027512
2019-11-30 13:00:45,-0.13999,-0.13999
2019-11-30 14:00:15,0.078131,0.078131
2019-11-30 14:00:45,0.44877,0.44877
2019-11-30 15:00:15,0.45032,0.45032
2019-11-30 15:00:45,0.52149,0.52149
2019-11-30 16:00:15,0.33723,0.33723
2019-11-30 16:00:45,0.27578,0.27578
2019-11-30 17:00:15,0.15249,0.15249
2019-11-30 17:00:45,0.21804,0.21804
2019-11-30 18:00:15,0.25465,0.25465
2019-11-30 18:00:45,0.22441,0.22441
2019-11-30 19:00:15,0.043055,0.043055
2019-11-30 19:00:45,0.055986,0.055986
2019-11-30 20:00:15,0.20961,0.20961
2019-11-30 20:00:45,0.15509,0.15509
2019-11-30 21:00:15,0.19334,0.19334
2019-11-30 21:00:45,0.37256,0.37256
2019-11-30 22:00:15,0.37827,0.37827
2019-11-30 22:00:45,0.35443,0.35443
2019-11-30 23:00:15,0.37329,0.37329
2019-11-30 23:00:45,0.38771,0.38771
2019-12-01 00:00:15,0.49565,0.49565
2019-12-01 00:00:45,0.42696,0.42696
2019-12-01 01:00:15,0.4368,0.4368
2019-12-01 01:00:45,0.47546,0.47546
2019-12-01 02:00:15,0.57134,0.57134
2019-12-01 02:00:45,0.48321,0.48321
2019-12-01 03:00:15,0.50936,0.50936
2019-12-01 03:00:45,0.48031,0.48031
2019-12-01 04:00:15,0.36285,0.36285
2019-12-01 04:00:45,0.54685,0.54685
2019-12-01 05:00:15,0.47919,0.47919
2019-12-01 05:00:45,0.46852,0.46852
2019-12-01 06:00:15,,0.44144018000000007
2019-12-01 06:00:45,0.5509,0.5509
2019-12-01 07:00:15,0.46017,0.46017
2019-12-01 07:00:45,0.72657,0.72657
2019-12-01 08:00:15,0.98838,0.98838
2019-12-01 08:00:45,1.0964,1.0964
2019-12-01 09:00:15,1.1443,1.1443
2019-12-01 09:00:45,-0.32999,-0.32999
2019-12-01 10:00:15,0.037122,0.037122
2019-12-01 10:00:45,-0.083508,-0.083508
2019-12-01 11:00:15,0.009446,0.009446
2019-12-01 11:00:45,-0.10448,-0.10448
2019-12-01 12:00:15,-0.081147,-0.081147
2019-12-01 12:00:45,0.22721,0.22721
2019-12-01 13:00:15,0.178,0.178
2019-12-01 13:00:45,0.001414,0.001414
2019-12-01 14:00:15,-0.29419,-0.29419
2019-12-01 14:00:45,-0.14502,-0.14502
2019-12-01 15:00:15,-0.099743,-0.099743
2019-12-01 15:00:45,-0.041199,-0.041199
2019-12-01 16:00:15,0.02917,0.02917
2019-12-01 16:00:45,0.005558,0.005558
2019-12-01 17:00:15,-0.015375,-0.015375
2019-12-01 17:00:45,-0.11393,-0.11393
2019-12-01 18:00:15,-0.081122,-0.081122
2019-12-01 18:00:45,,-0.0670994
2019-12-01 19:00:15,-0.070697,-0.070697
2019-12-01 19:00:45,-0.15653,-0.15653
2019-12-01 20:00:15,-0.077417,-0.077417
2019-12-01 20:00:45,-0.035766,-0.035766
2019-12-01 21:00:15,-0.003268,-0.003268
2019-12-01 21:00:45,-0.088002,-0.088002
2019-12-01 22:00:15,0.047468,0.047468
2019-12-01 22:00:45,-0.021531,-0.021531
2019-12-01 23:00:15,-0.078772,-0.078772
2019-12-01 23:00:45,-0.045612,-0.045612
2019-12-02 00:00:15,,-0.0269886075
2019-12-02 00:00:45,,-0.047033855
2019-12-02 01:00:15,,-0.04703350249999998
2019-12-02 01:00:45,0.34737,0.34737
2019-12-02 02:00:15,0.41093,0.41093
2019-12-02 02:00:45,,0.36517393000000004
2019-12-02 03:00:15,0.38139,0.38139
2019-12-02 03:00:45,0.32004,0.32004
2019-12-02 04:00:15,0.40434,0.40434
2019-12-02 04:00:45,0.37195,0.37195
2019-12-02 05:00:15,0.25841,0.25841
2019-12-02 05:00:45,0.4061,0.4061
2019-12-02 06:00:15,0.32285,0.32285
2019-12-02 06:00:45,,0.3513477850000001
2019-12-02 07:00:15,0.41405,0.41405
2019-12-02 07:00:45,0.63756,0.63756
2019-12-02 08:00:15,0.86477,0.86477
2019-12-02 08:00:45,0.7351,0.7351
2019-12-02 09:00:15,0.33883,0.33883
2019-12-02 09:00:45,-0.23449,-0.23449
2019-12-02 10:00:15,0.097787,0.097787
2019-12-02 10:00:45,-0.054825,-0.054825
2019-12-02 11:00:15,-0.23234,-0.23234
2019-12-02 11:00:45,-0.4705,-0.4705
2019-12-02 12:00:15,-0.06207,-0.06207
2019-12-02 12:00:45,-0.68989,-0.68989
2019-12-02 13:00:15,-0.24018,-0.24018
2019-12-02 13:00:45,-0.056453,-0.056453
2019-12-02 14:00:15,-0.23023,-0.23023
2019-12-02 14:00:45,0.004218,0.004218
2019-12-02 15:00:15,-0.2148,-0.2148
2019-12-02 15:00:45,-0.22924,-0.22924
2019-12-02 16:00:15,-0.089656,-0.089656
2019-12-02 16:00:45,-0.003763,-0.003763
2019-12-02 17:00:15,-0.012792,-0.012792
2019-12-02 17:00:45,-0.038053,-0.038053
2019-12-02 18:00:15,0.000339,0.000339
2019-12-02 18:00:45,-0.036443,-0.036443
2019-12-02 19:00:15,-0.059052,-0.059052
2019-12-02 19:00:45,0.051645,0.051645
2019-12-02 20:00:15,-0.18242,-0.18242
2019-12-02 20:00:45,0.096941,0.096941
2019-12-02 21:00:15,0.082287,0.082287
2019-12-02 21:00:45,-0.082677,-0.082677
2019-12-02 22:00:15,-0.049314,-0.049314
2019-12-02 22:00:45,-0.14633,-0.14633
2019-12-02 23:00:15,,-0.046882605
2019-12-02 23:00:45,-0.15783,-0.15783
2019-12-03 00:00:15,0.64009,0.64009
2019-12-03 00:00:45,,0.028796987499999996
2019-12-03 01:00:15,0.015541,0.015541
2019-12-03 01:00:45,0.072842,0.072842
2019-12-03 02:00:15,-0.17198,-0.17198
2019-12-03 02:00:45,0.20999,0.20999
2019-12-03 03:00:15,0.57386,0.57386
2019-12-03 03:00:45,-0.021138,-0.021138
2019-12-03 04:00:15,-0.08899,-0.08899
2019-12-03 04:00:45,-0.005431,-0.005431
2019-12-03 05:00:15,0.015991,0.015991
2019-12-03 05:00:45,-0.088558,-0.088558
2019-12-03 06:00:15,0.19819,0.19819
2019-12-03 06:00:45,0.66612,0.66612
2019-12-03 07:00:15,0.26285,0.26285
2019-12-03 07:00:45,0.77215,0.77215
2019-12-03 08:00:15,0.066331,0.066331
2019-12-03 08:00:45,0.16484,0.16484
2019-12-03 09:00:15,0.045496,0.045496
2019-12-03 09:00:45,0.033515,0.033515
2019-12-03 10:00:15,-0.13815,-0.13815
2019-12-03 10:00:45,-0.12655,-0.12655
2019-12-03 11:00:15,0.53494,0.53494
2019-12-03 11:00:45,0.15014,0.15014
2019-12-03 12:00:15,-0.11848,-0.11848
2019-12-03 12:00:45,-0.030425,-0.030425
2019-12-03 13:00:15,-0.042279,-0.042279
2019-12-03 13:00:45,-0.21355,-0.21355
2019-12-03 14:00:15,0.2375,0.2375
2019-12-03 14:00:45,0.018907,0.018907
2019-12-03 15:00:15,0.13176,0.13176
2019-12-03 15:00:45,0.062482,0.062482
2019-12-03 16:00:15,-0.031563,-0.031563
2019-12-03 16:00:45,-0.005883,-0.005883
2019-12-03 17:00:15,0.047412,0.047412
2019-12-03 17:00:45,-0.000241,-0.000241
2019-12-03 18:00:15,-0.039946,-0.039946
2019-12-03 18:00:45,-0.036426,-0.036426
2019-12-03 19:00:15,-0.040311,-0.040311
2019-12-03 19:00:45,-0.057374,-0.057374
2019-12-03 20:00:15,-0.016107,-0.016107
2019-12-03 20:00:45,0.003539,0.003539
2019-12-03 21:00:15,-0.032523,-0.032523
2019-12-03 21:00:45,-0.06398,-0.06398
2019-12-03 22:00:15,0.008239,0.008239
2019-12-03 22:00:45,-0.10535,-0.10535
2019-12-03 23:00:15,-0.01011,-0.01011
2019-12-03 23:00:45,-0.072066,-0.072066
2019-12-04 00:00:15,0.066145,0.066145
2019-12-04 00:00:45,-0.013897,-0.013897
2019-12-04 01:00:15,0.050534,0.050534
2019-12-04 01:00:45,0.040488,0.040488
2019-12-04 02:00:15,0.010772,0.010772
2019-12-04 02:00:45,0.26694,0.26694
2019-12-04 03:00:15,0.041217,0.041217
2019-12-04 03:00:45,,0.22772067500000007
2019-12-04 04:00:15,-0.097966,-0.097966
2019-12-04 04:00:45,0.48031,0.48031
2019-12-04 05:00:15,0.68718,0.68718
2019-12-04 05:00:45,,0.42671681750000007
2019-12-04 06:00:15,0.70033,0.70033
2019-12-04 06:00:45,,0.07552046999999998
2019-12-04 07:00:15,0.16,0.16
2019-12-04 07:00:45,0.033744,0.033744
2019-12-04 08:00:15,-0.087469,-0.087469
2019-12-04 08:00:45,-0.13578,-0.13578
2019-12-04 09:00:15,-0.74353,-0.74353
2019-12-04 09:00:45,0.20799,0.20799
2019-12-04 10:00:15,0.35901,0.35901
2019-12-04 10:00:45,,-0.2866060650000001
2019-12-04 11:00:15,-1.1086,-1.1086
2019-12-04 11:00:45,,-0.1531542125
2019-12-04 12:00:15,0.03123,0.03123
2019-12-04 12:00:45,0.23141,0.23141
2019-12-04 13:00:15,-0.10777,-0.10777
2019-12-04 13:00:45,0.069375,0.069375
2019-12-04 14:00:15,0.27246,0.27246
2019-12-04 14:00:45,-0.056187,-0.056187
2019-12-04 15:00:15,-0.093812,-0.093812
2019-12-04 15:00:45,-0.11979,-0.11979
2019-12-04 16:00:15,-0.039879,-0.039879
2019-12-04 16:00:45,-0.00959,-0.00959
2019-12-04 17:00:15,-0.06804,-0.06804
2019-12-04 17:00:45,-0.025557,-0.025557
2019-12-04 18:00:15,0.05628,0.05628
2019-12-04 18:00:45,0.17135,0.17135
2019-12-04 19:00:15,0.12401,0.12401
2019-12-04 19:00:45,0.069487,0.069487
2019-12-04 20:00:15,0.072519,0.072519
2019-12-04 20:00:45,-0.019355,-0.019355
2019-12-04 21:00:15,0.1148,0.1148
2019-12-04 21:00:45,0.12616,0.12616
2019-12-04 22:00:15,0.028219,0.028219
2019-12-04 22:00:45,-0.069469,-0.069469
2019-12-04 23:00:15,0.02459,0.02459
2019-12-04 23:00:45,0.015857,0.015857
2019-12-05 00:00:15,0.039759,0.039759
2019-12-05 00:00:45,0.01275,0.01275
2019-12-05 01:00:15,0.017734,0.017734
2019-12-05 01:00:45,0.11272,0.11272
2019-12-05 02:00:15,0.21081,0.21081
2019-12-05 02:00:45,0.17528,0.17528
2019-12-05 03:00:15,0.16215,0.16215
2019-12-05 03:00:45,0.2355,0.2355
2019-12-05 04:00:15,0.41093,0.41093
2019-12-05 04:00:45,,-0.007846362499999999
2019-12-05 05:00:15,-0.1774,-0.1774
2019-12-05 05:00:45,-0.060713,-0.060713
2019-12-05 06:00:15,0.17988,0.17988
2019-12-05 06:00:45,-0.024544,-0.024544
2019-12-05 07:00:15,-0.084929,-0.084929
2019-12-05 07:00:45,-1.1929,-1.1929
2019-12-05 08:00:15,0.027579,0.027579
2019-12-05 08:00:45,0.016911,0.016911
2019-12-05 09:00:15,-0.30885,-0.30885
2019-12-05 09:00:45,0.43962,0.43962
2019-12-05 10:00:15,0.26184,0.26184
2019-12-05 10:00:45,0.1454,0.1454
2019-12-05 11:00:15,,-0.263897185
2019-12-05 11:00:45,-0.2428,-0.2428
2019-12-05 12:00:15,-0.015768,-0.015768
2019-12-05 12:00:45,0.14914,0.14914
2019-12-05 13:00:15,0.4186,0.4186
2019-12-05 13:00:45,0.54181,0.54181
2019-12-05 14:00:15,0.81564,0.81564
2019-12-05 14:00:45,0.81251,0.81251
2019-12-05 15:00:15,0.8257,0.8257
2019-12-05 15:00:45,0.52266,0.52266
2019-12-05 16:00:15,0.24596,0.24596
2019-12-05 16:00:45,0.27562,0.27562
2019-12-05 17:00:15,0.047283,0.047283
2019-12-05 17:00:45,0.031375,0.031375
2019-12-05 18:00:15,-0.083636,-0.083636
2019-12-05 18:00:45,-0.02149,-0.02149
2019-12-05 19:00:15,-0.060768,-0.060768
2019-12-05 19:00:45,-0.19569,-0.19569
2019-12-05 20:00:15,-0.099596,-0.099596
2019-12-05 20:00:45,-0.01949,-0.01949
2019-12-05 21:00:15,-0.07622,-0.07622
2019-12-05 21:00:45,-0.11979,-0.11979
2019-12-05 22:00:15,0.022461,0.022461
2019-12-05 22:00:45,-0.11057,-0.11057
2019-12-05 23:00:15,-0.043988,-0.043988
2019-12-05 23:00:45,0.039021,0.039021
2019-12-06 00:00:15,,-0.02402430750000001
2019-12-06 00:00:45,-0.066061,-0.066061
2019-12-06 01:00:15,,-0.0193475875
2019-12-06 01:00:45,,-0.0207777175
2019-12-06 02:00:15,0.083591,0.083591
2019-12-06 02:00:45,0.023605,0.023605
2019-12-06 03:00:15,0.050094,0.050094
2019-12-06 03:00:45,0.002193,0.002193
2019-12-06 04:00:15,0.017712,0.017712
2019-12-06 04:00:45,-0.032558,-0.032558
2019-12-06 05:00:15,-0.032858,-0.032858
2019-12-06 05:00:45,-0.010067,-0.010067
2019-12-06 06:00:15,0.11268,0.11268
2019-12-06 06:00:45,,0.26108889
2019-12-06 07:00:15,0.074438,0.074438
2019-12-06 07:00:45,0.58551,0.58551
2019-12-06 08:00:15,-0.24023,-0.24023
2019-12-06 08:00:45,,-0.26473217500000007
2019-12-06 09:00:15,,-0.52964352
2019-12-06 09:00:45,-1.0998,-1.0998
2019-12-06 10:00:15,-0.070834,-0.070834
2019-12-06 10:00:45,0.14345,0.14345
2019-12-06 11:00:15,-0.014235,-0.014235
2019-12-06 11:00:45,-0.075053,-0.075053
2019-12-06 12:00:15,0.024958,0.024958
2019-12-06 12:00:45,0.34677,0.34677
2019-12-06 13:00:15,-0.27048,-0.27048
2019-12-06 13:00:45,-0.01142,-0.01142
2019-12-06 14:00:15,0.035552,0.035552
2019-12-06 14:00:45,-0.032656,-0.032656
2019-12-06 15:00:15,-0.22308,-0.22308
2019-12-06 15:00:45,-0.1055,-0.1055
2019-12-06 16:00:15,-0.071585,-0.071585
2019-12-06 16:00:45,-0.015081,-0.015081
2019-12-06 17:00:15,-0.001627,-0.001627
2019-12-06 17:00:45,,-0.0335255125
2019-12-06 18:00:15,,-0.038632694999999995
2019-12-06 18:00:45,-0.078191,-0.078191
2019-12-06 19:00:15,-0.11471,-0.11471
2019-12-06 19:00:45,-0.13333,-0.13333
2019-12-06 20:00:15,-0.048894,-0.048894
2019-12-06 20:00:45,-0.052949,-0.052949
2019-12-06 21:00:15,-0.003903,-0.003903
2019-12-06 21:00:45,-0.015256,-0.015256
2019-12-06 22:00:15,-0.014591,-0.014591
2019-12-06 22:00:45,-0.004089,-0.004089
2019-12-06 23:00:15,-0.054803,-0.054803
2019-12-06 23:00:45,0.10012,0.10012
2019-12-07 00:00:15,,0.030930905
2019-12-07 00:00:45,0.036118,0.036118
2019-12-07 01:00:15,-0.023017,-0.023017
2019-12-07 01:00:45,-0.14233,-0.14233
2019-12-07 02:00:15,,-0.040148622499999995
2019-12-07 02:00:45,-0.050921,-0.050921
2019-12-07 03:00:15,,-0.018855822500000004
2019-12-07 03:00:45,,-0.03546685250000001
2019-12-07 04:00:15,0.32012,0.32012
2019-12-07 04:00:45,0.3192,0.3192
2019-12-07 05:00:15,,0.3126089549999999
2019-12-07 05:00:45,,0.3293804524999999
2019-12-07 06:00:15,,0.10336389500000001
2019-12-07 06:00:45,0.030711,0.030711
2019-12-07 07:00:15,0.060019,0.060019
2019-12-07 07:00:45,0.14182,0.14182
2019-12-07 08:00:15,-0.68216,-0.68216
2019-12-07 08:00:45,,-0.21084119
2019-12-07 09:00:15,-0.45138,-0.45138
2019-12-07 09:00:45,-0.17603,-0.17603
2019-12-07 10:00:15,-0.95772,-0.95772
2019-12-07 10:00:45,0.018663,0.018663
2019-12-07 11:00:15,-0.39964,-0.39964
2019-12-07 11:00:45,-1.198,-1.198
2019-12-07 12:00:15,0.087748,0.087748
2019-12-07 12:00:45,-1.187,-1.187
2019-12-07 13:00:15,-0.86203,-0.86203
2019-12-07 13:00:45,-0.001252,-0.001252
2019-12-07 14:00:15,0.060188,0.060188
2019-12-07 14:00:45,-0.14887,-0.14887
2019-12-07 15:00:15,0.25017,0.25017
2019-12-07 15:00:45,0.17794,0.17794
2019-12-07 16:00:15,0.064624,0.064624
2019-12-07 16:00:45,-0.022006,-0.022006
2019-12-07 17:00:15,-0.025118,-0.025118
2019-12-07 17:00:45,0.12298,0.12298
2019-12-07 18:00:15,0.095218,0.095218
2019-12-07 18:00:45,-0.19082,-0.19082
2019-12-07 19:00:15,-0.004043,-0.004043
2019-12-07 19:00:45,-0.12807,-0.12807
2019-12-07 20:00:15,-0.004218,-0.004218
2019-12-07 20:00:45,0.023257,0.023257
2019-12-07 21:00:15,-0.005601,-0.005601
2019-12-07 21:00:45,0.040302,0.040302
2019-12-07 22:00:15,0.018787,0.018787
2019-12-07 22:00:45,,0.01777802750000001
2019-12-07 23:00:15,-0.0878,-0.0878
2019-12-07 23:00:45,,0.100683275
2019-12-08 00:00:15,0.060742,0.060742
2019-12-08 00:00:45,0.52229,0.52229
2019-12-08 01:00:15,0.10658,0.10658
2019-12-08 01:00:45,0.056506,0.056506
2019-12-08 02:00:15,0.14019,0.14019
2019-12-08 02:00:45,,0.1174700225
2019-12-08 03:00:15,,0.2217677000000001
2019-12-08 03:00:45,,0.21105731750000004
2019-12-08 04:00:15,,0.31363298750000007
2019-12-08 04:00:45,,0.16563543249999996
2019-12-08 05:00:15,,0.22268332500000004
2019-12-08 05:00:45,,0.33087993750000017
2019-12-08 06:00:15,,0.3305727725
2019-12-08 06:00:45,,0.4290089
2019-12-08 07:00:15,,0.37765131500000004
2019-12-08 07:00:45,,0.07637616
2019-12-08 08:00:15,-0.721,-0.721
2019-12-08 08:00:45,0.27388,0.27388
2019-12-08 09:00:15,-0.67311,-0.67311
2019-12-08 09:00:45,-0.11503,-0.11503
2019-12-08 10:00:15,-0.71599,-0.71599
2019-12-08 10:00:45,0.10406,0.10406
2019-12-08 11:00:15,0.14824,0.14824
2019-12-08 11:00:45,0.25018,0.25018
2019-12-08 12:00:15,0.54905,0.54905
2019-12-08 12:00:45,,0.0981632
2019-12-08 13:00:15,,-0.1386996325
2019-12-08 13:00:45,,0.1220032875
2019-12-08 14:00:15,0.015386,0.015386
2019-12-08 14:00:45,,0.23470297749999997
2019-12-08 15:00:15,0.25823,0.25823
2019-12-08 15:00:45,0.18046,0.18046
2019-12-08 16:00:15,0.18632,0.18632
2019-12-08 16:00:45,0.3138,0.3138
2019-12-08 17:00:15,,0.2196938325
2019-12-08 17:00:45,0.27237,0.27237
2019-12-08 18:00:15,0.31401,0.31401
2019-12-08 18:00:45,0.15913,0.15913
2019-12-08 19:00:15,0.055539,0.055539
2019-12-08 19:00:45,0.22248,0.22248
2019-12-08 20:00:15,0.66206,0.66206
2019-12-08 20:00:45,0.20357,0.20357
2019-12-08 21:00:15,0.29044,0.29044
2019-12-08 21:00:45,0.22414,0.22414
2019-12-08 22:00:15,0.11551,0.11551
2019-12-08 22:00:45,0.27712,0.27712
2019-12-08 23:00:15,0.14219,0.14219
2019-12-08 23:00:45,0.058465,0.058465
2019-12-09 00:00:15,0.169,0.169
2019-12-09 00:00:45,-0.030149,-0.030149
2019-12-09 01:00:15,0.32288,0.32288
2019-12-09 01:00:45,0.32794,0.32794
2019-12-09 02:00:15,0.39071,0.39071
2019-12-09 02:00:45,,0.13763962249999998
2019-12-09 03:00:15,0.088705,0.088705
2019-12-09 03:00:45,0.10346,0.10346
2019-12-09 04:00:15,0.14477,0.14477
2019-12-09 04:00:45,0.1508,0.1508
2019-12-09 05:00:15,0.22085,0.22085
2019-12-09 05:00:45,0.062296,0.062296
2019-12-09 06:00:15,0.09987,0.09987
2019-12-09 06:00:45,0.089765,0.089765
2019-12-09 07:00:15,0.077447,0.077447
2019-12-09 07:00:45,0.058093,0.058093
2019-12-09 08:00:15,0.031364,0.031364
2019-12-09 08:00:45,0.03652,0.03652
2019-12-09 09:00:15,0.034397,0.034397
2019-12-09 09:00:45,-0.024894,-0.024894
2019-12-09 10:00:15,-0.000519,-0.000519
2019-12-09 10:00:45,-0.045275,-0.045275
2019-12-09 11:00:15,-0.035861,-0.035861
2019-12-09 11:00:45,-0.20491,-0.20491
2019-12-09 12:00:15,0.10343,0.10343
2019-12-09 12:00:45,0.070098,0.070098
2019-12-09 13:00:15,-0.068547,-0.068547
2019-12-09 13:00:45,0.073354,0.073354
2019-12-09 14:00:15,-0.18984,-0.18984
2019-12-09 14:00:45,0.11161,0.11161
2019-12-09 15:00:15,0.45919,0.45919
2019-12-09 15:00:45,0.32417,0.32417
2019-12-09 16:00:15,0.026924,0.026924
2019-12-09 16:00:45,0.024585,0.024585
2019-12-09 17:00:15,0.035641,0.035641
2019-12-09 17:00:45,0.095215,0.095215
2019-12-09 18:00:15,0.008937,0.008937
2019-12-09 18:00:45,,0.0239270675
2019-12-09 19:00:15,0.014785,0.014785
2019-12-09 19:00:45,-0.011621,-0.011621
2019-12-09 20:00:15,0.081887,0.081887
2019-12-09 20:00:45,-0.09811,-0.09811
2019-12-09 21:00:15,-0.067991,-0.067991
2019-12-09 21:00:45,-0.010495,-0.010495
2019-12-09 22:00:15,-0.022459,-0.022459
2019-12-09 22:00:45,,-0.027002927500000003
2019-12-09 23:00:15,-0.15895,-0.15895
2019-12-09 23:00:45,-0.026526,-0.026526
2019-12-10 00:00:15,-0.13923,-0.13923
2019-12-10 00:00:45,-0.016139,-0.016139
2019-12-10 01:00:15,-0.00068,-0.00068
2019-12-10 01:00:45,0.077561,0.077561
2019-12-10 02:00:15,0.20823,0.20823
2019-12-10 02:00:45,0.11108,0.11108
2019-12-10 03:00:15,-0.098076,-0.098076
2019-12-10 03:00:45,0.12706,0.12706
2019-12-10 04:00:15,0.18951,0.18951
2019-12-10 04:00:45,0.40172,0.40172
2019-12-10 05:00:15,0.6696,0.6696
2019-12-10 05:00:45,0.23698,0.23698
2019-12-10 06:00:15,,0.24868063499999993
2019-12-10 06:00:45,,0.31944027500000005
2019-12-10 07:00:15,0.18119,0.18119
2019-12-10 07:00:45,0.13124,0.13124
2019-12-10 08:00:15,0.27092,0.27092
2019-12-10 08:00:45,-0.091293,-0.091293
2019-12-10 09:00:15,,-0.4558033375000001
2019-12-10 09:00:45,-0.62407,-0.62407
2019-12-10 10:00:15,0.31732,0.31732
2019-12-10 10:00:45,-0.086937,-0.086937
2019-12-10 11:00:15,0.22305,0.22305
2019-12-10 11:00:45,-0.039435,-0.039435
2019-12-10 12:00:15,0.13022,0.13022
2019-12-10 12:00:45,-0.12774,-0.12774
2019-12-10 13:00:15,0.015536,0.015536
2019-12-10 13:00:45,0.047721,0.047721
2019-12-10 14:00:15,-0.04766,-0.04766
2019-12-10 14:00:45,-0.15586,-0.15586
2019-12-10 15:00:15,,-0.11273567249999998
2019-12-10 15:00:45,,-0.11375517249999999
2019-12-10 16:00:15,,-0.08444315749999999
2019-12-10 16:00:45,,-0.06266048749999999
2019-12-10 17:00:15,,-0.048419292499999995
2019-12-10 17:00:45,,-0.064373505
2019-12-10 18:00:15,,-0.07618617250000001
2019-12-10 18:00:45,,0.086524115
2019-12-10 19:00:15,,0.20768918000000006
2019-12-10 19:00:45,,0.2114939425
2019-12-10 20:00:15,,0.18100272499999998
2019-12-10 20:00:45,,0.17307130750000002
2019-12-10 21:00:15,,0.21074683749999998
2019-12-10 21:00:45,,0.2515104725000001
2019-12-10 22:00:15,,0.23047552250000006
2019-12-10 22:00:45,,0.2516882550000001
2019-12-10 23:00:15,,0.21832722250000003
2019-12-10 23:00:45,,-0.006226525000000001
2019-12-11 00:00:15,-0.011156,-0.011156
2019-12-11 00:00:45,-0.033329,-0.033329
2019-12-11 01:00:15,-0.072891,-0.072891
2019-12-11 01:00:45,-0.000742,-0.000742
2019-12-11 02:00:15,-0.020964,-0.020964
2019-12-11 02:00:45,-0.052777,-0.052777
2019-12-11 03:00:15,0.25868,0.25868
2019-12-11 03:00:45,0.38811,0.38811
2019-12-11 04:00:15,0.35879,0.35879
2019-12-11 04:00:45,0.35569,0.35569
2019-12-11 05:00:15,0.34566,0.34566
2019-12-11 05:00:45,0.30877,0.30877
2019-12-11 06:00:15,-0.036156,-0.036156
2019-12-11 06:00:45,0.28734,0.28734
2019-12-11 07:00:15,-0.23919,-0.23919
2019-12-11 07:00:45,0.18452,0.18452
2019-12-11 08:00:15,0.76592,0.76592
2019-12-11 08:00:45,-0.16819,-0.16819
2019-12-11 09:00:15,-0.10903,-0.10903
2019-12-11 09:00:45,-0.23748,-0.23748
2019-12-11 10:00:15,-0.19291,-0.19291
2019-12-11 10:00:45,-0.31472,-0.31472
2019-12-11 11:00:15,-0.35503,-0.35503
2019-12-11 11:00:45,-0.27548,-0.27548
2019-12-11 12:00:15,-0.20671,-0.20671
2019-12-11 12:00:45,-0.10835,-0.10835
2019-12-11 13:00:15,-0.23993,-0.23993
2019-12-11 13:00:45,-0.08677,-0.08677
2019-12-11 14:00:15,-0.19857,-0.19857
2019-12-11 14:00:45,-0.16342,-0.16342
2019-12-11 15:00:15,-0.14693,-0.14693
2019-12-11 15:00:45,0.036759,0.036759
2019-12-11 16:00:15,0.01576,0.01576
2019-12-11 16:00:45,0.02999,0.02999
2019-12-11 17:00:15,-0.022089,-0.022089
2019-12-11 17:00:45,-0.12082,-0.12082
2019-12-11 18:00:15,-0.079471,-0.079471
2019-12-11 18:00:45,-0.12102,-0.12102
2019-12-11 19:00:15,-0.10193,-0.10193
2019-12-11 19:00:45,-0.035034,-0.035034
2019-12-11 20:00:15,-0.005838,-0.005838
2019-12-11 20:00:45,-0.10164,-0.10164
2019-12-11 21:00:15,-0.065887,-0.065887
2019-12-11 21:00:45,-0.043284,-0.043284
2019-12-11 22:00:15,0.096305,0.096305
2019-12-11 22:00:45,-0.1759,-0.1759
2019-12-11 23:00:15,-0.005762,-0.005762
2019-12-11 23:00:45,0.14179,0.14179
2019-12-12 00:00:15,-0.025246,-0.025246
2019-12-12 00:00:45,,0.09225494500000002
2019-12-12 01:00:15,,0.264046275
2019-12-12 01:00:45,,0.40434967499999996
2019-12-12 02:00:15,,0.44077905000000006
2019-12-12 02:00:45,,0.37260939249999997
2019-12-12 03:00:15,,0.456302305
2019-12-12 03:00:45,,0.4059956700000001
2019-12-12 04:00:15,,0.46935956749999996
2019-12-12 04:00:45,,0.4562667625000001
2019-12-12 05:00:15,,0.4168113925
2019-12-12 05:00:45,,0.41483621250000013
2019-12-12 06:00:15,,0.4320341775
2019-12-12 06:00:45,,0.36186544000000004
2019-12-12 07:00:15,,0.5345286875
2019-12-12 07:00:45,,-0.025815847499999992
2019-12-12 08:00:15,0.009492,0.009492
2019-12-12 08:00:45,,0.5921038925000001
2019-12-12 09:00:15,-0.36077,-0.36077
2019-12-12 09:00:45,-0.31307,-0.31307
2019-12-12 10:00:15,,-0.03591323249999996
2019-12-12 10:00:45,0.30014,0.30014
2019-12-12 11:00:15,-0.099233,-0.099233
2019-12-12 11:00:45,0.15988,0.15988
2019-12-12 12:00:15,-0.11066,-0.11066
2019-12-12 12:00:45,-0.68255,-0.68255
2019-12-12 13:00:15,-0.11311,-0.11311
2019-12-12 13:00:45,-0.476,-0.476
2019-12-12 14:00:15,-0.22978,-0.22978
2019-12-12 14:00:45,-0.030385,-0.030385
2019-12-12 15:00:15,-0.030211,-0.030211
2019-12-12 15:00:45,0.15851,0.15851
2019-12-12 16:00:15,0.1458,0.1458
2019-12-12 16:00:45,-0.037351,-0.037351
2019-12-12 17:00:15,-0.009822,-0.009822
2019-12-12 17:00:45,0.019992,0.019992
2019-12-12 18:00:15,-0.031257,-0.031257
2019-12-12 18:00:45,-0.057664,-0.057664
2019-12-12 19:00:15,-0.087022,-0.087022
2019-12-12 19:00:45,-0.058796,-0.058796
2019-12-12 20:00:15,-0.063048,-0.063048
2019-12-12 20:00:45,-0.006049,-0.006049
2019-12-12 21:00:15,-0.033365,-0.033365
2019-12-12 21:00:45,-0.088186,-0.088186
2019-12-12 22:00:15,-0.060777,-0.060777
2019-12-12 22:00:45,-0.029647,-0.029647
2019-12-12 23:00:15,0.032979,0.032979
2019-12-12 23:00:45,-0.045694,-0.045694
2019-12-13 00:00:15,-0.003089,-0.003089
2019-12-13 00:00:45,0.004359,0.004359
2019-12-13 01:00:15,-0.009435,-0.009435
2019-12-13 01:00:45,-0.06585,-0.06585
2019-12-13 02:00:15,-0.060251,-0.060251
2019-12-13 02:00:45,-0.054254,-0.054254
2019-12-13 03:00:15,-0.019427,-0.019427
2019-12-13 03:00:45,-0.011912,-0.011912
2019-12-13 04:00:15,-0.089995,-0.089995
2019-12-13 04:00:45,-0.038177,-0.038177
2019-12-13 05:00:15,-0.012788,-0.012788
2019-12-13 05:00:45,-0.05026,-0.05026
2019-12-13 06:00:15,0.21819,0.21819
2019-12-13 06:00:45,-0.022967,-0.022967
2019-12-13 07:00:15,-0.016909,-0.016909
2019-12-13 07:00:45,-0.03433,-0.03433
2019-12-13 08:00:15,-0.025154,-0.025154
2019-12-13 08:00:45,-0.20783,-0.20783
2019-12-13 09:00:15,-0.28754,-0.28754
2019-12-13 09:00:45,-0.054865,-0.054865
2019-12-13 10:00:15,0.040049,0.040049
2019-12-13 10:00:45,-0.098262,-0.098262
2019-12-13 11:00:15,0.20021,0.20021
2019-12-13 11:00:45,0.37449,0.37449
2019-12-13 12:00:15,0.5537,0.5537
2019-12-13 12:00:45,,0.7622517225000001
2019-12-13 13:00:15,,0.76937529
2019-12-13 13:00:45,,0.8407873325000002
2019-12-13 14:00:15,,0.6475558125
2019-12-13 14:00:45,,0.8208101625000002
2019-12-13 15:00:15,,0.81715312
2019-12-13 15:00:45,0.009253,0.009253
2019-12-13 16:00:15,-0.20983,-0.20983
2019-12-13 16:00:45,0.11276,0.11276
2019-12-13 17:00:15,0.007768,0.007768
2019-12-13 17:00:45,0.048567,0.048567
2019-12-13 18:00:15,0.16719,0.16719
2019-12-13 18:00:45,-0.27224,-0.27224
2019-12-13 19:00:15,-0.053346,-0.053346
2019-12-13 19:00:45,-0.095525,-0.095525
2019-12-13 20:00:15,-0.09491,-0.09491
2019-12-13 20:00:45,-0.13937,-0.13937
2019-12-13 21:00:15,-0.013398,-0.013398
2019-12-13 21:00:45,-0.02323,-0.02323
2019-12-13 22:00:15,-0.073538,-0.073538
2019-12-13 22:00:45,-0.16804,-0.16804
2019-12-13 23:00:15,-0.13094,-0.13094
2019-12-13 23:00:45,-0.085156,-0.085156
2019-12-14 00:00:15,-0.051106,-0.051106
2019-12-14 00:00:45,-0.086724,-0.086724
2019-12-14 01:00:15,-0.097878,-0.097878
2019-12-14 01:00:45,-0.024188,-0.024188
2019-12-14 02:00:15,0.015171,0.015171
2019-12-14 02:00:45,0.099055,0.099055
2019-12-14 03:00:15,0.006936,0.006936
2019-12-14 03:00:45,-0.027164,-0.027164
2019-12-14 04:00:15,0.025819,0.025819
2019-12-14 04:00:45,-0.008375,-0.008375
2019-12-14 05:00:15,5.2e-05,5.2e-05
2019-12-14 05:00:45,-0.053104,-0.053104
2019-12-14 06:00:15,0.2774,0.2774
2019-12-14 06:00:45,-0.24153,-0.24153
2019-12-14 07:00:15,0.056595,0.056595
2019-12-14 07:00:45,-0.058755,-0.058755
2019-12-14 08:00:15,-0.59161,-0.59161
2019-12-14 08:00:45,-0.25266,-0.25266
2019-12-14 09:00:15,-0.27576,-0.27576
2019-12-14 09:00:45,-0.10519,-0.10519
2019-12-14 10:00:15,-0.39607,-0.39607
2019-12-14 10:00:45,-0.021987,-0.021987
2019-12-14 11:00:15,0.39421,0.39421
2019-12-14 11:00:45,0.216,0.216
2019-12-14 12:00:15,0.13164,0.13164
2019-12-14 12:00:45,0.3896,0.3896
2019-12-14 13:00:15,-0.02613,-0.02613
2019-12-14 13:00:45,0.044153,0.044153
2019-12-14 14:00:15,0.08147,0.08147
2019-12-14 14:00:45,0.19956,0.19956
2019-12-14 15:00:15,0.16064,0.16064
2019-12-14 15:00:45,0.10372,0.10372
2019-12-14 16:00:15,-0.11211,-0.11211
2019-12-14 16:00:45,-0.03387,-0.03387
2019-12-14 17:00:15,0.085476,0.085476
2019-12-14 17:00:45,0.11507,0.11507
2019-12-14 18:00:15,0.007017,0.007017
2019-12-14 18:00:45,0.012225,0.012225
2019-12-14 19:00:15,-0.072187,-0.072187
2019-12-14 19:00:45,-0.015735,-0.015735
2019-12-14 20:00:15,-0.010158,-0.010158
2019-12-14 20:00:45,-0.13347,-0.13347
2019-12-14 21:00:15,-0.14764,-0.14764
2019-12-14 21:00:45,-0.079899,-0.079899
2019-12-14 22:00:15,-0.096495,-0.096495
2019-12-14 22:00:45,0.1048,0.1048
2019-12-14 23:00:15,0.052242,0.052242
2019-12-14 23:00:45,0.090525,0.090525
2019-12-15 00:00:15,0.14036,0.14036
2019-12-15 00:00:45,0.046393,0.046393
2019-12-15 01:00:15,-0.00134,-0.00134
2019-12-15 01:00:45,0.015214,0.015214
2019-12-15 02:00:15,0.011956,0.011956
2019-12-15 02:00:45,0.048987,0.048987
2019-12-15 03:00:15,0.17637,0.17637
2019-12-15 03:00:45,0.05766,0.05766
2019-12-15 04:00:15,0.2005,0.2005
2019-12-15 04:00:45,0.17872,0.17872
2019-12-15 05:00:15,0.12791,0.12791
2019-12-15 05:00:45,0.036627,0.036627
2019-12-15 06:00:15,-0.026637,-0.026637
2019-12-15 06:00:45,-0.007409,-0.007409
2019-12-15 07:00:15,0.024309,0.024309
2019-12-15 07:00:45,-0.03185,-0.03185
2019-12-15 08:00:15,0.038282,0.038282
2019-12-15 08:00:45,0.04898,0.04898
2019-12-15 09:00:15,-0.007223,-0.007223
2019-12-15 09:00:45,0.36501,0.36501
2019-12-15 10:00:15,0.000398,0.000398
2019-12-15 10:00:45,0.3002,0.3002
2019-12-15 11:00:15,-0.081979,-0.081979
2019-12-15 11:00:45,-0.21373,-0.21373
2019-12-15 12:00:15,0.16128,0.16128
2019-12-15 12:00:45,-0.069175,-0.069175
2019-12-15 13:00:15,0.091833,0.091833
2019-12-15 13:00:45,-0.16768,-0.16768
2019-12-15 14:00:15,0.042419,0.042419
2019-12-15 14:00:45,-0.063483,-0.063483
2019-12-15 15:00:15,-0.03923,-0.03923
2019-12-15 15:00:45,-0.054564,-0.054564
2019-12-15 16:00:15,0.14612,0.14612
2019-12-15 16:00:45,0.30296,0.30296
2019-12-15 17:00:15,0.033208,0.033208
2019-12-15 17:00:45,0.028348,0.028348
2019-12-15 18:00:15,-0.01403,-0.01403
2019-12-15 18:00:45,0.036511,0.036511
2019-12-15 19:00:15,0.006957,0.006957
2019-12-15 19:00:45,-0.26606,-0.26606
2019-12-15 20:00:15,-0.26499,-0.26499
2019-12-15 20:00:45,0.077369,0.077369
2019-12-15 21:00:15,0.30719,0.30719
2019-12-15 21:00:45,0.13523,0.13523
2019-12-15 22:00:15,0.059349,0.059349
2019-12-15 22:00:45,0.077773,0.077773
2019-12-15 23:00:15,-0.050453,-0.050453
2019-12-15 23:00:45,-0.020052,-0.020052
2019-12-16 00:00:15,-0.046537,-0.046537
2019-12-16 00:00:45,-0.14295,-0.14295
2019-12-16 01:00:15,-0.10729,-0.10729
2019-12-16 01:00:45,-0.15466,-0.15466
2019-12-16 02:00:15,-0.1597,-0.1597
2019-12-16 02:00:45,,0.3184929249999999
2019-12-16 03:00:15,-0.042481,-0.042481
2019-12-16 03:00:45,-0.037598,-0.037598
2019-12-16 04:00:15,-0.044727,-0.044727
2019-12-16 04:00:45,,0.36211637750000003
2019-12-16 05:00:15,,0.6242194125
2019-12-16 05:00:45,,0.6145603824999999
2019-12-16 06:00:15,,0.5380046175
2019-12-16 06:00:45,,0.4992052149999998
2019-12-16 07:00:15,,0.5925975049999999
2019-12-16 07:00:45,,0.5385464099999999
2019-12-16 08:00:15,,0.5576226524999999
2019-12-16 08:00:45,-0.16242,-0.16242
2019-12-16 09:00:15,0.24678,0.24678
2019-12-16 09:00:45,0.1945,0.1945
2019-12-16 10:00:15,0.57597,0.57597
2019-12-16 10:00:45,-0.19037,-0.19037
2019-12-16 11:00:15,0.042907,0.042907
2019-12-16 11:00:45,-0.047171,-0.047171
2019-12-16 12:00:15,0.045645,0.045645
2019-12-16 12:00:45,0.096271,0.096271
2019-12-16 13:00:15,0.10506,0.10506
2019-12-16 13:00:45,-0.35262,-0.35262
2019-12-16 14:00:15,0.20625,0.20625
2019-12-16 14:00:45,0.06274,0.06274
2019-12-16 15:00:15,0.11372,0.11372
2019-12-16 15:00:45,0.17351,0.17351
2019-12-16 16:00:15,-0.03126,-0.03126
2019-12-16 16:00:45,-0.041275,-0.041275
2019-12-16 17:00:15,0.017379,0.017379
2019-12-16 17:00:45,0.37466,0.37466
2019-12-16 18:00:15,0.54306,0.54306
2019-12-16 18:00:45,0.46574,0.46574
2019-12-16 19:00:15,0.39529,0.39529
2019-12-16 19:00:45,0.42357,0.42357
2019-12-16 20:00:15,0.43877,0.43877
2019-12-16 20:00:45,0.40861,0.40861
2019-12-16 21:00:15,0.49368,0.49368
2019-12-16 21:00:45,0.45907,0.45907
2019-12-16 22:00:15,0.41854,0.41854
2019-12-16 22:00:45,0.26197,0.26197
2019-12-16 23:00:15,0.44888,0.44888
2019-12-16 23:00:45,0.45839,0.45839
2019-12-17 00:00:15,,0.41782654499999994
2019-12-17 00:00:45,0.38253,0.38253
2019-12-17 01:00:15,0.31791,0.31791
2019-12-17 01:00:45,0.47596,0.47596
2019-12-17 02:00:15,0.40642,0.40642
2019-12-17 02:00:45,0.35011,0.35011
2019-12-17 03:00:15,0.3803,0.3803
2019-12-17 03:00:45,0.46583,0.46583
2019-12-17 04:00:15,0.41975,0.41975
2019-12-17 04:00:45,0.42359,0.42359
2019-12-17 05:00:15,0.46796,0.46796
2019-12-17 05:00:45,0.44289,0.44289
2019-12-17 06:00:15,0.52411,0.52411
2019-12-17 06:00:45,0.4785,0.4785
2019-12-17 07:00:15,0.43272,0.43272
2019-12-17 07:00:45,0.074949,0.074949
2019-12-17 08:00:15,0.45302,0.45302
2019-12-17 08:00:45,1.0362,1.0362
2019-12-17 09:00:15,1.0254,1.0254
2019-12-17 09:00:45,0.74243,0.74243
2019-12-17 10:00:15,0.92305,0.92305
2019-12-17 10:00:45,0.81198,0.81198
2019-12-17 11:00:15,1.2337,1.2337
2019-12-17 11:00:45,1.1196,1.1196
2019-12-17 12:00:15,0.96254,0.96254
2019-12-17 12:00:45,-0.021776,-0.021776
2019-12-17 13:00:15,-0.14075,-0.14075
2019-12-17 13:00:45,-0.04882,-0.04882
2019-12-17 14:00:15,0.11844,0.11844
2019-12-17 14:00:45,0.000841,0.000841
2019-12-17 15:00:15,-0.011992,-0.011992
2019-12-17 15:00:45,-0.17313,-0.17313
2019-12-17 16:00:15,-0.09602,-0.09602
2019-12-17 16:00:45,-0.020273,-0.020273
2019-12-17 17:00:15,0.30373,0.30373
2019-12-17 17:00:45,0.17302,0.17302
2019-12-17 18:00:15,0.18684,0.18684
2019-12-17 18:00:45,0.11759,0.11759
2019-12-17 19:00:15,0.24244,0.24244
2019-12-17 19:00:45,0.11217,0.11217
2019-12-17 20:00:15,0.25439,0.25439
2019-12-17 20:00:45,-0.054586,-0.054586
2019-12-17 21:00:15,0.38649,0.38649
2019-12-17 21:00:45,0.39684,0.39684
2019-12-17 22:00:15,0.36522,0.36522
2019-12-17 22:00:45,0.2192,0.2192
2019-12-17 23:00:15,0.37637,0.37637
2019-12-17 23:00:45,0.23668,0.23668
2019-12-18 00:00:15,0.42992,0.42992
2019-12-18 00:00:45,0.3449,0.3449
2019-12-18 01:00:15,0.42548,0.42548
2019-12-18 01:00:45,0.54543,0.54543
2019-12-18 02:00:15,0.069835,0.069835
2019-12-18 02:00:45,0.38339,0.38339
2019-12-18 03:00:15,,0.3681898674999999
2019-12-18 03:00:45,0.49023,0.49023
2019-12-18 04:00:15,0.44186,0.44186
2019-12-18 04:00:45,0.57122,0.57122
2019-12-18 05:00:15,0.43525,0.43525
2019-12-18 05:00:45,0.39161,0.39161
2019-12-18 06:00:15,0.47192,0.47192
2019-12-18 06:00:45,,0.44897143749999996
2019-12-18 07:00:15,1.4998,1.4998
2019-12-18 07:00:45,0.23283,0.23283
2019-12-18 08:00:15,-0.92574,-0.92574
2019-12-18 08:00:45,0.78196,0.78196
2019-12-18 09:00:15,1.0003,1.0003
2019-12-18 09:00:45,0.57321,0.57321
2019-12-18 10:00:15,0.077492,0.077492
2019-12-18 10:00:45,0.27371,0.27371
2019-12-18 11:00:15,0.61793,0.61793
2019-12-18 11:00:45,1.1466,1.1466
2019-12-18 12:00:15,0.057539,0.057539
2019-12-18 12:00:45,-0.3842,-0.3842
2019-12-18 13:00:15,,-0.33629616000000007
2019-12-18 13:00:45,-0.44263,-0.44263
2019-12-18 14:00:15,-0.43765,-0.43765
2019-12-18 14:00:45,-0.62378,-0.62378
2019-12-18 15:00:15,-0.80399,-0.80399
2019-12-18 15:00:45,-0.42636,-0.42636
2019-12-18 16:00:15,-0.35278,-0.35278
2019-12-18 16:00:45,-0.055094,-0.055094
2019-12-18 17:00:15,0.004614,0.004614
2019-12-18 17:00:45,-0.038208,-0.038208
2019-12-18 18:00:15,0.21865,0.21865
2019-12-18 18:00:45,-0.029509,-0.029509
2019-12-18 19:00:15,0.36826,0.36826
2019-12-18 19:00:45,0.36724,0.36724
2019-12-18 20:00:15,0.36561,0.36561
2019-12-18 20:00:45,0.32561,0.32561
2019-12-18 21:00:15,0.46285,0.46285
2019-12-18 21:00:45,0.3209,0.3209
2019-12-18 22:00:15,0.29808,0.29808
2019-12-18 22:00:45,0.31978,0.31978
2019-12-18 23:00:15,0.3548,0.3548
2019-12-18 23:00:45,0.37068,0.37068
2019-12-19 00:00:15,0.40137,0.40137
2019-12-19 00:00:45,0.32609,0.32609
2019-12-19 01:00:15,0.33712,0.33712
2019-12-19 01:00:45,0.36936,0.36936
2019-12-19 02:00:15,0.31167,0.31167
2019-12-19 02:00:45,-0.008483,-0.008483
2019-12-19 03:00:15,0.44977,0.44977
2019-12-19 03:00:45,0.079238,0.079238
2019-12-19 04:00:15,0.12301,0.12301
2019-12-19 04:00:45,,0.4234479499999999
2019-12-19 05:00:15,0.61255,0.61255
2019-12-19 05:00:45,0.037612,0.037612
2019-12-19 06:00:15,0.43232,0.43232
2019-12-19 06:00:45,0.41442,0.41442
2019-12-19 07:00:15,1.0895,1.0895
2019-12-19 07:00:45,,0.5149729675
2019-12-19 08:00:15,1.456,1.456
2019-12-19 08:00:45,1.1052,1.1052
2019-12-19 09:00:15,1.4445,1.4445
2019-12-19 09:00:45,1.2262,1.2262
2019-12-19 10:00:15,0.66873,0.66873
2019-12-19 10:00:45,0.68714,0.68714
2019-12-19 11:00:15,0.73569,0.73569
2019-12-19 11:00:45,0.35341,0.35341
2019-12-19 12:00:15,-0.768,-0.768
2019-12-19 12:00:45,-0.8351,-0.8351
2019-12-19 13:00:15,-0.058589,-0.058589
2019-12-19 13:00:45,-0.63991,-0.63991
2019-12-19 14:00:15,-0.58842,-0.58842
2019-12-19 14:00:45,-0.47245,-0.47245
2019-12-19 15:00:15,-0.44127,-0.44127
2019-12-19 15:00:45,-0.33763,-0.33763
2019-12-19 16:00:15,-0.18823,-0.18823
2019-12-19 16:00:45,-0.12412,-0.12412
2019-12-19 17:00:15,-0.061109,-0.061109
2019-12-19 17:00:45,-0.13956,-0.13956
2019-12-19 18:00:15,-0.060843,-0.060843
2019-12-19 18:00:45,0.11047,0.11047
2019-12-19 19:00:15,0.13408,0.13408
2019-12-19 19:00:45,0.21044,0.21044
2019-12-19 20:00:15,0.1976,0.1976
2019-12-19 20:00:45,0.11562,0.11562
2019-12-19 21:00:15,-0.038386,-0.038386
2019-12-19 21:00:45,0.37195,0.37195
2019-12-19 22:00:15,0.20278,0.20278
2019-12-19 22:00:45,0.31519,0.31519
2019-12-19 23:00:15,0.35031,0.35031
2019-12-19 23:00:45,0.32226,0.32226
2019-12-20 00:00:15,,0.37055086499999995
2019-12-20 00:00:45,0.42479,0.42479
2019-12-20 01:00:15,0.25075,0.25075
2019-12-20 01:00:45,0.38159,0.38159
2019-12-20 02:00:15,0.4543,0.4543
2019-12-20 02:00:45,0.38767,0.38767
2019-12-20 03:00:15,0.23818,0.23818
2019-12-20 03:00:45,0.23034,0.23034
2019-12-20 04:00:15,0.28711,0.28711
2019-12-20 04:00:45,0.27825,0.27825
2019-12-20 05:00:15,0.37597,0.37597
2019-12-20 05:00:45,0.36019,0.36019
2019-12-20 06:00:15,0.25805,0.25805
2019-12-20 06:00:45,0.14669,0.14669
2019-12-20 07:00:15,0.41467,0.41467
2019-12-20 07:00:45,0.60951,0.60951
2019-12-20 08:00:15,1.0706,1.0706
2019-12-20 08:00:45,1.3406,1.3406
2019-12-20 09:00:15,0.94738,0.94738
2019-12-20 09:00:45,1.5683,1.5683
2019-12-20 10:00:15,0.73801,0.73801
2019-12-20 10:00:45,0.6004,0.6004
2019-12-20 11:00:15,0.2403,0.2403
2019-12-20 11:00:45,0.08839,0.08839
2019-12-20 12:00:15,-0.36515,-0.36515
2019-12-20 12:00:45,-0.36374,-0.36374
2019-12-20 13:00:15,-0.057982,-0.057982
2019-12-20 13:00:45,-0.060214,-0.060214
2019-12-20 14:00:15,0.18916,0.18916
2019-12-20 14:00:45,0.13682,0.13682
2019-12-20 15:00:15,-0.003283,-0.003283
2019-12-20 15:00:45,-0.11506,-0.11506
2019-12-20 16:00:15,-0.018259,-0.018259
2019-12-20 16:00:45,-0.056279,-0.056279
2019-12-20 17:00:15,-0.044212,-0.044212
2019-12-20 17:00:45,-0.066342,-0.066342
2019-12-20 18:00:15,-0.10861,-0.10861
2019-12-20 18:00:45,-0.19828,-0.19828
2019-12-20 19:00:15,-0.17574,-0.17574
2019-12-20 19:00:45,0.044447,0.044447
2019-12-20 20:00:15,0.008774,0.008774
2019-12-20 20:00:45,-0.070695,-0.070695
2019-12-20 21:00:15,-0.030405,-0.030405
2019-12-20 21:00:45,,0.2408066125
2019-12-20 22:00:15,,0.23912262750000007
2019-12-20 22:00:45,0.46135,0.46135
2019-12-20 23:00:15,0.10336,0.10336
2019-12-20 23:00:45,0.32224,0.32224
2019-12-21 00:00:15,0.36741,0.36741
2019-12-21 00:00:45,0.39617,0.39617
2019-12-21 01:00:15,0.3643,0.3643
2019-12-21 01:00:45,0.19848,0.19848
2019-12-21 02:00:15,0.65525,0.65525
2019-12-21 02:00:45,,0.3947271774999999
2019-12-21 03:00:15,,0.32875218
2019-12-21 03:00:45,,0.38581567750000006
2019-12-21 04:00:15,0.53423,0.53423
2019-12-21 04:00:45,0.38683,0.38683
2019-12-21 05:00:15,0.44168,0.44168
2019-12-21 05:00:45,0.54972,0.54972
2019-12-21 06:00:15,0.32648,0.32648
2019-12-21 06:00:45,0.26382,0.26382
2019-12-21 07:00:15,0.37854,0.37854
2019-12-21 07:00:45,0.41935,0.41935
2019-12-21 08:00:15,0.33239,0.33239
2019-12-21 08:00:45,0.90217,0.90217
2019-12-21 09:00:15,1.1343,1.1343
2019-12-21 09:00:45,1.2478,1.2478
2019-12-21 10:00:15,0.055901,0.055901
2019-12-21 10:00:45,-0.18986,-0.18986
2019-12-21 11:00:15,-0.29252,-0.29252
2019-12-21 11:00:45,-0.20831,-0.20831
2019-12-21 12:00:15,-0.08666,-0.08666
2019-12-21 12:00:45,-0.13537,-0.13537
2019-12-21 13:00:15,0.39706,0.39706
2019-12-21 13:00:45,-0.19476,-0.19476
2019-12-21 14:00:15,-0.06338,-0.06338
2019-12-21 14:00:45,-0.11515,-0.11515
2019-12-21 15:00:15,-0.20226,-0.20226
2019-12-21 15:00:45,-0.099724,-0.099724
2019-12-21 16:00:15,0.004957,0.004957
2019-12-21 16:00:45,-0.025221,-0.025221
2019-12-21 17:00:15,-0.010783,-0.010783
2019-12-21 17:00:45,0.035677,0.035677
2019-12-21 18:00:15,-0.03195,-0.03195
2019-12-21 18:00:45,0.10315,0.10315
2019-12-21 19:00:15,-0.068417,-0.068417
2019-12-21 19:00:45,-0.090333,-0.090333
2019-12-21 20:00:15,-0.16108,-0.16108
2019-12-21 20:00:45,-0.089329,-0.089329
2019-12-21 21:00:15,-0.10235,-0.10235
2019-12-21 21:00:45,-0.14754,-0.14754
2019-12-21 22:00:15,-0.042747,-0.042747
2019-12-21 22:00:45,-0.10847,-0.10847
2019-12-21 23:00:15,-0.027993,-0.027993
2019-12-21 23:00:45,-0.00807,-0.00807
2019-12-22 00:00:15,-0.046296,-0.046296
2019-12-22 00:00:45,-0.13231,-0.13231
2019-12-22 01:00:15,0.28223,0.28223
2019-12-22 01:00:45,,0.18857095500000004
2019-12-22 02:00:15,0.18409,0.18409
2019-12-22 02:00:45,0.41204,0.41204
2019-12-22 03:00:15,0.43299,0.43299
2019-12-22 03:00:45,,0.333673
2019-12-22 04:00:15,0.15965,0.15965
2019-12-22 04:00:45,0.68147,0.68147
2019-12-22 05:00:15,0.26359,0.26359
2019-12-22 05:00:45,0.87601,0.87601
2019-12-22 06:00:15,0.36767,0.36767
2019-12-22 06:00:45,0.18142,0.18142
2019-12-22 07:00:15,0.28377,0.28377
2019-12-22 07:00:45,,0.37464810749999994
2019-12-22 08:00:15,,0.1596647125
2019-12-22 08:00:45,-0.10936,-0.10936
2019-12-22 09:00:15,-0.17299,-0.17299
2019-12-22 09:00:45,0.10997,0.10997
2019-12-22 10:00:15,-0.2991,-0.2991
2019-12-22 10:00:45,-0.14245,-0.14245
2019-12-22 11:00:15,-0.56279,-0.56279
2019-12-22 11:00:45,-0.49025,-0.49025
2019-12-22 12:00:15,-0.58619,-0.58619
2019-12-22 12:00:45,-0.056626,-0.056626
2019-12-22 13:00:15,-0.032722,-0.032722
2019-12-22 13:00:45,-0.36255,-0.36255
2019-12-22 14:00:15,-0.94829,-0.94829
2019-12-22 14:00:45,-1.1192,-1.1192
2019-12-22 15:00:15,-1.3013,-1.3013
2019-12-22 15:00:45,-0.11258,-0.11258
2019-12-22 16:00:15,-0.017617,-0.017617
2019-12-22 16:00:45,-0.018771,-0.018771
2019-12-22 17:00:15,-0.005406,-0.005406
2019-12-22 17:00:45,0.1976,0.1976
2019-12-22 18:00:15,-0.032586,-0.032586
2019-12-22 18:00:45,-0.02072,-0.02072
2019-12-22 19:00:15,,-0.036962235
2019-12-22 19:00:45,,-0.0326959175
2019-12-22 20:00:15,-0.078667,-0.078667
2019-12-22 20:00:45,-0.016091,-0.016091
2019-12-22 21:00:15,-0.019976,-0.019976
2019-12-22 21:00:45,-0.040847,-0.040847
2019-12-22 22:00:15,-0.039564,-0.039564
2019-12-22 22:00:45,-0.008851,-0.008851
2019-12-22 23:00:15,,0.032953922499999996
2019-12-22 23:00:45,0.09309,0.09309
2019-12-23 00:00:15,0.26651,0.26651
2019-12-23 00:00:45,0.24184,0.24184
2019-12-23 01:00:15,,0.31805030749999996
2019-12-23 01:00:45,0.25462,0.25462
2019-12-23 02:00:15,0.51482,0.51482
2019-12-23 02:00:45,-0.098241,-0.098241
2019-12-23 03:00:15,0.50215,0.50215
2019-12-23 03:00:45,0.57756,0.57756
2019-12-23 04:00:15,-0.01959,-0.01959
2019-12-23 04:00:45,,0.35414184499999996
2019-12-23 05:00:15,0.42089,0.42089
2019-12-23 05:00:45,-0.14284,-0.14284
2019-12-23 06:00:15,-0.13817,-0.13817
2019-12-23 06:00:45,0.88419,0.88419
2019-12-23 07:00:15,0.36655,0.36655
2019-12-23 07:00:45,0.47474,0.47474
2019-12-23 08:00:15,0.40359,0.40359
2019-12-23 08:00:45,0.75328,0.75328
2019-12-23 09:00:15,0.38204,0.38204
2019-12-23 09:00:45,-0.21914,-0.21914
2019-12-23 10:00:15,-0.15306,-0.15306
2019-12-23 10:00:45,-0.66071,-0.66071
2019-12-23 11:00:15,-0.10596,-0.10596
2019-12-23 11:00:45,-0.055768,-0.055768
2019-12-23 12:00:15,-0.90196,-0.90196
2019-12-23 12:00:45,-0.11873,-0.11873
2019-12-23 13:00:15,-0.060409,-0.060409
2019-12-23 13:00:45,-0.7577,-0.7577
2019-12-23 14:00:15,0.020353,0.020353
2019-12-23 14:00:45,0.10184,0.10184
2019-12-23 15:00:15,-0.00947,-0.00947
2019-12-23 15:00:45,-0.060982,-0.060982
2019-12-23 16:00:15,-0.065604,-0.065604
2019-12-23 16:00:45,-0.09224,-0.09224
2019-12-23 17:00:15,-0.094291,-0.094291
2019-12-23 17:00:45,-0.031646,-0.031646
2019-12-23 18:00:15,,-0.0328186475
2019-12-23 18:00:45,,-0.01808236
2019-12-23 19:00:15,,-0.0362647175
2019-12-23 19:00:45,-0.14272,-0.14272
2019-12-23 20:00:15,0.15952,0.15952
2019-12-23 20:00:45,-0.052685,-0.052685
2019-12-23 21:00:15,0.016297,0.016297
2019-12-23 21:00:45,0.1793,0.1793
2019-12-23 22:00:15,-0.16399,-0.16399
2019-12-23 22:00:45,,-0.03332428999999999
2019-12-23 23:00:15,-0.0128,-0.0128
2019-12-23 23:00:45,0.24221,0.24221
2019-12-24 00:00:15,,0.27059125000000006
2019-12-24 00:00:45,0.19892,0.19892
2019-12-24 01:00:15,-0.02994,-0.02994
2019-12-24 01:00:45,-0.084494,-0.084494
2019-12-24 02:00:15,,-0.025072722500000002
2019-12-24 02:00:45,,-0.0027314124999999996
2019-12-24 03:00:15,0.40795,0.40795
2019-12-24 03:00:45,,0.3455507149999999
2019-12-24 04:00:15,0.51722,0.51722
2019-12-24 04:00:45,0.014391,0.014391
2019-12-24 05:00:15,-0.17391,-0.17391
2019-12-24 05:00:45,0.20891,0.20891
2019-12-24 06:00:15,0.23397,0.23397
2019-12-24 06:00:45,0.1241,0.1241
2019-12-24 07:00:15,0.15364,0.15364
2019-12-24 07:00:45,0.20467,0.20467
2019-12-24 08:00:15,-0.8836,-0.8836
2019-12-24 08:00:45,-0.30609,-0.30609
2019-12-24 09:00:15,0.96901,0.96901
2019-12-24 09:00:45,0.46925,0.46925
2019-12-24 10:00:15,-1.1023,-1.1023
2019-12-24 10:00:45,-0.18808,-0.18808
2019-12-24 11:00:15,0.25516,0.25516
2019-12-24 11:00:45,0.19083,0.19083
2019-12-24 12:00:15,-0.2829,-0.2829
2019-12-24 12:00:45,-0.6961,-0.6961
2019-12-24 13:00:15,-0.35846,-0.35846
2019-12-24 13:00:45,,0.019751095
2019-12-24 14:00:15,,-0.06659567250000001
2019-12-24 14:00:45,,-0.06015903000000001
2019-12-24 15:00:15,,-0.04998066249999999
2019-12-24 15:00:45,,-0.12988287750000008
2019-12-24 16:00:15,,0.10253660500000002
2019-12-24 16:00:45,,0.3258258750000001
2019-12-24 17:00:15,0.73073,0.73073
2019-12-24 17:00:45,,0.3094923225
2019-12-24 18:00:15,,0.42209594250000015
2019-12-24 18:00:45,0.38566,0.38566
2019-12-24 19:00:15,0.84272,0.84272
2019-12-24 19:00:45,0.44696,0.44696
2019-12-24 20:00:15,,0.41579537
2019-12-24 20:00:45,0.11898,0.11898
2019-12-24 21:00:15,0.589,0.589
2019-12-24 21:00:45,0.44687,0.44687
2019-12-24 22:00:15,0.76117,0.76117
2019-12-24 22:00:45,0.14514,0.14514
2019-12-24 23:00:15,0.1954,0.1954
2019-12-24 23:00:45,0.17894,0.17894
2019-12-25 00:00:15,0.11625,0.11625
2019-12-25 00:00:45,0.28717,0.28717
2019-12-25 01:00:15,0.17065,0.17065
2019-12-25 01:00:45,0.091187,0.091187
2019-12-25 02:00:15,0.17956,0.17956
2019-12-25 02:00:45,0.21135,0.21135
2019-12-25 03:00:15,0.18143,0.18143
2019-12-25 03:00:45,0.1739,0.1739
2019-12-25 04:00:15,0.05085,0.05085
2019-12-25 04:00:45,0.19343,0.19343
2019-12-25 05:00:15,0.086396,0.086396
2019-12-25 05:00:45,0.065993,0.065993
2019-12-25 06:00:15,-0.017009,-0.017009
2019-12-25 06:00:45,0.054694,0.054694
2019-12-25 07:00:15,0.069472,0.069472
2019-12-25 07:00:45,0.1925,0.1925
2019-12-25 08:00:15,-0.40718,-0.40718
2019-12-25 08:00:45,-0.47965,-0.47965
2019-12-25 09:00:15,-0.3569,-0.3569
2019-12-25 09:00:45,0.21123,0.21123
2019-12-25 10:00:15,0.21985,0.21985
2019-12-25 10:00:45,-0.08362,-0.08362
2019-12-25 11:00:15,-0.14235,-0.14235
2019-12-25 11:00:45,-0.41301,-0.41301
2019-12-25 12:00:15,-0.11335,-0.11335
2019-12-25 12:00:45,-0.027399,-0.027399
2019-12-25 13:00:15,-0.2033,-0.2033
2019-12-25 13:00:45,0.10401,0.10401
2019-12-25 14:00:15,0.20661,0.20661
2019-12-25 14:00:45,0.17689,0.17689
2019-12-25 15:00:15,0.12659,0.12659
2019-12-25 15:00:45,0.063874,0.063874
2019-12-25 16:00:15,0.10763,0.10763
2019-12-25 16:00:45,0.10173,0.10173
2019-12-25 17:00:15,0.13478,0.13478
2019-12-25 17:00:45,0.052749,0.052749
2019-12-25 18:00:15,0.082627,0.082627
2019-12-25 18:00:45,0.031776,0.031776
2019-12-25 19:00:15,-0.094288,-0.094288
2019-12-25 19:00:45,-0.1899,-0.1899
2019-12-25 20:00:15,-0.078706,-0.078706
2019-12-25 20:00:45,-0.030819,-0.030819
2019-12-25 21:00:15,-0.043817,-0.043817
2019-12-25 21:00:45,0.1897,0.1897
2019-12-25 22:00:15,-0.075466,-0.075466
2019-12-25 22:00:45,0.008933,0.008933
2019-12-25 23:00:15,-0.095246,-0.095246
2019-12-25 23:00:45,0.019855,0.019855
2019-12-26 00:00:15,-0.001547,-0.001547
2019-12-26 00:00:45,-0.020063,-0.020063
2019-12-26 01:00:15,-0.021814,-0.021814
2019-12-26 01:00:45,-0.016343,-0.016343
2019-12-26 02:00:15,0.002748,0.002748
2019-12-26 02:00:45,0.11545,0.11545
2019-12-26 03:00:15,-0.089047,-0.089047
2019-12-26 03:00:45,,0.005760869999999996
2019-12-26 04:00:15,-0.12123,-0.12123
2019-12-26 04:00:45,-0.01752,-0.01752
2019-12-26 05:00:15,,0.05873709000000001
2019-12-26 05:00:45,,0.08771150250000001
2019-12-26 06:00:15,,0.3707938725
2019-12-26 06:00:45,0.19965,0.19965
2019-12-26 07:00:15,,0.5516677050000001
2019-12-26 07:00:45,0.34066,0.34066
2019-12-26 08:00:15,,0.62302495
2019-12-26 08:00:45,-0.34051,-0.34051
2019-12-26 09:00:15,-0.01548,-0.01548
2019-12-26 09:00:45,-0.084909,-0.084909
2019-12-26 10:00:15,1.0395,1.0395
2019-12-26 10:00:45,0.19914,0.19914
2019-12-26 11:00:15,0.44324,0.44324
2019-12-26 11:00:45,0.35733,0.35733
2019-12-26 12:00:15,0.078016,0.078016
2019-12-26 12:00:45,-0.19762,-0.19762
2019-12-26 13:00:15,-0.27376,-0.27376
2019-12-26 13:00:45,-0.40584,-0.40584
2019-12-26 14:00:15,-0.12524,-0.12524
2019-12-26 14:00:45,-0.055321,-0.055321
2019-12-26 15:00:15,-0.20153,-0.20153
2019-12-26 15:00:45,0.15743,0.15743
2019-12-26 16:00:15,0.012,0.012
2019-12-26 16:00:45,-0.002811,-0.002811
2019-12-26 17:00:15,-0.025973,-0.025973
2019-12-26 17:00:45,-0.077031,-0.077031
2019-12-26 18:00:15,-0.007747,-0.007747
2019-12-26 18:00:45,-0.013545,-0.013545
2019-12-26 19:00:15,-0.005286,-0.005286
2019-12-26 19:00:45,-0.041018,-0.041018
2019-12-26 20:00:15,-0.025007,-0.025007
2019-12-26 20:00:45,0.039739,0.039739
2019-12-26 21:00:15,0.14145,0.14145
2019-12-26 21:00:45,0.02377,0.02377
2019-12-26 22:00:15,0.02291,0.02291
2019-12-26 22:00:45,0.11715,0.11715
2019-12-26 23:00:15,0.15102,0.15102
2019-12-26 23:00:45,0.192,0.192
2019-12-27 00:00:15,0.15807,0.15807
2019-12-27 00:00:45,0.43904,0.43904
2019-12-27 01:00:15,-0.14202,-0.14202
2019-12-27 01:00:45,,0.052657935
2019-12-27 02:00:15,0.024887,0.024887
2019-12-27 02:00:45,0.26813,0.26813
2019-12-27 03:00:15,0.48798,0.48798
2019-12-27 03:00:45,0.55245,0.55245
2019-12-27 04:00:15,0.2859,0.2859
2019-12-27 04:00:45,0.24947,0.24947
2019-12-27 05:00:15,0.10552,0.10552
2019-12-27 05:00:45,0.22539,0.22539
2019-12-27 06:00:15,0.17295,0.17295
2019-12-27 06:00:45,0.13384,0.13384
2019-12-27 07:00:15,0.082631,0.082631
2019-12-27 07:00:45,0.031258,0.031258
2019-12-27 08:00:15,0.036085,0.036085
2019-12-27 08:00:45,0.087785,0.087785
2019-12-27 09:00:15,1.4326,1.4326
2019-12-27 09:00:45,0.33848,0.33848
2019-12-27 10:00:15,,-0.15877560999999998
2019-12-27 10:00:45,,0.135127845
2019-12-27 11:00:15,0.58978,0.58978
2019-12-27 11:00:45,-0.018907,-0.018907
2019-12-27 12:00:15,,0.18689015250000005
2019-12-27 12:00:45,0.066546,0.066546
2019-12-27 13:00:15,-0.20706,-0.20706
2019-12-27 13:00:45,,0.0808937725
2019-12-27 14:00:15,0.13135,0.13135
2019-12-27 14:00:45,0.13141,0.13141
2019-12-27 15:00:15,0.24549,0.24549
2019-12-27 15:00:45,-0.000472,-0.000472
2019-12-27 16:00:15,0.20597,0.20597
2019-12-27 16:00:45,0.16768,0.16768
2019-12-27 17:00:15,0.19784,0.19784
2019-12-27 17:00:45,0.026318,0.026318
2019-12-27 18:00:15,-0.070977,-0.070977
2019-12-27 18:00:45,,0.030130394999999997
2019-12-27 19:00:15,0.074772,0.074772
2019-12-27 19:00:45,0.052389,0.052389
2019-12-27 20:00:15,0.05091,0.05091
2019-12-27 20:00:45,-0.15937,-0.15937
2019-12-27 21:00:15,-0.03058,-0.03058
2019-12-27 21:00:45,-0.097021,-0.097021
2019-12-27 22:00:15,-0.079927,-0.079927
2019-12-27 22:00:45,0.025571,0.025571
2019-12-27 23:00:15,-0.15673,-0.15673
2019-12-27 23:00:45,-0.005891,-0.005891
2019-12-28 00:00:15,-0.084167,-0.084167
2019-12-28 00:00:45,-0.023527,-0.023527
2019-12-28 01:00:15,0.29867,0.29867
2019-12-28 01:00:45,0.35504,0.35504
2019-12-28 02:00:15,0.052703,0.052703
2019-12-28 02:00:45,0.037011,0.037011
2019-12-28 03:00:15,-0.031625,-0.031625
2019-12-28 03:00:45,0.32744,0.32744
2019-12-28 04:00:15,-0.094521,-0.094521
2019-12-28 04:00:45,,0.05088664750000001
2019-12-28 05:00:15,-0.065636,-0.065636
2019-12-28 05:00:45,0.040944,0.040944
2019-12-28 06:00:15,-0.00256,-0.00256
2019-12-28 06:00:45,0.25406,0.25406
2019-12-28 07:00:15,0.22912,0.22912
2019-12-28 07:00:45,0.27804,0.27804
2019-12-28 08:00:15,-0.13894,-0.13894
2019-12-28 08:00:45,-0.10412,-0.10412
2019-12-28 09:00:15,-0.094735,-0.094735
2019-12-28 09:00:45,-0.12518,-0.12518
2019-12-28 10:00:15,-0.13213,-0.13213
2019-12-28 10:00:45,0.034142,0.034142
2019-12-28 11:00:15,-0.006526,-0.006526
2019-12-28 11:00:45,0.053267,0.053267
2019-12-28 12:00:15,-0.099233,-0.099233
2019-12-28 12:00:45,-0.065583,-0.065583
2019-12-28 13:00:15,0.033488,0.033488
2019-12-28 13:00:45,-0.092199,-0.092199
2019-12-28 14:00:15,-0.27553,-0.27553
2019-12-28 14:00:45,-0.14541,-0.14541
2019-12-28 15:00:15,0.29349,0.29349
2019-12-28 15:00:45,,0.11657854499999998
2019-12-28 16:00:15,0.75599,0.75599
2019-12-28 16:00:45,,0.261159095
2019-12-28 17:00:15,-0.16363,-0.16363
2019-12-28 17:00:45,,0.5581503425000001
2019-12-28 18:00:15,,0.6619130825000001
2019-12-28 18:00:45,,0.6646106325
2019-12-28 19:00:15,,0.6383225350000001
2019-12-28 19:00:45,,0.58711282
2019-12-28 20:00:15,,0.5265811375000001
2019-12-28 20:00:45,,0.5643263150000003
2019-12-28 21:00:15,-0.14335,-0.14335
2019-12-28 21:00:45,,0.43689839500000016
2019-12-28 22:00:15,1.3999,1.3999
2019-12-28 22:00:45,0.22078,0.22078
2019-12-28 23:00:15,0.57256,0.57256
2019-12-28 23:00:45,0.21244,0.21244
2019-12-29 00:00:15,0.49725,0.49725
2019-12-29 00:00:45,1.4996,1.4996
2019-12-29 01:00:15,0.41432,0.41432
2019-12-29 01:00:45,0.63599,0.63599
2019-12-29 02:00:15,0.45585,0.45585
2019-12-29 02:00:45,0.54316,0.54316
2019-12-29 03:00:15,0.59295,0.59295
2019-12-29 03:00:45,0.69834,0.69834
2019-12-29 04:00:15,0.12405,0.12405
2019-12-29 04:00:45,0.43863,0.43863
2019-12-29 05:00:15,0.53058,0.53058
2019-12-29 05:00:45,0.48295,0.48295
2019-12-29 06:00:15,0.31836,0.31836
2019-12-29 06:00:45,0.35094,0.35094
2019-12-29 07:00:15,0.48486,0.48486
2019-12-29 07:00:45,0.20156,0.20156
2019-12-29 08:00:15,0.72401,0.72401
2019-12-29 08:00:45,0.01305,0.01305
2019-12-29 09:00:15,0.94946,0.94946
2019-12-29 09:00:45,1.2823,1.2823
2019-12-29 10:00:15,,0.9702795950000003
2019-12-29 10:00:45,,0.8382220925000001
2019-12-29 11:00:15,,0.856594525
2019-12-29 11:00:45,,0.9300289250000001
2019-12-29 12:00:15,,0.9718069425000002
2019-12-29 12:00:45,1.296,1.296
2019-12-29 13:00:15,1.2166,1.2166
2019-12-29 13:00:45,1.6721,1.6721
2019-12-29 14:00:15,0.2569,0.2569
2019-12-29 14:00:45,0.32681,0.32681
2019-12-29 15:00:15,0.26456,0.26456
2019-12-29 15:00:45,0.16986,0.16986
2019-12-29 16:00:15,-0.041596,-0.041596
2019-12-29 16:00:45,0.50685,0.50685
2019-12-29 17:00:15,0.38685,0.38685
2019-12-29 17:00:45,0.49417,0.49417
2019-12-29 18:00:15,0.45284,0.45284
2019-12-29 18:00:45,0.49688,0.49688
2019-12-29 19:00:15,0.52944,0.52944
2019-12-29 19:00:45,0.48134,0.48134
2019-12-29 20:00:15,0.28933,0.28933
2019-12-29 20:00:45,0.4591,0.4591
2019-12-29 21:00:15,0.43069,0.43069
2019-12-29 21:00:45,0.42249,0.42249
2019-12-29 22:00:15,0.42494,0.42494
2019-12-29 22:00:45,0.44995,0.44995
2019-12-29 23:00:15,0.47018,0.47018
2019-12-29 23:00:45,0.44107,0.44107
2019-12-30 00:00:15,0.4735,0.4735
2019-12-30 00:00:45,0.53059,0.53059
2019-12-30 01:00:15,0.45821,0.45821
2019-12-30 01:00:45,,0.467650675
2019-12-30 02:00:15,0.54307,0.54307
2019-12-30 02:00:45,0.49479,0.49479
2019-12-30 03:00:15,0.68428,0.68428
2019-12-30 03:00:45,0.42582,0.42582
2019-12-30 04:00:15,0.57948,0.57948
2019-12-30 04:00:45,0.58471,0.58471
2019-12-30 05:00:15,0.81616,0.81616
2019-12-30 05:00:45,0.45962,0.45962
2019-12-30 06:00:15,0.51435,0.51435
2019-12-30 06:00:45,0.54846,0.54846
2019-12-30 07:00:15,0.5505,0.5505
2019-12-30 07:00:45,0.38731,0.38731
2019-12-30 08:00:15,1.0353,1.0353
2019-12-30 08:00:45,1.0516,1.0516
2019-12-30 09:00:15,1.0015,1.0015
2019-12-30 09:00:45,1.3657,1.3657
2019-12-30 10:00:15,1.2702,1.2702
2019-12-30 10:00:45,0.71335,0.71335
2019-12-30 11:00:15,1.032,1.032
2019-12-30 11:00:45,1.0735,1.0735
2019-12-30 12:00:15,1.1045,1.1045
2019-12-30 12:00:45,0.97629,0.97629
2019-12-30 13:00:15,-0.19322,-0.19322
2019-12-30 13:00:45,0.00608,0.00608
2019-12-30 14:00:15,-0.14878,-0.14878
2019-12-30 14:00:45,-0.1369,-0.1369
2019-12-30 15:00:15,-0.11157,-0.11157
2019-12-30 15:00:45,-0.1082,-0.1082
2019-12-30 16:00:15,-0.13658,-0.13658
2019-12-30 16:00:45,0.000806,0.000806
2019-12-30 17:00:15,,0.026541030000000007
2019-12-30 17:00:45,,0.021499254999999995
2019-12-30 18:00:15,-0.001219,-0.001219
2019-12-30 18:00:45,0.23306,0.23306
2019-12-30 19:00:15,0.36443,0.36443
2019-12-30 19:00:45,0.3407,0.3407
2019-12-30 20:00:15,0.2533,0.2533
2019-12-30 20:00:45,0.30378,0.30378
2019-12-30 21:00:15,0.45293,0.45293
2019-12-30 21:00:45,0.40202,0.40202
2019-12-30 22:00:15,0.32678,0.32678
2019-12-30 22:00:45,,0.36414019500000006
2019-12-30 23:00:15,0.42828,0.42828
2019-12-30 23:00:45,0.32632,0.32632
2019-12-31 00:00:15,,0.39674025500000004
2019-12-31 00:00:45,0.29654,0.29654
2019-12-31 01:00:15,0.42808,0.42808
2019-12-31 01:00:45,0.10679,0.10679
2019-12-31 02:00:15,0.42302,0.42302
2019-12-31 02:00:45,0.41688,0.41688
2019-12-31 03:00:15,0.51846,0.51846
2019-12-31 03:00:45,0.81297,0.81297
2019-12-31 04:00:15,0.29004,0.29004
2019-12-31 04:00:45,0.56724,0.56724
2019-12-31 05:00:15,0.57572,0.57572
2019-12-31 05:00:45,0.53197,0.53197
2019-12-31 06:00:15,0.55264,0.55264
2019-12-31 06:00:45,0.37341,0.37341
2019-12-31 07:00:15,0.48352,0.48352
2019-12-31 07:00:45,0.35597,0.35597
2019-12-31 08:00:15,0.86663,0.86663
2019-12-31 08:00:45,0.72362,0.72362
2019-12-31 09:00:15,0.80972,0.80972
2019-12-31 09:00:45,0.85801,0.85801
2019-12-31 10:00:15,0.86105,0.86105
2019-12-31 10:00:45,0.71372,0.71372
2019-12-31 11:00:15,0.98996,0.98996
2019-12-31 11:00:45,0.67363,0.67363
2019-12-31 12:00:15,0.10593,0.10593
2019-12-31 12:00:45,-0.13618,-0.13618
2019-12-31 13:00:15,-0.41101,-0.41101
2019-12-31 13:00:45,-0.37078,-0.37078
2019-12-31 14:00:15,-0.13613,-0.13613
2019-12-31 14:00:45,-0.28394,-0.28394
2019-12-31 15:00:15,-0.010946,-0.010946
2019-12-31 15:00:45,-0.19335,-0.19335
2019-12-31 16:00:15,-0.032418,-0.032418
2019-12-31 16:00:45,-0.045189,-0.045189
2019-12-31 17:00:15,-0.014328,-0.014328
2019-12-31 17:00:45,-0.079451,-0.079451
2019-12-31 18:00:15,-0.039022,-0.039022
2019-12-31 18:00:45,0.022962,0.022962
2019-12-31 19:00:15,0.000388,0.000388
2019-12-31 19:00:45,,0.0022692199999999997
2019-12-31 20:00:15,0.023033,0.023033
2019-12-31 20:00:45,-0.096498,-0.096498
2019-12-31 21:00:15,0.07974,0.07974
2019-12-31 21:00:45,0.001994,0.001994
2019-12-31 22:00:15,0.3379,0.3379
2019-12-31 22:00:45,0.21466,0.21466
2019-12-31 23:00:15,0.28113,0.28113
2019-12-31 23:00:45,,0.3255789900000001
2020-01-01 00:00:15,0.31706,0.31706
2020-01-01 00:00:45,0.41629,0.41629
2020-01-01 01:00:15,,0.35879555749999986
2020-01-01 01:00:45,0.39225,0.39225
2020-01-01 02:00:15,0.38113,0.38113
2020-01-01 02:00:45,0.35371,0.35371
2020-01-01 03:00:15,0.32527,0.32527
2020-01-01 03:00:45,0.27805,0.27805
2020-01-01 04:00:15,1.0956,1.0956
2020-01-01 04:00:45,0.63119,0.63119
2020-01-01 05:00:15,,0.49224677499999997
2020-01-01 05:00:45,0.45344,0.45344
2020-01-01 06:00:15,0.33032,0.33032
2020-01-01 06:00:45,0.47188,0.47188
2020-01-01 07:00:15,0.5705,0.5705
2020-01-01 07:00:45,0.37908,0.37908
2020-01-01 08:00:15,0.66198,0.66198
2020-01-01 08:00:45,1.0988,1.0988
2020-01-01 09:00:15,0.95874,0.95874
2020-01-01 09:00:45,0.90714,0.90714
2020-01-01 10:00:15,0.43481,0.43481
2020-01-01 10:00:45,-0.14629,-0.14629
2020-01-01 11:00:15,-0.18738,-0.18738
2020-01-01 11:00:45,-0.12598,-0.12598
2020-01-01 12:00:15,-0.32385,-0.32385
2020-01-01 12:00:45,-0.28101,-0.28101
2020-01-01 13:00:15,-0.48421,-0.48421
2020-01-01 13:00:45,-0.47785,-0.47785
2020-01-01 14:00:15,-0.8353,-0.8353
2020-01-01 14:00:45,-0.70753,-0.70753
2020-01-01 15:00:15,-0.51326,-0.51326
2020-01-01 15:00:45,-0.062009,-0.062009
2020-01-01 16:00:15,-0.17654,-0.17654
2020-01-01 16:00:45,-0.025223,-0.025223
2020-01-01 17:00:15,-0.078931,-0.078931
2020-01-01 17:00:45,,0.019454347500000007
2020-01-01 18:00:15,-0.04484,-0.04484
2020-01-01 18:00:45,0.048213,0.048213
2020-01-01 19:00:15,0.009165,0.009165
2020-01-01 19:00:45,-0.044366,-0.044366
2020-01-01 20:00:15,0.037384,0.037384
2020-01-01 20:00:45,-0.030416,-0.030416
2020-01-01 21:00:15,-0.036159,-0.036159
2020-01-01 21:00:45,-0.048813,-0.048813
2020-01-01 22:00:15,0.036946,0.036946
2020-01-01 22:00:45,-0.011555,-0.011555
2020-01-01 23:00:15,0.28129,0.28129
2020-01-01 23:00:45,0.074218,0.074218
2020-01-02 00:00:15,0.58202,0.58202
2020-01-02 00:00:45,0.39477,0.39477
2020-01-02 01:00:15,0.46354,0.46354
2020-01-02 01:00:45,0.57198,0.57198
2020-01-02 02:00:15,0.395,0.395
2020-01-02 02:00:45,0.39036,0.39036
2020-01-02 03:00:15,0.33134,0.33134
2020-01-02 03:00:45,0.53178,0.53178
2020-01-02 04:00:15,0.40726,0.40726
2020-01-02 04:00:45,0.40211,0.40211
2020-01-02 05:00:15,0.28868,0.28868
2020-01-02 05:00:45,0.30853,0.30853
2020-01-02 06:00:15,1.2355,1.2355
2020-01-02 06:00:45,,0.7690767550000001
2020-01-02 07:00:15,0.38514,0.38514
2020-01-02 07:00:45,,0.5574423900000001
2020-01-02 08:00:15,0.65654,0.65654
2020-01-02 08:00:45,0.81386,0.81386
2020-01-02 09:00:15,-0.31832,-0.31832
2020-01-02 09:00:45,1.2278,1.2278
2020-01-02 10:00:15,,0.4926652650000001
2020-01-02 10:00:45,-0.21034,-0.21034
2020-01-02 11:00:15,-0.058448,-0.058448
2020-01-02 11:00:45,-0.28892,-0.28892
2020-01-02 12:00:15,0.12039,0.12039
2020-01-02 12:00:45,0.02727,0.02727
2020-01-02 13:00:15,0.075568,0.075568
2020-01-02 13:00:45,0.14197,0.14197
2020-01-02 14:00:15,-0.05956,-0.05956
2020-01-02 14:00:45,-0.2145,-0.2145
2020-01-02 15:00:15,0.056744,0.056744
2020-01-02 15:00:45,0.023347,0.023347
2020-01-02 16:00:15,-0.94995,-0.94995
2020-01-02 16:00:45,0.30994,0.30994
2020-01-02 17:00:15,0.30012,0.30012
2020-01-02 17:00:45,0.088053,0.088053
2020-01-02 18:00:15,0.019807,0.019807
2020-01-02 18:00:45,0.080403,0.080403
2020-01-02 19:00:15,-0.01299,-0.01299
2020-01-02 19:00:45,0.23895,0.23895
2020-01-02 20:00:15,0.37578,0.37578
2020-01-02 20:00:45,0.27091,0.27091
2020-01-02 21:00:15,0.41254,0.41254
2020-01-02 21:00:45,0.34697,0.34697
2020-01-02 22:00:15,,0.42523348750000006
2020-01-02 22:00:45,0.47115,0.47115
2020-01-02 23:00:15,0.47203,0.47203
2020-01-02 23:00:45,0.56504,0.56504
2020-01-03 00:00:15,0.512,0.512
2020-01-03 00:00:45,0.42538,0.42538
2020-01-03 01:00:15,0.11686,0.11686
2020-01-03 01:00:45,0.4299,0.4299
2020-01-03 02:00:15,0.55343,0.55343
2020-01-03 02:00:45,0.68205,0.68205
2020-01-03 03:00:15,0.49635,0.49635
2020-01-03 03:00:45,0.45337,0.45337
2020-01-03 04:00:15,0.74094,0.74094
2020-01-03 04:00:45,0.58825,0.58825
2020-01-03 05:00:15,0.53112,0.53112
2020-01-03 05:00:45,0.37689,0.37689
2020-01-03 06:00:15,0.52284,0.52284
2020-01-03 06:00:45,0.79141,0.79141
2020-01-03 07:00:15,0.72028,0.72028
2020-01-03 07:00:45,0.56088,0.56088
2020-01-03 08:00:15,1.1971,1.1971
2020-01-03 08:00:45,1.4413,1.4413
2020-01-03 09:00:15,1.1045,1.1045
2020-01-03 09:00:45,1.3727,1.3727
2020-01-03 10:00:15,-0.65427,-0.65427
2020-01-03 10:00:45,-0.16589,-0.16589
2020-01-03 11:00:15,-0.016827,-0.016827
2020-01-03 11:00:45,-0.23523,-0.23523
2020-01-03 12:00:15,-0.10001,-0.10001
2020-01-03 12:00:45,-0.40126,-0.40126
2020-01-03 13:00:15,0.014209,0.014209
2020-01-03 13:00:45,0.094173,0.094173
2020-01-03 14:00:15,0.12609,0.12609
2020-01-03 14:00:45,0.081597,0.081597
2020-01-03 15:00:15,-0.074898,-0.074898
2020-01-03 15:00:45,-0.19361,-0.19361
2020-01-03 16:00:15,-0.060451,-0.060451
2020-01-03 16:00:45,-0.004757,-0.004757
2020-01-03 17:00:15,-0.024426,-0.024426
2020-01-03 17:00:45,-0.040671,-0.040671
2020-01-03 18:00:15,0.008975,0.008975
2020-01-03 18:00:45,-0.09116,-0.09116
2020-01-03 19:00:15,,-0.0771448
2020-01-03 19:00:45,-0.15283,-0.15283
2020-01-03 20:00:15,-0.043172,-0.043172
2020-01-03 20:00:45,-0.17056,-0.17056
2020-01-03 21:00:15,0.32573,0.32573
2020-01-03 21:00:45,0.30227,0.30227
2020-01-03 22:00:15,0.362,0.362
2020-01-03 22:00:45,0.36658,0.36658
2020-01-03 23:00:15,0.31866,0.31866
2020-01-03 23:00:45,0.36046,0.36046
2020-01-04 00:00:15,0.38813,0.38813
2020-01-04 00:00:45,0.396,0.396
2020-01-04 01:00:15,0.32972,0.32972
2020-01-04 01:00:45,0.44436,0.44436
2020-01-04 02:00:15,0.43428,0.43428
2020-01-04 02:00:45,0.40597,0.40597
2020-01-04 03:00:15,0.40005,0.40005
2020-01-04 03:00:45,0.42262,0.42262
2020-01-04 04:00:15,0.31721,0.31721
2020-01-04 04:00:45,0.38762,0.38762
2020-01-04 05:00:15,0.38408,0.38408
2020-01-04 05:00:45,0.21314,0.21314
2020-01-04 06:00:15,0.43575,0.43575
2020-01-04 06:00:45,0.28871,0.28871
2020-01-04 07:00:15,0.36077,0.36077
2020-01-04 07:00:45,0.26886,0.26886
2020-01-04 08:00:15,0.6706,0.6706
2020-01-04 08:00:45,0.73115,0.73115
2020-01-04 09:00:15,-0.049467,-0.049467
2020-01-04 09:00:45,0.062064,0.062064
2020-01-04 10:00:15,-0.26937,-0.26937
2020-01-04 10:00:45,-0.6801,-0.6801
2020-01-04 11:00:15,-0.13874,-0.13874
2020-01-04 11:00:45,-0.093661,-0.093661
2020-01-04 12:00:15,0.007413,0.007413
2020-01-04 12:00:45,-0.1126,-0.1126
2020-01-04 13:00:15,-0.21123,-0.21123
2020-01-04 13:00:45,-0.56808,-0.56808
2020-01-04 14:00:15,-0.17446,-0.17446
2020-01-04 14:00:45,-0.26434,-0.26434
2020-01-04 15:00:15,-0.52835,-0.52835
2020-01-04 15:00:45,-0.55177,-0.55177
2020-01-04 16:00:15,-0.053754,-0.053754
2020-01-04 16:00:45,-0.05516,-0.05516
2020-01-04 17:00:15,-0.014607,-0.014607
2020-01-04 17:00:45,-0.12919,-0.12919
2020-01-04 18:00:15,0.00733,0.00733
2020-01-04 18:00:45,0.012483,0.012483
2020-01-04 19:00:15,-0.064098,-0.064098
2020-01-04 19:00:45,-0.034861,-0.034861
2020-01-04 20:00:15,-0.035211,-0.035211
2020-01-04 20:00:45,-0.089107,-0.089107
2020-01-04 21:00:15,-0.081252,-0.081252
2020-01-04 21:00:45,-0.046046,-0.046046
2020-01-04 22:00:15,-0.076767,-0.076767
2020-01-04 22:00:45,-0.014279,-0.014279
2020-01-04 23:00:15,-0.088522,-0.088522
2020-01-04 23:00:45,-0.027395,-0.027395
2020-01-05 00:00:15,0.002064,0.002064
2020-01-05 00:00:45,-0.025708,-0.025708
2020-01-05 01:00:15,-0.009727,-0.009727
2020-01-05 01:00:45,-0.034762,-0.034762
2020-01-05 02:00:15,0.034055,0.034055
2020-01-05 02:00:45,-0.13582,-0.13582
2020-01-05 03:00:15,0.40377,0.40377
2020-01-05 03:00:45,0.27996,0.27996
2020-01-05 04:00:15,,0.36199811
2020-01-05 04:00:45,0.32293,0.32293
2020-01-05 05:00:15,0.22886,0.22886
2020-01-05 05:00:45,0.38833,0.38833
2020-01-05 06:00:15,0.37576,0.37576
2020-01-05 06:00:45,0.32243,0.32243
2020-01-05 07:00:15,0.28954,0.28954
2020-01-05 07:00:45,0.36733,0.36733
2020-01-05 08:00:15,0.85636,0.85636
2020-01-05 08:00:45,-0.48296,-0.48296
2020-01-05 09:00:15,0.24736,0.24736
2020-01-05 09:00:45,-0.029507,-0.029507
2020-01-05 10:00:15,0.18464,0.18464
2020-01-05 10:00:45,-0.37189,-0.37189
2020-01-05 11:00:15,-0.85649,-0.85649
2020-01-05 11:00:45,-0.30653,-0.30653
2020-01-05 12:00:15,-0.4786,-0.4786
2020-01-05 12:00:45,0.27286,0.27286
2020-01-05 13:00:15,-0.6086,-0.6086
2020-01-05 13:00:45,-0.41387,-0.41387
2020-01-05 14:00:15,-0.1873,-0.1873
2020-01-05 14:00:45,-0.55858,-0.55858
2020-01-05 15:00:15,-0.21736,-0.21736
2020-01-05 15:00:45,-0.026107,-0.026107
2020-01-05 16:00:15,-0.053359,-0.053359
2020-01-05 16:00:45,-0.024964,-0.024964
2020-01-05 17:00:15,0.18955,0.18955
2020-01-05 17:00:45,-0.13451,-0.13451
2020-01-05 18:00:15,-0.078809,-0.078809
2020-01-05 18:00:45,0.004535,0.004535
2020-01-05 19:00:15,-0.045431,-0.045431
2020-01-05 19:00:45,-0.043727,-0.043727
2020-01-05 20:00:15,-0.037153,-0.037153
2020-01-05 20:00:45,0.031504,0.031504
2020-01-05 21:00:15,0.004169,0.004169
2020-01-05 21:00:45,,-0.053321672499999986
2020-01-05 22:00:15,-0.11336,-0.11336
2020-01-05 22:00:45,-0.03773,-0.03773
2020-01-05 23:00:15,0.022945,0.022945
2020-01-05 23:00:45,0.036818,0.036818
2020-01-06 00:00:15,-0.016208,-0.016208
2020-01-06 00:00:45,-0.067247,-0.067247
2020-01-06 01:00:15,0.017001,0.017001
2020-01-06 01:00:45,0.42974,0.42974
2020-01-06 02:00:15,-0.018727,-0.018727
2020-01-06 02:00:45,-0.10902,-0.10902
2020-01-06 03:00:15,0.023817,0.023817
2020-01-06 03:00:45,0.17077,0.17077
2020-01-06 04:00:15,0.34766,0.34766
2020-01-06 04:00:45,0.52234,0.52234
2020-01-06 05:00:15,0.45391,0.45391
2020-01-06 05:00:45,0.50997,0.50997
2020-01-06 06:00:15,0.38638,0.38638
2020-01-06 06:00:45,0.47076,0.47076
2020-01-06 07:00:15,0.48099,0.48099
2020-01-06 07:00:45,0.48492,0.48492
2020-01-06 08:00:15,-0.012909,-0.012909
2020-01-06 08:00:45,0.031926,0.031926
2020-01-06 09:00:15,-0.019142,-0.019142
2020-01-06 09:00:45,-0.34155,-0.34155
2020-01-06 10:00:15,-0.043521,-0.043521
2020-01-06 10:00:45,-0.034838,-0.034838
2020-01-06 11:00:15,-0.11903,-0.11903
2020-01-06 11:00:45,-0.005892,-0.005892
2020-01-06 12:00:15,-0.013513,-0.013513
2020-01-06 12:00:45,-0.19465,-0.19465
2020-01-06 13:00:15,-0.020309,-0.020309
2020-01-06 13:00:45,0.30981,0.30981
2020-01-06 14:00:15,0.20261,0.20261
2020-01-06 14:00:45,0.35109,0.35109
2020-01-06 15:00:15,0.52487,0.52487
2020-01-06 15:00:45,0.47209,0.47209
2020-01-06 16:00:15,0.078783,0.078783
2020-01-06 16:00:45,0.24948,0.24948
2020-01-06 17:00:15,0.073895,0.073895
2020-01-06 17:00:45,-0.046016,-0.046016
2020-01-06 18:00:15,-0.12152,-0.12152
2020-01-06 18:00:45,-0.086755,-0.086755
2020-01-06 19:00:15,-0.15428,-0.15428
2020-01-06 19:00:45,-0.068659,-0.068659
2020-01-06 20:00:15,-0.09883,-0.09883
2020-01-06 20:00:45,-0.037805,-0.037805
2020-01-06 21:00:15,0.37328,0.37328
2020-01-06 21:00:45,0.39509,0.39509
2020-01-06 22:00:15,0.31296,0.31296
2020-01-06 22:00:45,0.37235,0.37235
2020-01-06 23:00:15,0.29046,0.29046
2020-01-06 23:00:45,0.40629,0.40629
2020-01-07 00:00:15,,0.31197612249999995
2020-01-07 00:00:45,0.30192,0.30192
2020-01-07 01:00:15,0.33096,0.33096
2020-01-07 01:00:45,,0.355628575
2020-01-07 02:00:15,0.40237,0.40237
2020-01-07 02:00:45,0.24786,0.24786
2020-01-07 03:00:15,0.47572,0.47572
2020-01-07 03:00:45,0.21066,0.21066
2020-01-07 04:00:15,0.38772,0.38772
2020-01-07 04:00:45,0.41914,0.41914
2020-01-07 05:00:15,0.36164,0.36164
2020-01-07 05:00:45,0.40996,0.40996
2020-01-07 06:00:15,0.32508,0.32508
2020-01-07 06:00:45,0.1354,0.1354
2020-01-07 07:00:15,0.21808,0.21808
2020-01-07 07:00:45,0.56149,0.56149
2020-01-07 08:00:15,-0.48183,-0.48183
2020-01-07 08:00:45,-0.73837,-0.73837
2020-01-07 09:00:15,0.66792,0.66792
2020-01-07 09:00:45,-0.16698,-0.16698
2020-01-07 10:00:15,-0.14849,-0.14849
2020-01-07 10:00:45,-0.4167,-0.4167
2020-01-07 11:00:15,-0.29138,-0.29138
2020-01-07 11:00:45,-0.35479,-0.35479
2020-01-07 12:00:15,-0.67534,-0.67534
2020-01-07 12:00:45,-0.41959,-0.41959
2020-01-07 13:00:15,-0.298,-0.298
2020-01-07 13:00:45,-0.091242,-0.091242
2020-01-07 14:00:15,-0.14716,-0.14716
2020-01-07 14:00:45,-0.33213,-0.33213
2020-01-07 15:00:15,-0.23179,-0.23179
2020-01-07 15:00:45,-0.2019,-0.2019
2020-01-07 16:00:15,-0.071626,-0.071626
2020-01-07 16:00:45,-0.033339,-0.033339
2020-01-07 17:00:15,-0.036099,-0.036099
2020-01-07 17:00:45,0.065197,0.065197
2020-01-07 18:00:15,0.029463,0.029463
2020-01-07 18:00:45,0.1218,0.1218
2020-01-07 19:00:15,-0.003772,-0.003772
2020-01-07 19:00:45,0.03362,0.03362
2020-01-07 20:00:15,-0.002052,-0.002052
2020-01-07 20:00:45,-0.028693,-0.028693
2020-01-07 21:00:15,-0.090587,-0.090587
2020-01-07 21:00:45,-0.049193,-0.049193
2020-01-07 22:00:15,-0.035392,-0.035392
2020-01-07 22:00:45,-0.11522,-0.11522
2020-01-07 23:00:15,-0.084179,-0.084179
2020-01-07 23:00:45,-0.022701,-0.022701
2020-01-08 00:00:15,-0.042921,-0.042921
2020-01-08 00:00:45,-0.028834,-0.028834
2020-01-08 01:00:15,0.095269,0.095269
2020-01-08 01:00:45,-0.040797,-0.040797
2020-01-08 02:00:15,-0.008988,-0.008988
2020-01-08 02:00:45,-0.005082,-0.005082
2020-01-08 03:00:15,0.42373,0.42373
2020-01-08 03:00:45,0.57277,0.57277
2020-01-08 04:00:15,0.37324,0.37324
2020-01-08 04:00:45,,0.37989430999999985
2020-01-08 05:00:15,,0.40352140749999976
2020-01-08 05:00:45,0.40445,0.40445
2020-01-08 06:00:15,,0.3974140224999999
2020-01-08 06:00:45,0.41095,0.41095
2020-01-08 07:00:15,0.41857,0.41857
2020-01-08 07:00:45,,0.38117755
2020-01-08 08:00:15,1.421,1.421
2020-01-08 08:00:45,,0.8276440724999999
2020-01-08 09:00:15,,0.10382118750000001
2020-01-08 09:00:45,-0.7143,-0.7143
2020-01-08 10:00:15,-1.2842,-1.2842
2020-01-08 10:00:45,0.97093,0.97093
2020-01-08 11:00:15,-0.91216,-0.91216
2020-01-08 11:00:45,-0.25954,-0.25954
2020-01-08 12:00:15,-0.90164,-0.90164
2020-01-08 12:00:45,-0.58304,-0.58304
2020-01-08 13:00:15,-0.53554,-0.53554
2020-01-08 13:00:45,-0.39122,-0.39122
2020-01-08 14:00:15,-0.076655,-0.076655
2020-01-08 14:00:45,-0.23266,-0.23266
2020-01-08 15:00:15,-0.08961,-0.08961
2020-01-08 15:00:45,0.085811,0.085811
2020-01-08 16:00:15,0.13942,0.13942
2020-01-08 16:00:45,0.15225,0.15225
2020-01-08 17:00:15,0.21544,0.21544
2020-01-08 17:00:45,0.19547,0.19547
2020-01-08 18:00:15,0.10133,0.10133
2020-01-08 18:00:45,0.004938,0.004938
2020-01-08 19:00:15,0.020559,0.020559
2020-01-08 19:00:45,-0.006292,-0.006292
2020-01-08 20:00:15,0.037941,0.037941
2020-01-08 20:00:45,-0.014875,-0.014875
2020-01-08 21:00:15,-0.04114,-0.04114
2020-01-08 21:00:45,0.12795,0.12795
2020-01-08 22:00:15,0.49345,0.49345
2020-01-08 22:00:45,-0.065797,-0.065797
2020-01-08 23:00:15,-0.033282,-0.033282
2020-01-08 23:00:45,0.000548,0.000548
2020-01-09 00:00:15,-0.068604,-0.068604
2020-01-09 00:00:45,-0.025606,-0.025606
2020-01-09 01:00:15,-0.10612,-0.10612
2020-01-09 01:00:45,-0.072373,-0.072373
2020-01-09 02:00:15,,-0.025063577499999996
2020-01-09 02:00:45,,0.0055638200000000014
2020-01-09 03:00:15,-0.13057,-0.13057
2020-01-09 03:00:45,-0.14792,-0.14792
2020-01-09 04:00:15,0.026432,0.026432
2020-01-09 04:00:45,0.19916,0.19916
2020-01-09 05:00:15,0.078258,0.078258
2020-01-09 05:00:45,0.017723,0.017723
2020-01-09 06:00:15,-0.017378,-0.017378
2020-01-09 06:00:45,0.47856,0.47856
2020-01-09 07:00:15,,0.0827582775
2020-01-09 07:00:45,0.25857,0.25857
2020-01-09 08:00:15,-0.090619,-0.090619
2020-01-09 08:00:45,-0.402,-0.402
2020-01-09 09:00:15,-0.72893,-0.72893
2020-01-09 09:00:45,-0.1091,-0.1091
2020-01-09 10:00:15,-0.16689,-0.16689
2020-01-09 10:00:45,-0.12523,-0.12523
2020-01-09 11:00:15,-0.2137,-0.2137
2020-01-09 11:00:45,-0.18445,-0.18445
2020-01-09 12:00:15,-0.21716,-0.21716
2020-01-09 12:00:45,-0.082532,-0.082532
2020-01-09 13:00:15,-0.11054,-0.11054
2020-01-09 13:00:45,0.026437,0.026437
2020-01-09 14:00:15,0.27252,0.27252
2020-01-09 14:00:45,-0.010385,-0.010385
2020-01-09 15:00:15,0.12329,0.12329
2020-01-09 15:00:45,0.0781,0.0781
2020-01-09 16:00:15,0.004841,0.004841
2020-01-09 16:00:45,0.00038,0.00038
2020-01-09 17:00:15,-0.032233,-0.032233
2020-01-09 17:00:45,0.05928,0.05928
2020-01-09 18:00:15,0.080602,0.080602
2020-01-09 18:00:45,-0.066185,-0.066185
2020-01-09 19:00:15,-0.092913,-0.092913
2020-01-09 19:00:45,-0.030375,-0.030375
2020-01-09 20:00:15,-0.057597,-0.057597
2020-01-09 20:00:45,-0.046738,-0.046738
2020-01-09 21:00:15,0.041678,0.041678
2020-01-09 21:00:45,0.047284,0.047284
2020-01-09 22:00:15,0.10632,0.10632
2020-01-09 22:00:45,,0.038474892499999996
2020-01-09 23:00:15,0.014557,0.014557
2020-01-09 23:00:45,-0.009452,-0.009452
2020-01-10 00:00:15,-0.11124,-0.11124
2020-01-10 00:00:45,-0.14166,-0.14166
2020-01-10 01:00:15,-0.005646,-0.005646
2020-01-10 01:00:45,1.3108,1.3108
2020-01-10 02:00:15,-0.077204,-0.077204
2020-01-10 02:00:45,,0.27154589500000004
2020-01-10 03:00:15,,0.38058819
2020-01-10 03:00:45,,0.646352225
2020-01-10 04:00:15,,0.7184921175000001
2020-01-10 04:00:45,,0.728702285
2020-01-10 05:00:15,,0.7652028449999999
2020-01-10 05:00:45,,0.6986054725
2020-01-10 06:00:15,,0.6413711175
2020-01-10 06:00:45,,0.6090879149999999
2020-01-10 07:00:15,,0.5402099325
2020-01-10 07:00:45,,0.57525007
2020-01-10 08:00:15,,0.6256602850000003
2020-01-10 08:00:45,,0.23421962250000003
2020-01-10 09:00:15,,0.7141786400000001
2020-01-10 09:00:45,,0.7642155275
2020-01-10 10:00:15,,0.7901201625000001
2020-01-10 10:00:45,,0.29631585499999996
2020-01-10 11:00:15,,0.530777255
2020-01-10 11:00:45,0.45963,0.45963
2020-01-10 12:00:15,0.28264,0.28264
2020-01-10 12:00:45,1.0342,1.0342
2020-01-10 13:00:15,0.70748,0.70748
2020-01-10 13:00:45,0.79587,0.79587
2020-01-10 14:00:15,0.83486,0.83486
2020-01-10 14:00:45,0.97683,0.97683
2020-01-10 15:00:15,1.0696,1.0696
2020-01-10 15:00:45,1.0456,1.0456
2020-01-10 16:00:15,0.80048,0.80048
2020-01-10 16:00:45,0.4112,0.4112
2020-01-10 17:00:15,0.21315,0.21315
2020-01-10 17:00:45,-0.002611,-0.002611
2020-01-10 18:00:15,-0.003244,-0.003244
2020-01-10 18:00:45,-0.064876,-0.064876
2020-01-10 19:00:15,0.41392,0.41392
2020-01-10 19:00:45,0.55214,0.55214
2020-01-10 20:00:15,0.42871,0.42871
2020-01-10 20:00:45,0.3666,0.3666
2020-01-10 21:00:15,0.43853,0.43853
2020-01-10 21:00:45,0.38249,0.38249
2020-01-10 22:00:15,0.37845,0.37845
2020-01-10 22:00:45,0.36551,0.36551
2020-01-10 23:00:15,0.31932,0.31932
2020-01-10 23:00:45,0.27687,0.27687
2020-01-11 00:00:15,0.26263,0.26263
2020-01-11 00:00:45,0.57426,0.57426
2020-01-11 01:00:15,0.3595,0.3595
2020-01-11 01:00:45,0.39282,0.39282
2020-01-11 02:00:15,0.42783,0.42783
2020-01-11 02:00:45,0.15064,0.15064
2020-01-11 03:00:15,0.38853,0.38853
2020-01-11 03:00:45,0.61044,0.61044
2020-01-11 04:00:15,0.48208,0.48208
2020-01-11 04:00:45,0.49704,0.49704
2020-01-11 05:00:15,0.54005,0.54005
2020-01-11 05:00:45,0.50154,0.50154
2020-01-11 06:00:15,0.55591,0.55591
2020-01-11 06:00:45,0.5387,0.5387
2020-01-11 07:00:15,0.47202,0.47202
2020-01-11 07:00:45,0.27431,0.27431
2020-01-11 08:00:15,0.34525,0.34525
2020-01-11 08:00:45,-0.14522,-0.14522
2020-01-11 09:00:15,0.24292,0.24292
2020-01-11 09:00:45,-0.16316,-0.16316
2020-01-11 10:00:15,0.65777,0.65777
2020-01-11 10:00:45,-0.61881,-0.61881
2020-01-11 11:00:15,-0.78399,-0.78399
2020-01-11 11:00:45,-0.96354,-0.96354
2020-01-11 12:00:15,-0.93113,-0.93113
2020-01-11 12:00:45,-1.0922,-1.0922
2020-01-11 13:00:15,-0.82259,-0.82259
2020-01-11 13:00:45,-0.61472,-0.61472
2020-01-11 14:00:15,-0.49591,-0.49591
2020-01-11 14:00:45,-0.55894,-0.55894
2020-01-11 15:00:15,-0.3257,-0.3257
2020-01-11 15:00:45,-0.10778,-0.10778
2020-01-11 16:00:15,-0.017108,-0.017108
2020-01-11 16:00:45,0.11742,0.11742
2020-01-11 17:00:15,0.2015,0.2015
2020-01-11 17:00:45,0.12085,0.12085
2020-01-11 18:00:15,0.063762,0.063762
2020-01-11 18:00:45,0.17067,0.17067
2020-01-11 19:00:15,0.16336,0.16336
2020-01-11 19:00:45,0.16941,0.16941
2020-01-11 20:00:15,0.12324,0.12324
2020-01-11 20:00:45,0.059649,0.059649
2020-01-11 21:00:15,-0.075591,-0.075591
2020-01-11 21:00:45,-0.0452,-0.0452
2020-01-11 22:00:15,0.1109,0.1109
2020-01-11 22:00:45,0.091574,0.091574
2020-01-11 23:00:15,0.1082,0.1082
2020-01-11 23:00:45,0.020102,0.020102
2020-01-12 00:00:15,0.062798,0.062798
2020-01-12 00:00:45,0.038117,0.038117
2020-01-12 01:00:15,-0.12681,-0.12681
2020-01-12 01:00:45,-0.10779,-0.10779
2020-01-12 02:00:15,,0.03201152
2020-01-12 02:00:45,-0.10689,-0.10689
2020-01-12 03:00:15,-0.034923,-0.034923
2020-01-12 03:00:45,0.21616,0.21616
2020-01-12 04:00:15,0.054953,0.054953
2020-01-12 04:00:45,,-0.014947337499999998
2020-01-12 05:00:15,,-0.007960685
2020-01-12 05:00:45,-0.045669,-0.045669
2020-01-12 06:00:15,0.12736,0.12736
2020-01-12 06:00:45,0.33376,0.33376
2020-01-12 07:00:15,0.38424,0.38424
2020-01-12 07:00:45,-0.003683,-0.003683
2020-01-12 08:00:15,-0.081142,-0.081142
2020-01-12 08:00:45,-0.037325,-0.037325
2020-01-12 09:00:15,-0.20137,-0.20137
2020-01-12 09:00:45,-0.23882,-0.23882
2020-01-12 10:00:15,-0.28698,-0.28698
2020-01-12 10:00:45,-0.32787,-0.32787
2020-01-12 11:00:15,-0.33603,-0.33603
2020-01-12 11:00:45,0.87756,0.87756
2020-01-12 12:00:15,-0.079838,-0.079838
2020-01-12 12:00:45,-0.44281,-0.44281
2020-01-12 13:00:15,-0.63128,-0.63128
2020-01-12 13:00:45,-0.48612,-0.48612
2020-01-12 14:00:15,-0.47038,-0.47038
2020-01-12 14:00:45,-0.38236,-0.38236
2020-01-12 15:00:15,-0.38367,-0.38367
2020-01-12 15:00:45,-0.31014,-0.31014
2020-01-12 16:00:15,-0.14102,-0.14102
2020-01-12 16:00:45,-0.03054,-0.03054
2020-01-12 17:00:15,0.09805,0.09805
2020-01-12 17:00:45,-0.040042,-0.040042
2020-01-12 18:00:15,-0.014924,-0.014924
2020-01-12 18:00:45,-0.081427,-0.081427
2020-01-12 19:00:15,-0.12492,-0.12492
2020-01-12 19:00:45,0.005459,0.005459
2020-01-12 20:00:15,-0.086626,-0.086626
2020-01-12 20:00:45,0.14168,0.14168
2020-01-12 21:00:15,-0.13098,-0.13098
2020-01-12 21:00:45,-0.069792,-0.069792
2020-01-12 22:00:15,-0.15623,-0.15623
2020-01-12 22:00:45,-0.022553,-0.022553
2020-01-12 23:00:15,-0.092527,-0.092527
2020-01-12 23:00:45,-0.13424,-0.13424
2020-01-13 00:00:15,-0.18214,-0.18214
2020-01-13 00:00:45,-0.10857,-0.10857
2020-01-13 01:00:15,-0.082495,-0.082495
2020-01-13 01:00:45,0.125,0.125
2020-01-13 02:00:15,,-0.022704907500000003
2020-01-13 02:00:45,0.2884,0.2884
2020-01-13 03:00:15,,0.020869922499999995
2020-01-13 03:00:45,-0.061938,-0.061938
2020-01-13 04:00:15,0.089557,0.089557
2020-01-13 04:00:45,-0.039107,-0.039107
2020-01-13 05:00:15,-0.057314,-0.057314
2020-01-13 05:00:45,-0.11958,-0.11958
2020-01-13 06:00:15,-0.13067,-0.13067
2020-01-13 06:00:45,-0.12844,-0.12844
2020-01-13 07:00:15,-0.079767,-0.079767
2020-01-13 07:00:45,-0.081005,-0.081005
2020-01-13 08:00:15,-0.53336,-0.53336
2020-01-13 08:00:45,-0.1502,-0.1502
2020-01-13 09:00:15,-0.19391,-0.19391
2020-01-13 09:00:45,-0.16949,-0.16949
2020-01-13 10:00:15,-0.39264,-0.39264
2020-01-13 10:00:45,-0.44275,-0.44275
2020-01-13 11:00:15,-0.44118,-0.44118
2020-01-13 11:00:45,-0.62351,-0.62351
2020-01-13 12:00:15,-0.47576,-0.47576
2020-01-13 12:00:45,-0.36208,-0.36208
2020-01-13 13:00:15,-0.13992,-0.13992
2020-01-13 13:00:45,0.023397,0.023397
2020-01-13 14:00:15,0.017009,0.017009
2020-01-13 14:00:45,-0.096849,-0.096849
2020-01-13 15:00:15,0.092213,0.092213
2020-01-13 15:00:45,0.062801,0.062801
2020-01-13 16:00:15,-0.012855,-0.012855
2020-01-13 16:00:45,0.14641,0.14641
2020-01-13 17:00:15,0.027796,0.027796
2020-01-13 17:00:45,0.003589,0.003589
2020-01-13 18:00:15,-0.004009,-0.004009
2020-01-13 18:00:45,-0.18263,-0.18263
2020-01-13 19:00:15,-0.04363,-0.04363
2020-01-13 19:00:45,-0.18522,-0.18522
2020-01-13 20:00:15,-0.17303,-0.17303
2020-01-13 20:00:45,-0.11887,-0.11887
2020-01-13 21:00:15,-0.10213,-0.10213
2020-01-13 21:00:45,-0.13343,-0.13343
2020-01-13 22:00:15,-0.1145,-0.1145
2020-01-13 22:00:45,-0.03846,-0.03846
2020-01-13 23:00:15,0.005018,0.005018
2020-01-13 23:00:45,0.12035,0.12035
2020-01-14 00:00:15,-0.026132,-0.026132
2020-01-14 00:00:45,0.006439,0.006439
2020-01-14 01:00:15,-0.048774,-0.048774
2020-01-14 01:00:45,-0.041498,-0.041498
2020-01-14 02:00:15,-0.11217,-0.11217
2020-01-14 02:00:45,-0.003248,-0.003248
2020-01-14 03:00:15,-0.074076,-0.074076
2020-01-14 03:00:45,-0.041929,-0.041929
2020-01-14 04:00:15,-0.039883,-0.039883
2020-01-14 04:00:45,-0.041137,-0.041137
2020-01-14 05:00:15,0.52612,0.52612
2020-01-14 05:00:45,0.52435,0.52435
2020-01-14 06:00:15,0.32824,0.32824
2020-01-14 06:00:45,0.37409,0.37409
2020-01-14 07:00:15,0.16703,0.16703
2020-01-14 07:00:45,,0.3738259999999999
2020-01-14 08:00:15,,0.460772435
2020-01-14 08:00:45,-0.14307,-0.14307
2020-01-14 09:00:15,-0.96688,-0.96688
2020-01-14 09:00:45,,-0.3331068499999999
2020-01-14 10:00:15,-0.55841,-0.55841
2020-01-14 10:00:45,0.94079,0.94079
2020-01-14 11:00:15,0.36205,0.36205
2020-01-14 11:00:45,-0.56753,-0.56753
2020-01-14 12:00:15,-0.41304,-0.41304
2020-01-14 12:00:45,-0.38201,-0.38201
2020-01-14 13:00:15,-0.46658,-0.46658
2020-01-14 13:00:45,-0.10515,-0.10515
2020-01-14 14:00:15,-0.24081,-0.24081
2020-01-14 14:00:45,-0.23233,-0.23233
2020-01-14 15:00:15,-0.095961,-0.095961
2020-01-14 15:00:45,0.089207,0.089207
2020-01-14 16:00:15,0.14878,0.14878
2020-01-14 16:00:45,0.26227,0.26227
2020-01-14 17:00:15,0.15179,0.15179
2020-01-14 17:00:45,0.03488,0.03488
2020-01-14 18:00:15,-0.030149,-0.030149
2020-01-14 18:00:45,-0.018412,-0.018412
2020-01-14 19:00:15,0.013673,0.013673
2020-01-14 19:00:45,0.062254,0.062254
2020-01-14 20:00:15,0.003694,0.003694
2020-01-14 20:00:45,-0.007565,-0.007565
2020-01-14 21:00:15,-0.10098,-0.10098
2020-01-14 21:00:45,-0.024794,-0.024794
2020-01-14 22:00:15,-0.056093,-0.056093
2020-01-14 22:00:45,-0.14311,-0.14311
2020-01-14 23:00:15,-0.040494,-0.040494
2020-01-14 23:00:45,,-0.017602174999999994
2020-01-15 00:00:15,-0.025485,-0.025485
2020-01-15 00:00:45,-0.077441,-0.077441
2020-01-15 01:00:15,-0.055129,-0.055129
2020-01-15 01:00:45,-0.057623,-0.057623
2020-01-15 02:00:15,-0.077069,-0.077069
2020-01-15 02:00:45,-0.093057,-0.093057
2020-01-15 03:00:15,-0.00983,-0.00983
2020-01-15 03:00:45,,-0.0017251749999999933
2020-01-15 04:00:15,-0.091038,-0.091038
2020-01-15 04:00:45,-0.016712,-0.016712
2020-01-15 05:00:15,0.001101,0.001101
2020-01-15 05:00:45,-0.11744,-0.11744
2020-01-15 06:00:15,0.51716,0.51716
2020-01-15 06:00:45,-0.03393,-0.03393
2020-01-15 07:00:15,-0.024876,-0.024876
2020-01-15 07:00:45,-0.13326,-0.13326
2020-01-15 08:00:15,0.047654,0.047654
2020-01-15 08:00:45,-0.30124,-0.30124
2020-01-15 09:00:15,0.17524,0.17524
2020-01-15 09:00:45,0.33313,0.33313
2020-01-15 10:00:15,-0.18881,-0.18881
2020-01-15 10:00:45,-0.056531,-0.056531
2020-01-15 11:00:15,,0.06295355
2020-01-15 11:00:45,0.7056,0.7056
2020-01-15 12:00:15,0.11786,0.11786
2020-01-15 12:00:45,0.17171,0.17171
2020-01-15 13:00:15,0.053803,0.053803
2020-01-15 13:00:45,0.80904,0.80904
2020-01-15 14:00:15,0.010261,0.010261
2020-01-15 14:00:45,-0.018659,-0.018659
2020-01-15 15:00:15,0.18956,0.18956
2020-01-15 15:00:45,0.040029,0.040029
2020-01-15 16:00:15,0.005206,0.005206
2020-01-15 16:00:45,-0.00166,-0.00166
2020-01-15 17:00:15,,-0.05979507249999999
2020-01-15 17:00:45,-0.031857,-0.031857
2020-01-15 18:00:15,,0.021518125000000006
2020-01-15 18:00:45,-0.009699,-0.009699
2020-01-15 19:00:15,-0.077447,-0.077447
2020-01-15 19:00:45,-0.17867,-0.17867
2020-01-15 20:00:15,0.10808,0.10808
2020-01-15 20:00:45,0.1294,0.1294
2020-01-15 21:00:15,0.17736,0.17736
2020-01-15 21:00:45,0.19716,0.19716
2020-01-15 22:00:15,0.23061,0.23061
2020-01-15 22:00:45,0.31099,0.31099
2020-01-15 23:00:15,0.14146,0.14146
2020-01-15 23:00:45,,0.07283598500000003
2020-01-16 00:00:15,0.16881,0.16881
2020-01-16 00:00:45,0.37398,0.37398
2020-01-16 01:00:15,0.47315,0.47315
2020-01-16 01:00:45,-0.092016,-0.092016
2020-01-16 02:00:15,0.31337,0.31337
2020-01-16 02:00:45,0.79858,0.79858
2020-01-16 03:00:15,-0.077408,-0.077408
2020-01-16 03:00:45,0.084423,0.084423
2020-01-16 04:00:15,,0.06052028500000001
2020-01-16 04:00:45,0.16566,0.16566
2020-01-16 05:00:15,-0.060837,-0.060837
2020-01-16 05:00:45,0.02665,0.02665
2020-01-16 06:00:15,-0.10319,-0.10319
2020-01-16 06:00:45,0.024324,0.024324
2020-01-16 07:00:15,0.020408,0.020408
2020-01-16 07:00:45,-0.16225,-0.16225
2020-01-16 08:00:15,-0.218,-0.218
2020-01-16 08:00:45,-0.27233,-0.27233
2020-01-16 09:00:15,-0.27317,-0.27317
2020-01-16 09:00:45,-0.15599,-0.15599
2020-01-16 10:00:15,0.056303,0.056303
2020-01-16 10:00:45,,0.02266744000000001
2020-01-16 11:00:15,-0.073401,-0.073401
2020-01-16 11:00:45,,-0.1893756
2020-01-16 12:00:15,-0.44494,-0.44494
2020-01-16 12:00:45,,-0.04975456499999998
2020-01-16 13:00:15,,-0.13756044500000003
2020-01-16 13:00:45,,-0.147043085
2020-01-16 14:00:15,,-0.18353500250000002
2020-01-16 14:00:45,,0.23589269249999992
2020-01-16 15:00:15,,0.13247761
2020-01-16 15:00:45,,0.0017038975000000182
2020-01-16 16:00:15,,-0.033303225
2020-01-16 16:00:45,,0.038552699999999995
2020-01-16 17:00:15,,0.275007365
2020-01-16 17:00:45,,0.49775984749999996
2020-01-16 18:00:15,,0.34923648999999996
2020-01-16 18:00:45,,0.28393572249999993
2020-01-16 19:00:15,,-0.054097882500000014
2020-01-16 19:00:45,,0.3059379124999999
2020-01-16 20:00:15,,0.21335399749999992
2020-01-16 20:00:45,-0.14235,-0.14235
2020-01-16 21:00:15,-0.17729,-0.17729
2020-01-16 21:00:45,,-0.09462022999999997
2020-01-16 22:00:15,-0.19826,-0.19826
2020-01-16 22:00:45,,0.1995394124999999
2020-01-16 23:00:15,,-0.04480717000000001
2020-01-16 23:00:45,-0.021616,-0.021616
2020-01-17 00:00:15,-0.019124,-0.019124
2020-01-17 00:00:45,-0.06083,-0.06083
2020-01-17 01:00:15,-0.05322,-0.05322
2020-01-17 01:00:45,-0.12756,-0.12756
2020-01-17 02:00:15,-0.14149,-0.14149
2020-01-17 02:00:45,,-0.08376533999999995
2020-01-17 03:00:15,0.001082,0.001082
2020-01-17 03:00:45,-0.096318,-0.096318
2020-01-17 04:00:15,,-0.03688639250000001
2020-01-17 04:00:45,-0.14895,-0.14895
2020-01-17 05:00:15,,-0.03564994749999999
2020-01-17 05:00:45,,-0.04531181250000002
2020-01-17 06:00:15,,0.35333205
2020-01-17 06:00:45,0.23619,0.23619
2020-01-17 07:00:15,0.2391,0.2391
2020-01-17 07:00:45,0.032127,0.032127
2020-01-17 08:00:15,-0.10929,-0.10929
2020-01-17 08:00:45,-0.34973,-0.34973
2020-01-17 09:00:15,-0.33523,-0.33523
2020-01-17 09:00:45,-0.49828,-0.49828
2020-01-17 10:00:15,-0.56984,-0.56984
2020-01-17 10:00:45,-0.2937,-0.2937
2020-01-17 11:00:15,-0.21396,-0.21396
2020-01-17 11:00:45,-0.37985,-0.37985
2020-01-17 12:00:15,0.28217,0.28217
2020-01-17 12:00:45,0.24403,0.24403
2020-01-17 13:00:15,-0.32825,-0.32825
2020-01-17 13:00:45,0.49811,0.49811
2020-01-17 14:00:15,,0.32142885250000003
2020-01-17 14:00:45,0.29673,0.29673
2020-01-17 15:00:15,-0.054971,-0.054971
2020-01-17 15:00:45,0.034303,0.034303
2020-01-17 16:00:15,0.10101,0.10101
2020-01-17 16:00:45,0.21806,0.21806
2020-01-17 17:00:15,0.31141,0.31141
2020-01-17 17:00:45,0.081759,0.081759
2020-01-17 18:00:15,0.51469,0.51469
2020-01-17 18:00:45,0.31432,0.31432
2020-01-17 19:00:15,0.24197,0.24197
2020-01-17 19:00:45,-0.033196,-0.033196
2020-01-17 20:00:15,0.096691,0.096691
2020-01-17 20:00:45,-0.11562,-0.11562
2020-01-17 21:00:15,0.33079,0.33079
2020-01-17 21:00:45,0.2454,0.2454
2020-01-17 22:00:15,0.39411,0.39411
2020-01-17 22:00:45,0.15785,0.15785
2020-01-17 23:00:15,0.024441,0.024441
2020-01-17 23:00:45,,-0.00961874
2020-01-18 00:00:15,0.46899,0.46899
2020-01-18 00:00:45,0.44922,0.44922
2020-01-18 01:00:15,0.31839,0.31839
2020-01-18 01:00:45,0.3209,0.3209
2020-01-18 02:00:15,0.38003,0.38003
2020-01-18 02:00:45,0.40494,0.40494
2020-01-18 03:00:15,0.31073,0.31073
2020-01-18 03:00:45,0.44496,0.44496
2020-01-18 04:00:15,0.30728,0.30728
2020-01-18 04:00:45,0.39752,0.39752
2020-01-18 05:00:15,0.23424,0.23424
2020-01-18 05:00:45,0.27502,0.27502
2020-01-18 06:00:15,0.33422,0.33422
2020-01-18 06:00:45,0.44583,0.44583
2020-01-18 07:00:15,0.36931,0.36931
2020-01-18 07:00:45,0.22552,0.22552
2020-01-18 08:00:15,0.98959,0.98959
2020-01-18 08:00:45,0.86431,0.86431
2020-01-18 09:00:15,0.90505,0.90505
2020-01-18 09:00:45,-0.22866,-0.22866
2020-01-18 10:00:15,-0.047043,-0.047043
2020-01-18 10:00:45,-0.34289,-0.34289
2020-01-18 11:00:15,-0.095326,-0.095326
2020-01-18 11:00:45,0.055236,0.055236
2020-01-18 12:00:15,0.28722,0.28722
2020-01-18 12:00:45,-0.089578,-0.089578
2020-01-18 13:00:15,-0.085472,-0.085472
2020-01-18 13:00:45,0.11247,0.11247
2020-01-18 14:00:15,-0.030621,-0.030621
2020-01-18 14:00:45,-0.13084,-0.13084
2020-01-18 15:00:15,-0.006585,-0.006585
2020-01-18 15:00:45,0.23322,0.23322
2020-01-18 16:00:15,0.13495,0.13495
2020-01-18 16:00:45,-0.0651,-0.0651
2020-01-18 17:00:15,-0.10806,-0.10806
2020-01-18 17:00:45,-0.021404,-0.021404
2020-01-18 18:00:15,,-0.161789125
2020-01-18 18:00:45,-0.1083,-0.1083
2020-01-18 19:00:15,-0.20309,-0.20309
2020-01-18 19:00:45,-0.17455,-0.17455
2020-01-18 20:00:15,-0.09309,-0.09309
2020-01-18 20:00:45,-0.050741,-0.050741
2020-01-18 21:00:15,0.024717,0.024717
2020-01-18 21:00:45,,-0.11256560000000002
2020-01-18 22:00:15,0.051897,0.051897
2020-01-18 22:00:45,0.06964,0.06964
2020-01-18 23:00:15,0.091473,0.091473
2020-01-18 23:00:45,-0.009753,-0.009753
2020-01-19 00:00:15,-0.11708,-0.11708
2020-01-19 00:00:45,,0.385488745
2020-01-19 01:00:15,,0.7401559725000002
2020-01-19 01:00:45,,0.6021302050000001
2020-01-19 02:00:15,,0.4652071725
2020-01-19 02:00:45,,0.4650194700000001
2020-01-19 03:00:15,,0.4523908725000001
2020-01-19 03:00:45,,0.4885521675
2020-01-19 04:00:15,,0.08580100499999999
2020-01-19 04:00:45,,0.206525945
2020-01-19 05:00:15,,0.23719487749999996
2020-01-19 05:00:45,,0.42037329
2020-01-19 06:00:15,,0.4012847800000001
2020-01-19 06:00:45,,0.4207557075
2020-01-19 07:00:15,,0.3241673374999999
2020-01-19 07:00:45,,0.21291227999999993
2020-01-19 08:00:15,,0.17313646749999997
2020-01-19 08:00:45,,0.4326184224999998
2020-01-19 09:00:15,-0.11268,-0.11268
2020-01-19 09:00:45,-0.24654,-0.24654
2020-01-19 10:00:15,-0.3231,-0.3231
2020-01-19 10:00:45,-0.22033,-0.22033
2020-01-19 11:00:15,-0.12966,-0.12966
2020-01-19 11:00:45,-0.34533,-0.34533
2020-01-19 12:00:15,-0.26256,-0.26256
2020-01-19 12:00:45,0.62821,0.62821
2020-01-19 13:00:15,0.13817,0.13817
2020-01-19 13:00:45,-0.23579,-0.23579
2020-01-19 14:00:15,-0.14419,-0.14419
2020-01-19 14:00:45,-0.049814,-0.049814
2020-01-19 15:00:15,-0.000444,-0.000444
2020-01-19 15:00:45,-0.17603,-0.17603
2020-01-19 16:00:15,-0.10873,-0.10873
2020-01-19 16:00:45,0.034843,0.034843
2020-01-19 17:00:15,0.067274,0.067274
2020-01-19 17:00:45,0.014064,0.014064
2020-01-19 18:00:15,-0.087626,-0.087626
2020-01-19 18:00:45,-0.047201,-0.047201
2020-01-19 19:00:15,-0.10128,-0.10128
2020-01-19 19:00:45,-0.19122,-0.19122
2020-01-19 20:00:15,-0.069694,-0.069694
2020-01-19 20:00:45,-0.13582,-0.13582
2020-01-19 21:00:15,-0.019893,-0.019893
2020-01-19 21:00:45,-0.033971,-0.033971
2020-01-19 22:00:15,,-0.06138497
2020-01-19 22:00:45,0.13521,0.13521
2020-01-19 23:00:15,0.10381,0.10381
2020-01-19 23:00:45,-0.10311,-0.10311
2020-01-20 00:00:15,-0.1484,-0.1484
2020-01-20 00:00:45,,0.40497160499999985
2020-01-20 01:00:15,,0.5510431849999999
2020-01-20 01:00:45,,0.1093484625
2020-01-20 02:00:15,,0.033951505000000014
2020-01-20 02:00:45,,0.0018359200000000117
2020-01-20 03:00:15,,0.07959973750000002
2020-01-20 03:00:45,,0.21049662249999995
2020-01-20 04:00:15,,0.09656923000000002
2020-01-20 04:00:45,,0.2579647425
2020-01-20 05:00:15,,0.2969977175
2020-01-20 05:00:45,,0.42070607250000014
2020-01-20 06:00:15,,0.1638255425
2020-01-20 06:00:45,,0.06821044999999999
2020-01-20 07:00:15,,0.0403079375
2020-01-20 07:00:45,,0.47197451999999995
2020-01-20 08:00:15,,0.28572068249999993
2020-01-20 08:00:45,-0.20351,-0.20351
2020-01-20 09:00:15,,-0.11523074750000001
2020-01-20 09:00:45,-0.29809,-0.29809
2020-01-20 10:00:15,0.31487,0.31487
2020-01-20 10:00:45,-0.14911,-0.14911
2020-01-20 11:00:15,0.23853,0.23853
2020-01-20 11:00:45,0.19187,0.19187
2020-01-20 12:00:15,0.21451,0.21451
2020-01-20 12:00:45,-0.27821,-0.27821
2020-01-20 13:00:15,-0.31225,-0.31225
2020-01-20 13:00:45,-0.15965,-0.15965
2020-01-20 14:00:15,-0.21789,-0.21789
2020-01-20 14:00:45,-0.19613,-0.19613
2020-01-20 15:00:15,0.16435,0.16435
2020-01-20 15:00:45,0.04605,0.04605
2020-01-20 16:00:15,0.004962,0.004962
2020-01-20 16:00:45,0.050528,0.050528
2020-01-20 17:00:15,0.037237,0.037237
2020-01-20 17:00:45,0.039146,0.039146
2020-01-20 18:00:15,0.002073,0.002073
2020-01-20 18:00:45,-0.066937,-0.066937
2020-01-20 19:00:15,-0.027305,-0.027305
2020-01-20 19:00:45,-0.035218,-0.035218
2020-01-20 20:00:15,0.022398,0.022398
2020-01-20 20:00:45,-0.022223,-0.022223
2020-01-20 21:00:15,0.027699,0.027699
2020-01-20 21:00:45,-0.060421,-0.060421
2020-01-20 22:00:15,-0.057494,-0.057494
2020-01-20 22:00:45,0.2186,0.2186
2020-01-20 23:00:15,-0.073893,-0.073893
2020-01-20 23:00:45,0.08596,0.08596
2020-01-21 00:00:15,,0.005590792500000007
2020-01-21 00:00:45,,-0.0391605275
2020-01-21 01:00:15,,-0.10450582749999997
2020-01-21 01:00:45,,-0.047661085000000006
2020-01-21 02:00:15,,-0.06036878749999999
2020-01-21 02:00:45,,-0.15720371500000002
2020-01-21 03:00:15,,-0.10257402999999998
2020-01-21 03:00:45,,-0.159611995
2020-01-21 04:00:15,,-0.11672092000000005
2020-01-21 04:00:45,,-0.1490151475
2020-01-21 05:00:15,,-0.16970149500000004
2020-01-21 05:00:45,,-0.14677074500000004
2020-01-21 06:00:15,,-0.16253106500000003
2020-01-21 06:00:45,,-0.132833905
2020-01-21 07:00:15,,-0.14081000750000006
2020-01-21 07:00:45,,-0.16950472000000003
2020-01-21 08:00:15,,-0.19859485500000004
2020-01-21 08:00:45,,-0.10436689500000002
2020-01-21 09:00:15,,-0.1534109325
2020-01-21 09:00:45,,-0.14338110750000002
2020-01-21 10:00:15,,-0.07160059249999998
2020-01-21 10:00:45,,-0.08846597
2020-01-21 11:00:15,,0.05267421250000001
2020-01-21 11:00:45,,-0.016721712500000013
2020-01-21 12:00:15,,0.07117485500000001
2020-01-21 12:00:45,,0.09846209250000001
2020-01-21 13:00:15,,0.180726775
2020-01-21 13:00:45,,-0.09004351749999998
2020-01-21 14:00:15,,0.3024842324999999
2020-01-21 14:00:45,0.55556,0.55556
2020-01-21 15:00:15,0.32677,0.32677
2020-01-21 15:00:45,,0.22877005999999997
2020-01-21 16:00:15,,0.10410599250000001
2020-01-21 16:00:45,-0.055559,-0.055559
2020-01-21 17:00:15,0.007887,0.007887
2020-01-21 17:00:45,,0.34026708250000004
2020-01-21 18:00:15,,0.3586252925000001
2020-01-21 18:00:45,0.37347,0.37347
2020-01-21 19:00:15,0.39791,0.39791
2020-01-21 19:00:45,0.065604,0.065604
2020-01-21 20:00:15,0.16268,0.16268
2020-01-21 20:00:45,0.9435,0.9435
2020-01-21 21:00:15,0.16307,0.16307
2020-01-21 21:00:45,0.059089,0.059089
2020-01-21 22:00:15,0.069604,0.069604
2020-01-21 22:00:45,0.99164,0.99164
2020-01-21 23:00:15,,0.2822428675000002
2020-01-21 23:00:45,0.06447,0.06447
2020-01-22 00:00:15,0.31296,0.31296
2020-01-22 00:00:45,0.59277,0.59277
2020-01-22 01:00:15,0.50193,0.50193
2020-01-22 01:00:45,0.33926,0.33926
2020-01-22 02:00:15,,0.42940848500000006
2020-01-22 02:00:45,0.062475,0.062475
2020-01-22 03:00:15,0.11116,0.11116
2020-01-22 03:00:45,0.064558,0.064558
2020-01-22 04:00:15,0.14426,0.14426
2020-01-22 04:00:45,0.081574,0.081574
2020-01-22 05:00:15,0.15585,0.15585
2020-01-22 05:00:45,0.18311,0.18311
2020-01-22 06:00:15,-0.17708,-0.17708
2020-01-22 06:00:45,,0.39529335
2020-01-22 07:00:15,-0.062399,-0.062399
2020-01-22 07:00:45,0.12081,0.12081
2020-01-22 08:00:15,0.32565,0.32565
2020-01-22 08:00:45,0.46812,0.46812
2020-01-22 09:00:15,0.072789,0.072789
2020-01-22 09:00:45,0.38901,0.38901
2020-01-22 10:00:15,0.77688,0.77688
2020-01-22 10:00:45,0.57951,0.57951
2020-01-22 11:00:15,-0.002283,-0.002283
2020-01-22 11:00:45,0.48477,0.48477
2020-01-22 12:00:15,0.28565,0.28565
2020-01-22 12:00:45,0.28663,0.28663
2020-01-22 13:00:15,0.7516,0.7516
2020-01-22 13:00:45,0.70991,0.70991
2020-01-22 14:00:15,0.30363,0.30363
2020-01-22 14:00:45,0.25118,0.25118
2020-01-22 15:00:15,0.2335,0.2335
2020-01-22 15:00:45,0.31242,0.31242
2020-01-22 16:00:15,0.35381,0.35381
2020-01-22 16:00:45,0.20467,0.20467
2020-01-22 17:00:15,0.25176,0.25176
2020-01-22 17:00:45,0.038822,0.038822
2020-01-22 18:00:15,-0.064559,-0.064559
2020-01-22 18:00:45,-0.019833,-0.019833
2020-01-22 19:00:15,-0.10171,-0.10171
2020-01-22 19:00:45,0.014904,0.014904
2020-01-22 20:00:15,-0.029508,-0.029508
2020-01-22 20:00:45,-0.045979,-0.045979
2020-01-22 21:00:15,-0.045147,-0.045147
2020-01-22 21:00:45,-0.037293,-0.037293
2020-01-22 22:00:15,-0.019282,-0.019282
2020-01-22 22:00:45,-0.020357,-0.020357
2020-01-22 23:00:15,-0.073829,-0.073829
2020-01-22 23:00:45,-0.022875,-0.022875
2020-01-23 00:00:15,0.008685,0.008685
2020-01-23 00:00:45,,-0.026268822500000004
2020-01-23 01:00:15,0.056162,0.056162
2020-01-23 01:00:45,-0.10051,-0.10051
2020-01-23 02:00:15,0.33814,0.33814
2020-01-23 02:00:45,0.2986,0.2986
2020-01-23 03:00:15,-0.033882,-0.033882
2020-01-23 03:00:45,,0.00570101
2020-01-23 04:00:15,-0.01092,-0.01092
2020-01-23 04:00:45,0.33832,0.33832
2020-01-23 05:00:15,,0.29089783999999996
2020-01-23 05:00:45,0.37941,0.37941
2020-01-23 06:00:15,0.15288,0.15288
2020-01-23 06:00:45,0.03001,0.03001
2020-01-23 07:00:15,-0.3261,-0.3261
2020-01-23 07:00:45,0.3509,0.3509
2020-01-23 08:00:15,-0.44309,-0.44309
2020-01-23 08:00:45,-0.25077,-0.25077
2020-01-23 09:00:15,-0.26324,-0.26324
2020-01-23 09:00:45,-0.10729,-0.10729
2020-01-23 10:00:15,-0.14035,-0.14035
2020-01-23 10:00:45,-0.002379,-0.002379
2020-01-23 11:00:15,-0.33735,-0.33735
2020-01-23 11:00:45,-0.13934,-0.13934
2020-01-23 12:00:15,-0.079876,-0.079876
2020-01-23 12:00:45,0.1693,0.1693
2020-01-23 13:00:15,0.049061,0.049061
2020-01-23 13:00:45,0.050202,0.050202
2020-01-23 14:00:15,0.083617,0.083617
2020-01-23 14:00:45,-0.026033,-0.026033
2020-01-23 15:00:15,0.13525,0.13525
2020-01-23 15:00:45,0.18992,0.18992
2020-01-23 16:00:15,0.099329,0.099329
2020-01-23 16:00:45,0.053167,0.053167
2020-01-23 17:00:15,0.0426,0.0426
2020-01-23 17:00:45,-0.004358,-0.004358
2020-01-23 18:00:15,0.010694,0.010694
2020-01-23 18:00:45,0.13805,0.13805
2020-01-23 19:00:15,0.032797,0.032797
2020-01-23 19:00:45,-0.038779,-0.038779
2020-01-23 20:00:15,0.042871,0.042871
2020-01-23 20:00:45,0.059048,0.059048
2020-01-23 21:00:15,0.16819,0.16819
2020-01-23 21:00:45,-0.042663,-0.042663
2020-01-23 22:00:15,-0.072702,-0.072702
2020-01-23 22:00:45,-0.038235,-0.038235
2020-01-23 23:00:15,0.013186,0.013186
2020-01-23 23:00:45,0.069545,0.069545
2020-01-24 00:00:15,0.001325,0.001325
2020-01-24 00:00:45,0.17548,0.17548
2020-01-24 01:00:15,0.40637,0.40637
2020-01-24 01:00:45,-0.050127,-0.050127
2020-01-24 02:00:15,-0.053775,-0.053775
2020-01-24 02:00:45,0.009721,0.009721
2020-01-24 03:00:15,0.096057,0.096057
2020-01-24 03:00:45,-0.046966,-0.046966
2020-01-24 04:00:15,-0.020022,-0.020022
2020-01-24 04:00:45,-0.027568,-0.027568
2020-01-24 05:00:15,0.028911,0.028911
2020-01-24 05:00:45,-0.088789,-0.088789
2020-01-24 06:00:15,-0.041873,-0.041873
2020-01-24 06:00:45,0.009889,0.009889
2020-01-24 07:00:15,0.37845,0.37845
2020-01-24 07:00:45,0.006233,0.006233
2020-01-24 08:00:15,-0.2569,-0.2569
2020-01-24 08:00:45,-0.39571,-0.39571
2020-01-24 09:00:15,,-0.18076258250000002
2020-01-24 09:00:45,-0.40912,-0.40912
2020-01-24 10:00:15,-0.14568,-0.14568
2020-01-24 10:00:45,-0.20256,-0.20256
2020-01-24 11:00:15,-0.32647,-0.32647
2020-01-24 11:00:45,-0.21426,-0.21426
2020-01-24 12:00:15,0.045883,0.045883
2020-01-24 12:00:45,0.087227,0.087227
2020-01-24 13:00:15,-0.10836,-0.10836
2020-01-24 13:00:45,0.12976,0.12976
2020-01-24 14:00:15,-0.077622,-0.077622
2020-01-24 14:00:45,-0.14654,-0.14654
2020-01-24 15:00:15,0.036039,0.036039
2020-01-24 15:00:45,-0.28388,-0.28388
2020-01-24 16:00:15,0.093159,0.093159
2020-01-24 16:00:45,-0.054362,-0.054362
2020-01-24 17:00:15,-0.038009,-0.038009
2020-01-24 17:00:45,-0.046244,-0.046244
2020-01-24 18:00:15,-0.028061,-0.028061
2020-01-24 18:00:45,,-0.04282913500000001
2020-01-24 19:00:15,0.00128,0.00128
2020-01-24 19:00:45,-0.047975,-0.047975
2020-01-24 20:00:15,-0.035418,-0.035418
2020-01-24 20:00:45,-0.00941,-0.00941
2020-01-24 21:00:15,,0.008938445
2020-01-24 21:00:45,-0.052423,-0.052423
2020-01-24 22:00:15,-0.02538,-0.02538
2020-01-24 22:00:45,-0.028157,-0.028157
2020-01-24 23:00:15,0.17852,0.17852
2020-01-24 23:00:45,,-0.012948419999999999
2020-01-25 00:00:15,-0.018468,-0.018468
2020-01-25 00:00:45,-0.10682,-0.10682
2020-01-25 01:00:15,,-0.0342862825
2020-01-25 01:00:45,-0.18216,-0.18216
2020-01-25 02:00:15,0.1297,0.1297
2020-01-25 02:00:45,0.081765,0.081765
2020-01-25 03:00:15,-0.067117,-0.067117
2020-01-25 03:00:45,0.007171,0.007171
2020-01-25 04:00:15,-0.064239,-0.064239
2020-01-25 04:00:45,-0.011766,-0.011766
2020-01-25 05:00:15,,0.25525881500000003
2020-01-25 05:00:45,0.12867,0.12867
2020-01-25 06:00:15,0.27979,0.27979
2020-01-25 06:00:45,0.3331,0.3331
2020-01-25 07:00:15,0.36757,0.36757
2020-01-25 07:00:45,0.48042,0.48042
2020-01-25 08:00:15,-0.26846,-0.26846
2020-01-25 08:00:45,-0.20945,-0.20945
2020-01-25 09:00:15,0.16783,0.16783
2020-01-25 09:00:45,0.26557,0.26557
2020-01-25 10:00:15,-0.61588,-0.61588
2020-01-25 10:00:45,0.005463,0.005463
2020-01-25 11:00:15,0.98952,0.98952
2020-01-25 11:00:45,0.73976,0.73976
2020-01-25 12:00:15,0.72757,0.72757
2020-01-25 12:00:45,0.17036,0.17036
2020-01-25 13:00:15,0.61583,0.61583
2020-01-25 13:00:45,0.34494,0.34494
2020-01-25 14:00:15,-0.54344,-0.54344
2020-01-25 14:00:45,0.057975,0.057975
2020-01-25 15:00:15,-0.047129,-0.047129
2020-01-25 15:00:45,0.064571,0.064571
2020-01-25 16:00:15,0.065853,0.065853
2020-01-25 16:00:45,0.055213,0.055213
2020-01-25 17:00:15,0.10001,0.10001
2020-01-25 17:00:45,0.19081,0.19081
2020-01-25 18:00:15,0.040036,0.040036
2020-01-25 18:00:45,0.12176,0.12176
2020-01-25 19:00:15,0.1111,0.1111
2020-01-25 19:00:45,0.11143,0.11143
2020-01-25 20:00:15,0.086949,0.086949
2020-01-25 20:00:45,-0.007217,-0.007217
2020-01-25 21:00:15,-0.014384,-0.014384
2020-01-25 21:00:45,,-0.025650115
2020-01-25 22:00:15,0.0101,0.0101
2020-01-25 22:00:45,-0.04393,-0.04393
2020-01-25 23:00:15,-0.1096,-0.1096
2020-01-25 23:00:45,-0.068525,-0.068525
2020-01-26 00:00:15,-0.033494,-0.033494
2020-01-26 00:00:45,-0.020443,-0.020443
2020-01-26 01:00:15,-0.090415,-0.090415
2020-01-26 01:00:45,-0.078413,-0.078413
2020-01-26 02:00:15,0.39294,0.39294
2020-01-26 02:00:45,-0.068667,-0.068667
2020-01-26 03:00:15,-0.075489,-0.075489
2020-01-26 03:00:45,-0.12745,-0.12745
2020-01-26 04:00:15,0.24165,0.24165
2020-01-26 04:00:45,0.17547,0.17547
2020-01-26 05:00:15,0.33889,0.33889
2020-01-26 05:00:45,0.28018,0.28018
2020-01-26 06:00:15,-0.02686,-0.02686
2020-01-26 06:00:45,0.31041,0.31041
2020-01-26 07:00:15,0.41761,0.41761
2020-01-26 07:00:45,0.36039,0.36039
2020-01-26 08:00:15,0.76587,0.76587
2020-01-26 08:00:45,,-0.2837489625
2020-01-26 09:00:15,-0.84097,-0.84097
2020-01-26 09:00:45,-0.34884,-0.34884
2020-01-26 10:00:15,-0.41828,-0.41828
2020-01-26 10:00:45,-0.23057,-0.23057
2020-01-26 11:00:15,-0.089865,-0.089865
2020-01-26 11:00:45,-0.37889,-0.37889
2020-01-26 12:00:15,-0.37014,-0.37014
2020-01-26 12:00:45,-0.78083,-0.78083
2020-01-26 13:00:15,-0.14525,-0.14525
2020-01-26 13:00:45,-0.52056,-0.52056
2020-01-26 14:00:15,-0.19448,-0.19448
2020-01-26 14:00:45,-0.16121,-0.16121
2020-01-26 15:00:15,-0.074685,-0.074685
2020-01-26 15:00:45,0.16518,0.16518
2020-01-26 16:00:15,-0.14155,-0.14155
2020-01-26 16:00:45,-0.073691,-0.073691
2020-01-26 17:00:15,-0.003613,-0.003613
2020-01-26 17:00:45,-0.039633,-0.039633
2020-01-26 18:00:15,-0.030288,-0.030288
2020-01-26 18:00:45,-0.053204,-0.053204
2020-01-26 19:00:15,-0.040839,-0.040839
2020-01-26 19:00:45,-0.14106,-0.14106
2020-01-26 20:00:15,-0.12126,-0.12126
2020-01-26 20:00:45,-0.10999,-0.10999
2020-01-26 21:00:15,-0.016814,-0.016814
2020-01-26 21:00:45,-0.15623,-0.15623
2020-01-26 22:00:15,-0.034367,-0.034367
2020-01-26 22:00:45,-0.028386,-0.028386
2020-01-26 23:00:15,-0.043499,-0.043499
2020-01-26 23:00:45,-0.075758,-0.075758
2020-01-27 00:00:15,-0.012697,-0.012697
2020-01-27 00:00:45,-0.005097,-0.005097
2020-01-27 01:00:15,-0.003956,-0.003956
2020-01-27 01:00:45,-0.008998,-0.008998
2020-01-27 02:00:15,0.026543,0.026543
2020-01-27 02:00:45,-0.033256,-0.033256
2020-01-27 03:00:15,,0.003131690000000002
2020-01-27 03:00:45,-0.066756,-0.066756
2020-01-27 04:00:15,0.11565,0.11565
2020-01-27 04:00:45,-0.037214,-0.037214
2020-01-27 05:00:15,0.042329,0.042329
2020-01-27 05:00:45,,-0.026898227500000007
2020-01-27 06:00:15,-0.083412,-0.083412
2020-01-27 06:00:45,-0.11798,-0.11798
2020-01-27 07:00:15,0.061687,0.061687
2020-01-27 07:00:45,-0.40782,-0.40782
2020-01-27 08:00:15,,-0.0566512225
2020-01-27 08:00:45,,-0.004203840000000003
2020-01-27 09:00:15,0.80342,0.80342
2020-01-27 09:00:45,,-0.122395565
2020-01-27 10:00:15,0.032951,0.032951
2020-01-27 10:00:45,0.14083,0.14083
2020-01-27 11:00:15,0.12892,0.12892
2020-01-27 11:00:45,-0.59017,-0.59017
2020-01-27 12:00:15,-0.40561,-0.40561
2020-01-27 12:00:45,-1.0679,-1.0679
2020-01-27 13:00:15,,-0.09252410000000001
2020-01-27 13:00:45,-0.41542,-0.41542
2020-01-27 14:00:15,0.18925,0.18925
2020-01-27 14:00:45,0.45813,0.45813
2020-01-27 15:00:15,0.43043,0.43043
2020-01-27 15:00:45,0.3321,0.3321
2020-01-27 16:00:15,0.98272,0.98272
2020-01-27 16:00:45,0.45809,0.45809
2020-01-27 17:00:15,0.14258,0.14258
2020-01-27 17:00:45,0.085294,0.085294
2020-01-27 18:00:15,0.32865,0.32865
2020-01-27 18:00:45,0.14315,0.14315
2020-01-27 19:00:15,-0.11302,-0.11302
2020-01-27 19:00:45,-0.061105,-0.061105
2020-01-27 20:00:15,-0.11291,-0.11291
2020-01-27 20:00:45,-0.097815,-0.097815
2020-01-27 21:00:15,-0.13847,-0.13847
2020-01-27 21:00:45,-0.1885,-0.1885
2020-01-27 22:00:15,-0.071911,-0.071911
2020-01-27 22:00:45,-0.051223,-0.051223
2020-01-27 23:00:15,-0.090472,-0.090472
2020-01-27 23:00:45,,-0.03126299250000001
2020-01-28 00:00:15,-0.1379,-0.1379
2020-01-28 00:00:45,-0.10191,-0.10191
2020-01-28 01:00:15,-0.072493,-0.072493
2020-01-28 01:00:45,0.009354,0.009354
2020-01-28 02:00:15,-0.016303,-0.016303
2020-01-28 02:00:45,-0.11183,-0.11183
2020-01-28 03:00:15,0.2834,0.2834
2020-01-28 03:00:45,0.2699,0.2699
2020-01-28 04:00:15,0.3384,0.3384
2020-01-28 04:00:45,0.40943,0.40943
2020-01-28 05:00:15,0.3996,0.3996
2020-01-28 05:00:45,0.42218,0.42218
2020-01-28 06:00:15,0.32776,0.32776
2020-01-28 06:00:45,0.408,0.408
2020-01-28 07:00:15,0.30382,0.30382
2020-01-28 07:00:45,0.31411,0.31411
2020-01-28 08:00:15,1.2037,1.2037
2020-01-28 08:00:45,-0.1406,-0.1406
2020-01-28 09:00:15,-0.27349,-0.27349
2020-01-28 09:00:45,-0.1774,-0.1774
2020-01-28 10:00:15,-0.14508,-0.14508
2020-01-28 10:00:45,-0.28105,-0.28105
2020-01-28 11:00:15,0.18714,0.18714
2020-01-28 11:00:45,0.17451,0.17451
2020-01-28 12:00:15,-0.20306,-0.20306
2020-01-28 12:00:45,-0.38767,-0.38767
2020-01-28 13:00:15,-0.074361,-0.074361
2020-01-28 13:00:45,-0.092338,-0.092338
2020-01-28 14:00:15,0.029781,0.029781
2020-01-28 14:00:45,-0.32135,-0.32135
2020-01-28 15:00:15,-0.2863,-0.2863
2020-01-28 15:00:45,-0.39505,-0.39505
2020-01-28 16:00:15,-0.029112,-0.029112
2020-01-28 16:00:45,-0.090243,-0.090243
2020-01-28 17:00:15,-0.12979,-0.12979
2020-01-28 17:00:45,-0.12286,-0.12286
2020-01-28 18:00:15,-0.16152,-0.16152
2020-01-28 18:00:45,-0.15692,-0.15692
2020-01-28 19:00:15,,-0.0817641925
2020-01-28 19:00:45,-0.094938,-0.094938
2020-01-28 20:00:15,-0.069663,-0.069663
2020-01-28 20:00:45,0.008395,0.008395
2020-01-28 21:00:15,-0.008215,-0.008215
2020-01-28 21:00:45,-0.033841,-0.033841
2020-01-28 22:00:15,,0.0023501049999999947
2020-01-28 22:00:45,0.11165,0.11165
2020-01-28 23:00:15,,0.032186615000000016
2020-01-28 23:00:45,0.014844,0.014844
2020-01-29 00:00:15,-0.023818,-0.023818
2020-01-29 00:00:45,0.49251,0.49251
2020-01-29 01:00:15,0.00657,0.00657
2020-01-29 01:00:45,0.45107,0.45107
2020-01-29 02:00:15,0.27077,0.27077
2020-01-29 02:00:45,,0.23556807250000003
2020-01-29 03:00:15,0.16974,0.16974
2020-01-29 03:00:45,,0.3644942549999999
2020-01-29 04:00:15,0.32945,0.32945
2020-01-29 04:00:45,0.587,0.587
2020-01-29 05:00:15,0.42178,0.42178
2020-01-29 05:00:45,0.32024,0.32024
2020-01-29 06:00:15,0.28898,0.28898
2020-01-29 06:00:45,0.40895,0.40895
2020-01-29 07:00:15,0.22466,0.22466
2020-01-29 07:00:45,0.007252,0.007252
2020-01-29 08:00:15,0.7811,0.7811
2020-01-29 08:00:45,0.83302,0.83302
2020-01-29 09:00:15,-1.0329,-1.0329
2020-01-29 09:00:45,-0.60133,-0.60133
2020-01-29 10:00:15,0.79376,0.79376
2020-01-29 10:00:45,-0.024936,-0.024936
2020-01-29 11:00:15,-0.2809,-0.2809
2020-01-29 11:00:45,,-0.18379368500000007
2020-01-29 12:00:15,-0.055092,-0.055092
2020-01-29 12:00:45,-0.090851,-0.090851
2020-01-29 13:00:15,0.67641,0.67641
2020-01-29 13:00:45,-0.90183,-0.90183
2020-01-29 14:00:15,-0.24247,-0.24247
2020-01-29 14:00:45,-0.61129,-0.61129
2020-01-29 15:00:15,0.28846,0.28846
2020-01-29 15:00:45,0.18939,0.18939
2020-01-29 16:00:15,-0.081637,-0.081637
2020-01-29 16:00:45,0.059898,0.059898
2020-01-29 17:00:15,-0.036833,-0.036833
2020-01-29 17:00:45,,-0.0003187350000000026
2020-01-29 18:00:15,0.013052,0.013052
2020-01-29 18:00:45,0.025911,0.025911
2020-01-29 19:00:15,,0.06439887
2020-01-29 19:00:45,-0.043623,-0.043623
2020-01-29 20:00:15,-0.074665,-0.074665
2020-01-29 20:00:45,-0.082079,-0.082079
2020-01-29 21:00:15,-0.042273,-0.042273
2020-01-29 21:00:45,,-0.027181852499999992
2020-01-29 22:00:15,-0.12754,-0.12754
2020-01-29 22:00:45,0.23404,0.23404
2020-01-29 23:00:15,-0.079282,-0.079282
2020-01-29 23:00:45,-0.14028,-0.14028
2020-01-30 00:00:15,-0.050805,-0.050805
2020-01-30 00:00:45,-0.073715,-0.073715
2020-01-30 01:00:15,,-0.07220015000000002
2020-01-30 01:00:45,-0.059241,-0.059241
2020-01-30 02:00:15,-0.1441,-0.1441
2020-01-30 02:00:45,0.23935,0.23935
2020-01-30 03:00:15,0.24804,0.24804
2020-01-30 03:00:45,0.34949,0.34949
2020-01-30 04:00:15,0.34049,0.34049
2020-01-30 04:00:45,0.31792,0.31792
2020-01-30 05:00:15,0.29075,0.29075
2020-01-30 05:00:45,0.17855,0.17855
2020-01-30 06:00:15,0.24627,0.24627
2020-01-30 06:00:45,0.28188,0.28188
2020-01-30 07:00:15,0.35565,0.35565
2020-01-30 07:00:45,0.17453,0.17453
2020-01-30 08:00:15,0.97437,0.97437
2020-01-30 08:00:45,1.0832,1.0832
2020-01-30 09:00:15,0.25042,0.25042
2020-01-30 09:00:45,-0.2841,-0.2841
2020-01-30 10:00:15,0.1055,0.1055
2020-01-30 10:00:45,0.16822,0.16822
2020-01-30 11:00:15,-0.30211,-0.30211
2020-01-30 11:00:45,0.07205,0.07205
2020-01-30 12:00:15,0.49618,0.49618
2020-01-30 12:00:45,0.23043,0.23043
2020-01-30 13:00:15,0.08123,0.08123
2020-01-30 13:00:45,-0.45613,-0.45613
2020-01-30 14:00:15,0.11826,0.11826
2020-01-30 14:00:45,0.33594,0.33594
2020-01-30 15:00:15,0.078953,0.078953
2020-01-30 15:00:45,0.40438,0.40438
2020-01-30 16:00:15,0.48121,0.48121
2020-01-30 16:00:45,0.21736,0.21736
2020-01-30 17:00:15,-0.026867,-0.026867
2020-01-30 17:00:45,0.1782,0.1782
2020-01-30 18:00:15,0.56285,0.56285
2020-01-30 18:00:45,0.053809,0.053809
2020-01-30 19:00:15,-0.070503,-0.070503
2020-01-30 19:00:45,-0.033464,-0.033464
2020-01-30 20:00:15,-0.17234,-0.17234
2020-01-30 20:00:45,-0.025978,-0.025978
2020-01-30 21:00:15,0.065354,0.065354
2020-01-30 21:00:45,0.061603,0.061603
2020-01-30 22:00:15,0.086514,0.086514
2020-01-30 22:00:45,0.11549,0.11549
2020-01-30 23:00:15,0.025697,0.025697
2020-01-30 23:00:45,0.2849,0.2849
2020-01-31 00:00:15,-0.010136,-0.010136
2020-01-31 00:00:45,-0.086122,-0.086122
2020-01-31 01:00:15,0.306,0.306
2020-01-31 01:00:45,0.43872,0.43872
2020-01-31 02:00:15,0.34672,0.34672
2020-01-31 02:00:45,0.33448,0.33448
2020-01-31 03:00:15,0.40858,0.40858
2020-01-31 03:00:45,,0.35391739
2020-01-31 04:00:15,0.36438,0.36438
2020-01-31 04:00:45,0.31892,0.31892
2020-01-31 05:00:15,0.28166,0.28166
2020-01-31 05:00:45,0.33761,0.33761
2020-01-31 06:00:15,0.3657,0.3657
2020-01-31 06:00:45,0.26201,0.26201
2020-01-31 07:00:15,0.38206,0.38206
2020-01-31 07:00:45,0.13228,0.13228
2020-01-31 08:00:15,0.78339,0.78339
2020-01-31 08:00:45,0.025165,0.025165
2020-01-31 09:00:15,-0.080965,-0.080965
2020-01-31 09:00:45,0.03166,0.03166
2020-01-31 10:00:15,-0.20308,-0.20308
2020-01-31 10:00:45,-0.44911,-0.44911
2020-01-31 11:00:15,-0.24634,-0.24634
2020-01-31 11:00:45,-0.001473,-0.001473
2020-01-31 12:00:15,0.002521,0.002521
2020-01-31 12:00:45,0.04771,0.04771
2020-01-31 13:00:15,-0.14374,-0.14374
2020-01-31 13:00:45,-0.30198,-0.30198
2020-01-31 14:00:15,-0.31168,-0.31168
2020-01-31 14:00:45,-0.24453,-0.24453
2020-01-31 15:00:15,-0.082576,-0.082576
2020-01-31 15:00:45,-0.1003,-0.1003
2020-01-31 16:00:15,0.17478,0.17478
2020-01-31 16:00:45,0.008899,0.008899
2020-01-31 17:00:15,-0.042627,-0.042627
2020-01-31 17:00:45,-0.10727,-0.10727
2020-01-31 18:00:15,-0.12299,-0.12299
2020-01-31 18:00:45,0.003661,0.003661
2020-01-31 19:00:15,0.001236,0.001236
2020-01-31 19:00:45,,-0.06569228000000002
2020-01-31 20:00:15,0.16634,0.16634
2020-01-31 20:00:45,-0.051212,-0.051212
2020-01-31 21:00:15,-0.025467,-0.025467
2020-01-31 21:00:45,-0.094334,-0.094334
2020-01-31 22:00:15,-0.029037,-0.029037
2020-01-31 22:00:45,-0.027014,-0.027014
2020-01-31 23:00:15,-0.086496,-0.086496
2020-01-31 23:00:45,-0.006371,-0.006371
2020-02-01 00:00:15,-0.067357,-0.067357
2020-02-01 00:00:45,0.35189,0.35189
2020-02-01 01:00:15,0.25014,0.25014
2020-02-01 01:00:45,-0.19756,-0.19756
2020-02-01 02:00:15,0.14253,0.14253
2020-02-01 02:00:45,0.2242,0.2242
2020-02-01 03:00:15,0.11888,0.11888
2020-02-01 03:00:45,0.18553,0.18553
2020-02-01 04:00:15,0.27821,0.27821
2020-02-01 04:00:45,0.2673,0.2673
2020-02-01 05:00:15,0.29056,0.29056
2020-02-01 05:00:45,0.27369,0.27369
2020-02-01 06:00:15,0.30674,0.30674
2020-02-01 06:00:45,0.78537,0.78537
2020-02-01 07:00:15,0.22976,0.22976
2020-02-01 07:00:45,0.43604,0.43604
2020-02-01 08:00:15,,-0.27556312499999996
2020-02-01 08:00:45,-0.29305,-0.29305
2020-02-01 09:00:15,-0.49987,-0.49987
2020-02-01 09:00:45,-0.33846,-0.33846
2020-02-01 10:00:15,0.15184,0.15184
2020-02-01 10:00:45,-0.060006,-0.060006
2020-02-01 11:00:15,-0.22554,-0.22554
2020-02-01 11:00:45,-0.44861,-0.44861
2020-02-01 12:00:15,-0.020596,-0.020596
2020-02-01 12:00:45,-0.083606,-0.083606
2020-02-01 13:00:15,-0.39256,-0.39256
2020-02-01 13:00:45,-0.18047,-0.18047
2020-02-01 14:00:15,-0.25492,-0.25492
2020-02-01 14:00:45,-0.097832,-0.097832
2020-02-01 15:00:15,-0.15592,-0.15592
2020-02-01 15:00:45,-0.10851,-0.10851
2020-02-01 16:00:15,-0.013539,-0.013539
2020-02-01 16:00:45,0.096382,0.096382
2020-02-01 17:00:15,0.093493,0.093493
2020-02-01 17:00:45,0.037758,0.037758
2020-02-01 18:00:15,-0.015185,-0.015185
2020-02-01 18:00:45,0.019216,0.019216
2020-02-01 19:00:15,0.25386,0.25386
2020-02-01 19:00:45,-0.021691,-0.021691
2020-02-01 20:00:15,-0.027835,-0.027835
2020-02-01 20:00:45,0.000715,0.000715
2020-02-01 21:00:15,0.33516,0.33516
2020-02-01 21:00:45,,0.05358286250000001
2020-02-01 22:00:15,-0.19319,-0.19319
2020-02-01 22:00:45,0.5675,0.5675
2020-02-01 23:00:15,0.044358,0.044358
2020-02-01 23:00:45,0.25646,0.25646
2020-02-02 00:00:15,-0.065887,-0.065887
2020-02-02 00:00:45,0.029104,0.029104
2020-02-02 01:00:15,0.044541,0.044541
2020-02-02 01:00:45,-0.078986,-0.078986
2020-02-02 02:00:15,-0.054386,-0.054386
2020-02-02 02:00:45,-0.013158,-0.013158
2020-02-02 03:00:15,0.16052,0.16052
2020-02-02 03:00:45,0.13041,0.13041
2020-02-02 04:00:15,-0.089456,-0.089456
2020-02-02 04:00:45,-0.0406,-0.0406
2020-02-02 05:00:15,-0.037001,-0.037001
2020-02-02 05:00:45,-0.070147,-0.070147
2020-02-02 06:00:15,0.26335,0.26335
2020-02-02 06:00:45,0.32765,0.32765
2020-02-02 07:00:15,0.29805,0.29805
2020-02-02 07:00:45,0.37289,0.37289
2020-02-02 08:00:15,0.34882,0.34882
2020-02-02 08:00:45,-0.24384,-0.24384
2020-02-02 09:00:15,0.2042,0.2042
2020-02-02 09:00:45,,-0.34076419499999994
2020-02-02 10:00:15,,-0.5868903624999998
2020-02-02 10:00:45,,-0.365798795
2020-02-02 11:00:15,0.14303,0.14303
2020-02-02 11:00:45,-0.51093,-0.51093
2020-02-02 12:00:15,0.016244,0.016244
2020-02-02 12:00:45,-0.053001,-0.053001
2020-02-02 13:00:15,-0.42773,-0.42773
2020-02-02 13:00:45,-0.73139,-0.73139
2020-02-02 14:00:15,-0.30755,-0.30755
2020-02-02 14:00:45,-0.35933,-0.35933
2020-02-02 15:00:15,-0.42871,-0.42871
2020-02-02 15:00:45,0.071112,0.071112
2020-02-02 16:00:15,-0.16805,-0.16805
2020-02-02 16:00:45,0.21039,0.21039
2020-02-02 17:00:15,0.15441,0.15441
2020-02-02 17:00:45,0.40739,0.40739
2020-02-02 18:00:15,-0.1289,-0.1289
2020-02-02 18:00:45,0.070438,0.070438
2020-02-02 19:00:15,0.16295,0.16295
2020-02-02 19:00:45,0.34238,0.34238
2020-02-02 20:00:15,0.3315,0.3315
2020-02-02 20:00:45,0.16936,0.16936
2020-02-02 21:00:15,-0.051668,-0.051668
2020-02-02 21:00:45,0.12478,0.12478
2020-02-02 22:00:15,0.000349,0.000349
2020-02-02 22:00:45,,-0.027045677499999993
2020-02-02 23:00:15,0.009756,0.009756
2020-02-02 23:00:45,,-0.02500791499999999
2020-02-03 00:00:15,0.23541,0.23541
2020-02-03 00:00:45,-0.068938,-0.068938
2020-02-03 01:00:15,-0.036414,-0.036414
2020-02-03 01:00:45,-0.072632,-0.072632
2020-02-03 02:00:15,-0.1508,-0.1508
2020-02-03 02:00:45,,-0.10236753500000001
2020-02-03 03:00:15,-0.072755,-0.072755
2020-02-03 03:00:45,-0.095463,-0.095463
2020-02-03 04:00:15,-0.10331,-0.10331
2020-02-03 04:00:45,-0.07327,-0.07327
2020-02-03 05:00:15,-0.12322,-0.12322
2020-02-03 05:00:45,,-0.07828743499999999
2020-02-03 06:00:15,-0.035708,-0.035708
2020-02-03 06:00:45,-0.054836,-0.054836
2020-02-03 07:00:15,-0.090519,-0.090519
2020-02-03 07:00:45,-0.038044,-0.038044
2020-02-03 08:00:15,-0.07685,-0.07685
2020-02-03 08:00:45,-0.083441,-0.083441
2020-02-03 09:00:15,-0.27024,-0.27024
2020-02-03 09:00:45,-0.30876,-0.30876
2020-02-03 10:00:15,-0.35557,-0.35557
2020-02-03 10:00:45,-0.68374,-0.68374
2020-02-03 11:00:15,-0.04603,-0.04603
2020-02-03 11:00:45,-0.14666,-0.14666
2020-02-03 12:00:15,-0.1699,-0.1699
2020-02-03 12:00:45,0.010871,0.010871
2020-02-03 13:00:15,-0.38395,-0.38395
2020-02-03 13:00:45,-0.044078,-0.044078
2020-02-03 14:00:15,0.18968,0.18968
2020-02-03 14:00:45,-0.02257,-0.02257
2020-02-03 15:00:15,-0.23398,-0.23398
2020-02-03 15:00:45,0.054376,0.054376
2020-02-03 16:00:15,-0.18187,-0.18187
2020-02-03 16:00:45,0.19927,0.19927
2020-02-03 17:00:15,0.16699,0.16699
2020-02-03 17:00:45,0.14926,0.14926
2020-02-03 18:00:15,0.14444,0.14444
2020-02-03 18:00:45,0.18589,0.18589
2020-02-03 19:00:15,0.003052,0.003052
2020-02-03 19:00:45,0.14866,0.14866
2020-02-03 20:00:15,0.14385,0.14385
2020-02-03 20:00:45,0.15543,0.15543
2020-02-03 21:00:15,,0.3740274725
2020-02-03 21:00:45,,0.5420998025
2020-02-03 22:00:15,0.17328,0.17328
2020-02-03 22:00:45,0.15982,0.15982
2020-02-03 23:00:15,0.22123,0.22123
2020-02-03 23:00:45,0.13103,0.13103
2020-02-04 00:00:15,0.12189,0.12189
2020-02-04 00:00:45,0.11426,0.11426
2020-02-04 01:00:15,0.058843,0.058843
2020-02-04 01:00:45,0.0381,0.0381
2020-02-04 02:00:15,0.011157,0.011157
2020-02-04 02:00:45,0.16984,0.16984
2020-02-04 03:00:15,-0.14999,-0.14999
2020-02-04 03:00:45,-0.14959,-0.14959
2020-02-04 04:00:15,0.14232,0.14232
2020-02-04 04:00:45,0.11037,0.11037
2020-02-04 05:00:15,0.05543,0.05543
2020-02-04 05:00:45,-0.077748,-0.077748
2020-02-04 06:00:15,0.089022,0.089022
2020-02-04 06:00:45,0.023576,0.023576
2020-02-04 07:00:15,-0.044643,-0.044643
2020-02-04 07:00:45,1.072,1.072
2020-02-04 08:00:15,1.4588,1.4588
2020-02-04 08:00:45,-0.098032,-0.098032
2020-02-04 09:00:15,0.62757,0.62757
2020-02-04 09:00:45,,0.6279213024999999
2020-02-04 10:00:15,0.68582,0.68582
2020-02-04 10:00:45,0.96487,0.96487
2020-02-04 11:00:15,1.2414,1.2414
2020-02-04 11:00:45,-0.70228,-0.70228
2020-02-04 12:00:15,1.3349,1.3349
2020-02-04 12:00:45,1.0801,1.0801
2020-02-04 13:00:15,0.96097,0.96097
2020-02-04 13:00:45,0.91589,0.91589
2020-02-04 14:00:15,0.87635,0.87635
2020-02-04 14:00:45,0.71012,0.71012
2020-02-04 15:00:15,0.069269,0.069269
2020-02-04 15:00:45,-0.14643,-0.14643
2020-02-04 16:00:15,-0.056033,-0.056033
2020-02-04 16:00:45,-0.1498,-0.1498
2020-02-04 17:00:15,0.32855,0.32855
2020-02-04 17:00:45,0.001466,0.001466
2020-02-04 18:00:15,0.26215,0.26215
2020-02-04 18:00:45,0.21416,0.21416
2020-02-04 19:00:15,0.3645,0.3645
2020-02-04 19:00:45,0.39231,0.39231
2020-02-04 20:00:15,0.51078,0.51078
2020-02-04 20:00:45,0.2782,0.2782
2020-02-04 21:00:15,0.054269,0.054269
2020-02-04 21:00:45,0.27108,0.27108
2020-02-04 22:00:15,0.19388,0.19388
2020-02-04 22:00:45,0.40733,0.40733
2020-02-04 23:00:15,0.19741,0.19741
2020-02-04 23:00:45,0.41951,0.41951
2020-02-05 00:00:15,0.25856,0.25856
2020-02-05 00:00:45,0.17692,0.17692
2020-02-05 01:00:15,0.23109,0.23109
2020-02-05 01:00:45,0.28572,0.28572
2020-02-05 02:00:15,0.53704,0.53704
2020-02-05 02:00:45,0.34312,0.34312
2020-02-05 03:00:15,0.33882,0.33882
2020-02-05 03:00:45,0.40736,0.40736
2020-02-05 04:00:15,0.42157,0.42157
2020-02-05 04:00:45,,0.49423892499999983
2020-02-05 05:00:15,0.46626,0.46626
2020-02-05 05:00:45,0.51253,0.51253
2020-02-05 06:00:15,0.61504,0.61504
2020-02-05 06:00:45,0.55392,0.55392
2020-02-05 07:00:15,0.48411,0.48411
2020-02-05 07:00:45,0.79752,0.79752
2020-02-05 08:00:15,0.80819,0.80819
2020-02-05 08:00:45,0.76922,0.76922
2020-02-05 09:00:15,1.0576,1.0576
2020-02-05 09:00:45,0.91597,0.91597
2020-02-05 10:00:15,1.0563,1.0563
2020-02-05 10:00:45,1.0063,1.0063
2020-02-05 11:00:15,0.6861,0.6861
2020-02-05 11:00:45,0.75458,0.75458
2020-02-05 12:00:15,0.62155,0.62155
2020-02-05 12:00:45,0.34089,0.34089
2020-02-05 13:00:15,0.73184,0.73184
2020-02-05 13:00:45,0.65415,0.65415
2020-02-05 14:00:15,0.71525,0.71525
2020-02-05 14:00:45,1.1467,1.1467
2020-02-05 15:00:15,-0.40389,-0.40389
2020-02-05 15:00:45,0.080906,0.080906
2020-02-05 16:00:15,1.0492,1.0492
2020-02-05 16:00:45,0.3142,0.3142
2020-02-05 17:00:15,0.3626,0.3626
2020-02-05 17:00:45,0.37066,0.37066
2020-02-05 18:00:15,0.36954,0.36954
2020-02-05 18:00:45,0.35936,0.35936
2020-02-05 19:00:15,0.45502,0.45502
2020-02-05 19:00:45,0.37231,0.37231
2020-02-05 20:00:15,0.39139,0.39139
2020-02-05 20:00:45,0.42708,0.42708
2020-02-05 21:00:15,0.18486,0.18486
2020-02-05 21:00:45,0.42147,0.42147
2020-02-05 22:00:15,0.42453,0.42453
2020-02-05 22:00:45,0.47177,0.47177
2020-02-05 23:00:15,0.46518,0.46518
2020-02-05 23:00:45,0.38112,0.38112
2020-02-06 00:00:15,0.27853,0.27853
2020-02-06 00:00:45,0.25176,0.25176
2020-02-06 01:00:15,0.33372,0.33372
2020-02-06 01:00:45,0.3538,0.3538
2020-02-06 02:00:15,0.30717,0.30717
2020-02-06 02:00:45,0.22813,0.22813
2020-02-06 03:00:15,0.33801,0.33801
2020-02-06 03:00:45,0.3294,0.3294
2020-02-06 04:00:15,0.44421,0.44421
2020-02-06 04:00:45,0.41336,0.41336
2020-02-06 05:00:15,0.45868,0.45868
2020-02-06 05:00:45,0.4438,0.4438
2020-02-06 06:00:15,0.32582,0.32582
2020-02-06 06:00:45,0.39067,0.39067
2020-02-06 07:00:15,0.502,0.502
2020-02-06 07:00:45,0.92722,0.92722
2020-02-06 08:00:15,0.98822,0.98822
2020-02-06 08:00:45,0.43626,0.43626
2020-02-06 09:00:15,0.81604,0.81604
2020-02-06 09:00:45,0.84497,0.84497
2020-02-06 10:00:15,0.76227,0.76227
2020-02-06 10:00:45,-0.26197,-0.26197
2020-02-06 11:00:15,-0.27805,-0.27805
2020-02-06 11:00:45,-0.60521,-0.60521
2020-02-06 12:00:15,-0.63032,-0.63032
2020-02-06 12:00:45,-0.2016,-0.2016
2020-02-06 13:00:15,-0.24092,-0.24092
2020-02-06 13:00:45,-0.02803,-0.02803
2020-02-06 14:00:15,0.050259,0.050259
2020-02-06 14:00:45,0.45901,0.45901
2020-02-06 15:00:15,-0.14657,-0.14657
2020-02-06 15:00:45,0.73488,0.73488
2020-02-06 16:00:15,1.3469,1.3469
2020-02-06 16:00:45,0.93751,0.93751
2020-02-06 17:00:15,0.85076,0.85076
2020-02-06 17:00:45,0.49714,0.49714
2020-02-06 18:00:15,0.16717,0.16717
2020-02-06 18:00:45,0.1838,0.1838
2020-02-06 19:00:15,0.12551,0.12551
2020-02-06 19:00:45,0.25889,0.25889
2020-02-06 20:00:15,-0.077709,-0.077709
2020-02-06 20:00:45,-0.045696,-0.045696
2020-02-06 21:00:15,-0.11835,-0.11835
2020-02-06 21:00:45,-0.015365,-0.015365
2020-02-06 22:00:15,-0.026729,-0.026729
2020-02-06 22:00:45,-0.037401,-0.037401
2020-02-06 23:00:15,-0.043877,-0.043877
2020-02-06 23:00:45,-0.12013,-0.12013
2020-02-07 00:00:15,-0.082335,-0.082335
2020-02-07 00:00:45,-0.073721,-0.073721
2020-02-07 01:00:15,-0.096626,-0.096626
2020-02-07 01:00:45,-0.057606,-0.057606
2020-02-07 02:00:15,0.14285,0.14285
2020-02-07 02:00:45,-0.090951,-0.090951
2020-02-07 03:00:15,-0.048586,-0.048586
2020-02-07 03:00:45,-0.01561,-0.01561
2020-02-07 04:00:15,0.03511,0.03511
2020-02-07 04:00:45,-0.11445,-0.11445
2020-02-07 05:00:15,-0.14198,-0.14198
2020-02-07 05:00:45,-0.013013,-0.013013
2020-02-07 06:00:15,-0.000465,-0.000465
2020-02-07 06:00:45,-0.11333,-0.11333
2020-02-07 07:00:15,-0.083282,-0.083282
2020-02-07 07:00:45,-0.11299,-0.11299
2020-02-07 08:00:15,-0.14695,-0.14695
2020-02-07 08:00:45,-0.2801,-0.2801
2020-02-07 09:00:15,0.092672,0.092672
2020-02-07 09:00:45,-0.04245,-0.04245
2020-02-07 10:00:15,0.26106,0.26106
2020-02-07 10:00:45,-0.052958,-0.052958
2020-02-07 11:00:15,-0.14402,-0.14402
2020-02-07 11:00:45,-0.008235,-0.008235
2020-02-07 12:00:15,0.001745,0.001745
2020-02-07 12:00:45,-0.15641,-0.15641
2020-02-07 13:00:15,-0.27699,-0.27699
2020-02-07 13:00:45,-0.087575,-0.087575
2020-02-07 14:00:15,0.25539,0.25539
2020-02-07 14:00:45,0.90492,0.90492
2020-02-07 15:00:15,0.88644,0.88644
2020-02-07 15:00:45,0.63325,0.63325
2020-02-07 16:00:15,0.7582,0.7582
2020-02-07 16:00:45,0.77621,0.77621
2020-02-07 17:00:15,0.94376,0.94376
2020-02-07 17:00:45,0.23489,0.23489
2020-02-07 18:00:15,0.081664,0.081664
2020-02-07 18:00:45,0.1458,0.1458
2020-02-07 19:00:15,0.10263,0.10263
2020-02-07 19:00:45,0.055714,0.055714
2020-02-07 20:00:15,,0.0126930375
2020-02-07 20:00:45,0.060298,0.060298
2020-02-07 21:00:15,0.060536,0.060536
2020-02-07 21:00:45,0.014198,0.014198
2020-02-07 22:00:15,0.013017,0.013017
2020-02-07 22:00:45,0.002003,0.002003
2020-02-07 23:00:15,0.14244,0.14244
2020-02-07 23:00:45,-0.089721,-0.089721
2020-02-08 00:00:15,0.025437,0.025437
2020-02-08 00:00:45,-0.008402,-0.008402
2020-02-08 01:00:15,-0.096774,-0.096774
2020-02-08 01:00:45,-0.12661,-0.12661
2020-02-08 02:00:15,-0.10305,-0.10305
2020-02-08 02:00:45,-0.13008,-0.13008
2020-02-08 03:00:15,-0.059824,-0.059824
2020-02-08 03:00:45,-0.077677,-0.077677
2020-02-08 04:00:15,-0.11201,-0.11201
2020-02-08 04:00:45,-0.054221,-0.054221
2020-02-08 05:00:15,-0.070128,-0.070128
2020-02-08 05:00:45,-0.14283,-0.14283
2020-02-08 06:00:15,-0.047114,-0.047114
2020-02-08 06:00:45,-0.067869,-0.067869
2020-02-08 07:00:15,-0.11066,-0.11066
2020-02-08 07:00:45,-0.18533,-0.18533
2020-02-08 08:00:15,-0.52169,-0.52169
2020-02-08 08:00:45,-0.80159,-0.80159
2020-02-08 09:00:15,-0.23684,-0.23684
2020-02-08 09:00:45,-0.061254,-0.061254
2020-02-08 10:00:15,-0.044912,-0.044912
2020-02-08 10:00:45,0.037175,0.037175
2020-02-08 11:00:15,0.026741,0.026741
2020-02-08 11:00:45,0.047673,0.047673
2020-02-08 12:00:15,-0.28439,-0.28439
2020-02-08 12:00:45,-0.90035,-0.90035
2020-02-08 13:00:15,-0.5959,-0.5959
2020-02-08 13:00:45,-0.66891,-0.66891
2020-02-08 14:00:15,-0.44144,-0.44144
2020-02-08 14:00:45,-0.39429,-0.39429
2020-02-08 15:00:15,-0.12384,-0.12384
2020-02-08 15:00:45,-0.24145,-0.24145
2020-02-08 16:00:15,-0.005785,-0.005785
2020-02-08 16:00:45,0.053982,0.053982
2020-02-08 17:00:15,0.093296,0.093296
2020-02-08 17:00:45,0.17293,0.17293
2020-02-08 18:00:15,0.2011,0.2011
2020-02-08 18:00:45,0.14257,0.14257
2020-02-08 19:00:15,0.21538,0.21538
2020-02-08 19:00:45,0.19411,0.19411
2020-02-08 20:00:15,0.06753,0.06753
2020-02-08 20:00:45,-0.009699,-0.009699
2020-02-08 21:00:15,-0.083237,-0.083237
2020-02-08 21:00:45,-0.16675,-0.16675
2020-02-08 22:00:15,0.11141,0.11141
2020-02-08 22:00:45,,0.055905884999999995
2020-02-08 23:00:15,-0.028494,-0.028494
2020-02-08 23:00:45,0.018613,0.018613
2020-02-09 00:00:15,-0.041571,-0.041571
2020-02-09 00:00:45,-0.040666,-0.040666
2020-02-09 01:00:15,-0.034182,-0.034182
2020-02-09 01:00:45,-0.11486,-0.11486
2020-02-09 02:00:15,-0.13252,-0.13252
2020-02-09 02:00:45,-0.054308,-0.054308
2020-02-09 03:00:15,-0.17763,-0.17763
2020-02-09 03:00:45,-0.033128,-0.033128
2020-02-09 04:00:15,-0.099699,-0.099699
2020-02-09 04:00:45,-0.023029,-0.023029
2020-02-09 05:00:15,-0.13948,-0.13948
2020-02-09 05:00:45,0.003635,0.003635
2020-02-09 06:00:15,-0.019968,-0.019968
2020-02-09 06:00:45,-0.086986,-0.086986
2020-02-09 07:00:15,-0.10099,-0.10099
2020-02-09 07:00:45,-0.08819,-0.08819
2020-02-09 08:00:15,-0.096665,-0.096665
2020-02-09 08:00:45,-0.31448,-0.31448
2020-02-09 09:00:15,-0.32731,-0.32731
2020-02-09 09:00:45,-0.11715,-0.11715
2020-02-09 10:00:15,-0.015402,-0.015402
2020-02-09 10:00:45,-6.6e-05,-6.6e-05
2020-02-09 11:00:15,-0.081716,-0.081716
2020-02-09 11:00:45,-0.049044,-0.049044
2020-02-09 12:00:15,-0.30339,-0.30339
2020-02-09 12:00:45,-0.41317,-0.41317
2020-02-09 13:00:15,-0.34823,-0.34823
2020-02-09 13:00:45,-0.21863,-0.21863
2020-02-09 14:00:15,-0.62372,-0.62372
2020-02-09 14:00:45,-0.42539,-0.42539
2020-02-09 15:00:15,-0.38004,-0.38004
2020-02-09 15:00:45,-0.32109,-0.32109
2020-02-09 16:00:15,-0.025894,-0.025894
2020-02-09 16:00:45,0.035708,0.035708
2020-02-09 17:00:15,0.094624,0.094624
2020-02-09 17:00:45,0.063428,0.063428
2020-02-09 18:00:15,0.14144,0.14144
2020-02-09 18:00:45,0.13032,0.13032
2020-02-09 19:00:15,0.066998,0.066998
2020-02-09 19:00:45,0.22761,0.22761
2020-02-09 20:00:15,0.11999,0.11999
2020-02-09 20:00:45,,0.1935414175
2020-02-09 21:00:15,0.2966,0.2966
2020-02-09 21:00:45,0.31979,0.31979
2020-02-09 22:00:15,0.23489,0.23489
2020-02-09 22:00:45,0.43363,0.43363
2020-02-09 23:00:15,0.088063,0.088063
2020-02-09 23:00:45,-0.16333,-0.16333
2020-02-10 00:00:15,,0.17259281249999997
2020-02-10 00:00:45,-0.049981,-0.049981
2020-02-10 01:00:15,-0.02009,-0.02009
2020-02-10 01:00:45,0.61842,0.61842
2020-02-10 02:00:15,,1.2519314824999999
2020-02-10 02:00:45,3.6147,3.6147
2020-02-10 03:00:15,,0.6094492524999999
2020-02-10 03:00:45,,0.11620265249999998
2020-02-10 04:00:15,-0.000288,-0.000288
2020-02-10 04:00:45,,0.4458149525
2020-02-10 05:00:15,,0.29216366250000014
2020-02-10 05:00:45,,0.21104771250000007
2020-02-10 06:00:15,,0.20081423750000002
2020-02-10 06:00:45,,0.38577373000000004
2020-02-10 07:00:15,,0.1858178675
2020-02-10 07:00:45,,0.06349164500000001
2020-02-10 08:00:15,,-0.06607141999999999
2020-02-10 08:00:45,,-0.06767574250000001
2020-02-10 09:00:15,,-0.0772716425
2020-02-10 09:00:45,,-0.111736065
2020-02-10 10:00:15,,-0.09598810249999999
2020-02-10 10:00:45,,-0.010177782499999996
2020-02-10 11:00:15,,0.2789027875
2020-02-10 11:00:45,,0.08295768249999999
2020-02-10 12:00:15,,-0.06663949000000004
2020-02-10 12:00:45,-0.20703,-0.20703
2020-02-10 13:00:15,0.5529,0.5529
2020-02-10 13:00:45,-1.2128,-1.2128
2020-02-10 14:00:15,,-0.07317199000000005
2020-02-10 14:00:45,0.335,0.335
2020-02-10 15:00:15,-0.21095,-0.21095
2020-02-10 15:00:45,-0.28549,-0.28549
2020-02-10 16:00:15,0.14148,0.14148
2020-02-10 16:00:45,,0.03474830250000001
2020-02-10 17:00:15,,-0.025350002499999982
2020-02-10 17:00:45,,0.33126218249999995
2020-02-10 18:00:15,,0.45057688250000005
2020-02-10 18:00:45,,0.481087315
2020-02-10 19:00:15,,0.5997681775000002
2020-02-10 19:00:45,-0.031587,-0.031587
2020-02-10 20:00:15,,0.39661091000000004
2020-02-10 20:00:45,0.62514,0.62514
2020-02-10 21:00:15,0.6168,0.6168
2020-02-10 21:00:45,,0.45031038749999996
2020-02-10 22:00:15,,0.4012390875
2020-02-10 22:00:45,,0.5074812725
2020-02-10 23:00:15,2.1095,2.1095
2020-02-10 23:00:45,,0.4860213600000001
2020-02-11 00:00:15,,0.5056108500000001
2020-02-11 00:00:45,,0.4935803050000001
2020-02-11 01:00:15,,0.6156671775000001
2020-02-11 01:00:45,0.70533,0.70533
2020-02-11 02:00:15,,0.750648735
2020-02-11 02:00:45,,0.94099628
2020-02-11 03:00:15,,1.3322421575
2020-02-11 03:00:45,2.0646,2.0646
2020-02-11 04:00:15,2.8629,2.8629
2020-02-11 04:00:45,3.4087,3.4087
2020-02-11 05:00:15,3.833,3.833
2020-02-11 05:00:45,3.4681,3.4681
2020-02-11 06:00:15,3.7441,3.7441
2020-02-11 06:00:45,4.0296,4.0296
2020-02-11 07:00:15,3.8741,3.8741
2020-02-11 07:00:45,3.8446,3.8446
2020-02-11 08:00:15,,3.291871250000001
2020-02-11 08:00:45,,3.2435286000000016
2020-02-11 09:00:15,3.6351,3.6351
2020-02-11 09:00:45,4.301,4.301
2020-02-11 10:00:15,4.2114,4.2114
2020-02-11 10:00:45,3.0161,3.0161
2020-02-11 11:00:15,3.2509,3.2509
2020-02-11 11:00:45,2.1839,2.1839
2020-02-11 12:00:15,0.97806,0.97806
2020-02-11 12:00:45,1.8527,1.8527
2020-02-11 13:00:15,1.2565,1.2565
2020-02-11 13:00:45,2.2471,2.2471
2020-02-11 14:00:15,2.1856,2.1856
2020-02-11 14:00:45,1.0727,1.0727
2020-02-11 15:00:15,1.643,1.643
2020-02-11 15:00:45,1.7289,1.7289
2020-02-11 16:00:15,1.5145,1.5145
2020-02-11 16:00:45,1.623,1.623
2020-02-11 17:00:15,0.66155,0.66155
2020-02-11 17:00:45,0.4888,0.4888
2020-02-11 18:00:15,-0.090966,-0.090966
2020-02-11 18:00:45,0.16094,0.16094
2020-02-11 19:00:15,0.21918,0.21918
2020-02-11 19:00:45,0.43623,0.43623
2020-02-11 20:00:15,0.30374,0.30374
2020-02-11 20:00:45,,0.2831868699999999
2020-02-11 21:00:15,,0.2779900749999999
2020-02-11 21:00:45,0.47452,0.47452
2020-02-11 22:00:15,0.074849,0.074849
2020-02-11 22:00:45,0.22143,0.22143
2020-02-11 23:00:15,-0.094909,-0.094909
2020-02-11 23:00:45,-0.012086,-0.012086
2020-02-12 00:00:15,,0.22789750499999994
2020-02-12 00:00:45,-0.13241,-0.13241
2020-02-12 01:00:15,,0.5691664124999998
2020-02-12 01:00:45,,0.4099770024999999
2020-02-12 02:00:15,,0.4425349674999998
2020-02-12 02:00:45,,0.40070491249999984
2020-02-12 03:00:15,0.28823,0.28823
2020-02-12 03:00:45,0.85556,0.85556
2020-02-12 04:00:15,,0.4230701924999999
2020-02-12 04:00:45,0.38449,0.38449
2020-02-12 05:00:15,0.32863,0.32863
2020-02-12 05:00:45,0.3301,0.3301
2020-02-12 06:00:15,0.61679,0.61679
2020-02-12 06:00:45,1.3624,1.3624
2020-02-12 07:00:15,0.38575,0.38575
2020-02-12 07:00:45,1.1888,1.1888
2020-02-12 08:00:15,0.78007,0.78007
2020-02-12 08:00:45,0.5446,0.5446
2020-02-12 09:00:15,,0.5706663475
2020-02-12 09:00:45,,0.42280742749999994
2020-02-12 10:00:15,0.18827,0.18827
2020-02-12 10:00:45,0.42857,0.42857
2020-02-12 11:00:15,0.16944,0.16944
2020-02-12 11:00:45,0.32226,0.32226
2020-02-12 12:00:15,0.080117,0.080117
2020-02-12 12:00:45,0.41545,0.41545
2020-02-12 13:00:15,,0.20991023250000007
2020-02-12 13:00:45,0.31425,0.31425
2020-02-12 14:00:15,-0.013802,-0.013802
2020-02-12 14:00:45,0.67037,0.67037
2020-02-12 15:00:15,0.004033,0.004033
2020-02-12 15:00:45,0.22429,0.22429
2020-02-12 16:00:15,-0.20937,-0.20937
2020-02-12 16:00:45,-0.068817,-0.068817
2020-02-12 17:00:15,0.013783,0.013783
2020-02-12 17:00:45,0.41279,0.41279
2020-02-12 18:00:15,0.053467,0.053467
2020-02-12 18:00:45,0.087002,0.087002
2020-02-12 19:00:15,0.008607,0.008607
2020-02-12 19:00:45,-0.10404,-0.10404
2020-02-12 20:00:15,-0.048897,-0.048897
2020-02-12 20:00:45,-0.10676,-0.10676
2020-02-12 21:00:15,-0.059265,-0.059265
2020-02-12 21:00:45,-0.04342,-0.04342
2020-02-12 22:00:15,0.001859,0.001859
2020-02-12 22:00:45,0.022261,0.022261
2020-02-12 23:00:15,0.039653,0.039653
2020-02-12 23:00:45,0.012382,0.012382
2020-02-13 00:00:15,0.023792,0.023792
2020-02-13 00:00:45,0.31666,0.31666
2020-02-13 01:00:15,0.30652,0.30652
2020-02-13 01:00:45,0.35393,0.35393
2020-02-13 02:00:15,0.36937,0.36937
2020-02-13 02:00:45,0.34711,0.34711
2020-02-13 03:00:15,0.31217,0.31217
2020-02-13 03:00:45,0.31229,0.31229
2020-02-13 04:00:15,0.35801,0.35801
2020-02-13 04:00:45,0.40736,0.40736
2020-02-13 05:00:15,0.40085,0.40085
2020-02-13 05:00:45,0.40962,0.40962
2020-02-13 06:00:15,0.40164,0.40164
2020-02-13 06:00:45,0.40701,0.40701
2020-02-13 07:00:15,0.42392,0.42392
2020-02-13 07:00:45,0.90472,0.90472
2020-02-13 08:00:15,0.65371,0.65371
2020-02-13 08:00:45,-0.42964,-0.42964
2020-02-13 09:00:15,-0.46592,-0.46592
2020-02-13 09:00:45,-0.36421,-0.36421
2020-02-13 10:00:15,-0.013146,-0.013146
2020-02-13 10:00:45,-0.10301,-0.10301
2020-02-13 11:00:15,-0.030775,-0.030775
2020-02-13 11:00:45,-0.11905,-0.11905
2020-02-13 12:00:15,-0.31935,-0.31935
2020-02-13 12:00:45,0.30358,0.30358
2020-02-13 13:00:15,-0.32188,-0.32188
2020-02-13 13:00:45,-0.29425,-0.29425
2020-02-13 14:00:15,-0.39459,-0.39459
2020-02-13 14:00:45,-0.50627,-0.50627
2020-02-13 15:00:15,-0.38154,-0.38154
2020-02-13 15:00:45,-0.34508,-0.34508
2020-02-13 16:00:15,-0.17512,-0.17512
2020-02-13 16:00:45,-0.28991,-0.28991
2020-02-13 17:00:15,-0.12639,-0.12639
2020-02-13 17:00:45,0.035296,0.035296
2020-02-13 18:00:15,-0.004434,-0.004434
2020-02-13 18:00:45,-0.12004,-0.12004
2020-02-13 19:00:15,-0.051835,-0.051835
2020-02-13 19:00:45,-0.10163,-0.10163
2020-02-13 20:00:15,-0.16364,-0.16364
2020-02-13 20:00:45,-0.1016,-0.1016
2020-02-13 21:00:15,-0.077124,-0.077124
2020-02-13 21:00:45,-0.096006,-0.096006
2020-02-13 22:00:15,-0.16718,-0.16718
2020-02-13 22:00:45,-0.073368,-0.073368
2020-02-13 23:00:15,-0.092391,-0.092391
2020-02-13 23:00:45,-0.11347,-0.11347
2020-02-14 00:00:15,-0.071019,-0.071019
2020-02-14 00:00:45,-0.11706,-0.11706
2020-02-14 01:00:15,-0.072521,-0.072521
2020-02-14 01:00:45,0.007081,0.007081
2020-02-14 02:00:15,0.012922,0.012922
2020-02-14 02:00:45,,-0.0073053725
2020-02-14 03:00:15,0.030223,0.030223
2020-02-14 03:00:45,-0.039372,-0.039372
2020-02-14 04:00:15,-0.033668,-0.033668
2020-02-14 04:00:45,,0.23206600000000002
2020-02-14 05:00:15,-0.042431,-0.042431
2020-02-14 05:00:45,,0.04937693500000002
2020-02-14 06:00:15,,0.270130795
2020-02-14 06:00:45,0.30838,0.30838
2020-02-14 07:00:15,0.31233,0.31233
2020-02-14 07:00:45,0.79524,0.79524
2020-02-14 08:00:15,0.13014,0.13014
2020-02-14 08:00:45,-0.39566,-0.39566
2020-02-14 09:00:15,-0.16672,-0.16672
2020-02-14 09:00:45,-0.33385,-0.33385
2020-02-14 10:00:15,-0.11987,-0.11987
2020-02-14 10:00:45,-0.78833,-0.78833
2020-02-14 11:00:15,-0.13451,-0.13451
2020-02-14 11:00:45,0.69135,0.69135
2020-02-14 12:00:15,0.49726,0.49726
2020-02-14 12:00:45,0.15368,0.15368
2020-02-14 13:00:15,-0.33818,-0.33818
2020-02-14 13:00:45,-0.17965,-0.17965
2020-02-14 14:00:15,-0.55292,-0.55292
2020-02-14 14:00:45,-0.34961,-0.34961
2020-02-14 15:00:15,-0.32607,-0.32607
2020-02-14 15:00:45,-0.29979,-0.29979
2020-02-14 16:00:15,-0.1915,-0.1915
2020-02-14 16:00:45,-0.10377,-0.10377
2020-02-14 17:00:15,0.099478,0.099478
2020-02-14 17:00:45,0.092192,0.092192
2020-02-14 18:00:15,0.11845,0.11845
2020-02-14 18:00:45,-0.008795,-0.008795
2020-02-14 19:00:15,-0.002574,-0.002574
2020-02-14 19:00:45,0.019215,0.019215
2020-02-14 20:00:15,-0.0156,-0.0156
2020-02-14 20:00:45,0.04449,0.04449
2020-02-14 21:00:15,0.072134,0.072134
2020-02-14 21:00:45,-0.016602,-0.016602
2020-02-14 22:00:15,-0.08094,-0.08094
2020-02-14 22:00:45,-0.049044,-0.049044
2020-02-14 23:00:15,-0.057006,-0.057006
2020-02-14 23:00:45,-0.049042,-0.049042
2020-02-15 00:00:15,-0.045098,-0.045098
2020-02-15 00:00:45,0.032224,0.032224
2020-02-15 01:00:15,0.007321,0.007321
2020-02-15 01:00:45,-0.029983,-0.029983
2020-02-15 02:00:15,0.029355,0.029355
2020-02-15 02:00:45,-0.018669,-0.018669
2020-02-15 03:00:15,-0.028699,-0.028699
2020-02-15 03:00:45,-0.065517,-0.065517
2020-02-15 04:00:15,-0.03818,-0.03818
2020-02-15 04:00:45,-0.025968,-0.025968
2020-02-15 05:00:15,-0.064499,-0.064499
2020-02-15 05:00:45,-0.10796,-0.10796
2020-02-15 06:00:15,-0.15571,-0.15571
2020-02-15 06:00:45,0.033233,0.033233
2020-02-15 07:00:15,-0.13266,-0.13266
2020-02-15 07:00:45,-0.15335,-0.15335
2020-02-15 08:00:15,-0.35111,-0.35111
2020-02-15 08:00:45,-0.32391,-0.32391
2020-02-15 09:00:15,-0.23257,-0.23257
2020-02-15 09:00:45,0.088641,0.088641
2020-02-15 10:00:15,0.057826,0.057826
2020-02-15 10:00:45,0.18278,0.18278
2020-02-15 11:00:15,0.40484,0.40484
2020-02-15 11:00:45,0.19359,0.19359
2020-02-15 12:00:15,0.21178,0.21178
2020-02-15 12:00:45,0.29388,0.29388
2020-02-15 13:00:15,0.41817,0.41817
2020-02-15 13:00:45,0.54065,0.54065
2020-02-15 14:00:15,0.28105,0.28105
2020-02-15 14:00:45,0.10556,0.10556
2020-02-15 15:00:15,-0.027859,-0.027859
2020-02-15 15:00:45,0.16496,0.16496
2020-02-15 16:00:15,0.089596,0.089596
2020-02-15 16:00:45,0.071607,0.071607
2020-02-15 17:00:15,0.072564,0.072564
2020-02-15 17:00:45,-0.01739,-0.01739
2020-02-15 18:00:15,-0.068929,-0.068929
2020-02-15 18:00:45,-0.066426,-0.066426
2020-02-15 19:00:15,0.051405,0.051405
2020-02-15 19:00:45,,-0.024247487500000012
2020-02-15 20:00:15,-0.12991,-0.12991
2020-02-15 20:00:45,-0.13931,-0.13931
2020-02-15 21:00:15,0.029372,0.029372
2020-02-15 21:00:45,-0.050604,-0.050604
2020-02-15 22:00:15,-0.088788,-0.088788
2020-02-15 22:00:45,-0.075922,-0.075922
2020-02-15 23:00:15,-0.16179,-0.16179
2020-02-15 23:00:45,-0.001261,-0.001261
2020-02-16 00:00:15,-0.059014,-0.059014
2020-02-16 00:00:45,0.022488,0.022488
2020-02-16 01:00:15,-0.014914,-0.014914
2020-02-16 01:00:45,,-0.03493196499999999
2020-02-16 02:00:15,-0.014227,-0.014227
2020-02-16 02:00:45,-0.022568,-0.022568
2020-02-16 03:00:15,0.058697,0.058697
2020-02-16 03:00:45,0.022155,0.022155
2020-02-16 04:00:15,0.003252,0.003252
2020-02-16 04:00:45,0.006065,0.006065
2020-02-16 05:00:15,-0.015147,-0.015147
2020-02-16 05:00:45,-0.020424,-0.020424
2020-02-16 06:00:15,-0.0229,-0.0229
2020-02-16 06:00:45,-0.0832,-0.0832
2020-02-16 07:00:15,-0.052327,-0.052327
2020-02-16 07:00:45,-0.23085,-0.23085
2020-02-16 08:00:15,-0.30791,-0.30791
2020-02-16 08:00:45,-0.080423,-0.080423
2020-02-16 09:00:15,-0.05048,-0.05048
2020-02-16 09:00:45,0.12554,0.12554
2020-02-16 10:00:15,0.096723,0.096723
2020-02-16 10:00:45,0.011015,0.011015
2020-02-16 11:00:15,-0.083389,-0.083389
2020-02-16 11:00:45,-0.052483,-0.052483
2020-02-16 12:00:15,0.32559,0.32559
2020-02-16 12:00:45,-0.10027,-0.10027
2020-02-16 13:00:15,0.066103,0.066103
2020-02-16 13:00:45,0.29796,0.29796
2020-02-16 14:00:15,0.11577,0.11577
2020-02-16 14:00:45,0.11941,0.11941
2020-02-16 15:00:15,0.16059,0.16059
2020-02-16 15:00:45,0.28468,0.28468
2020-02-16 16:00:15,0.40261,0.40261
2020-02-16 16:00:45,0.41413,0.41413
2020-02-16 17:00:15,0.17503,0.17503
2020-02-16 17:00:45,0.099854,0.099854
2020-02-16 18:00:15,-0.052432,-0.052432
2020-02-16 18:00:45,0.059003,0.059003
2020-02-16 19:00:15,0.23636,0.23636
2020-02-16 19:00:45,0.11553,0.11553
2020-02-16 20:00:15,-0.016269,-0.016269
2020-02-16 20:00:45,-0.02698,-0.02698
2020-02-16 21:00:15,0.011541,0.011541
2020-02-16 21:00:45,-0.044913,-0.044913
2020-02-16 22:00:15,0.1651,0.1651
2020-02-16 22:00:45,0.017029,0.017029
2020-02-16 23:00:15,-0.09082,-0.09082
2020-02-16 23:00:45,-0.10195,-0.10195
2020-02-17 00:00:15,-0.087973,-0.087973
2020-02-17 00:00:45,-0.020335,-0.020335
2020-02-17 01:00:15,-0.057536,-0.057536
2020-02-17 01:00:45,-0.09222,-0.09222
2020-02-17 02:00:15,-0.13558,-0.13558
2020-02-17 02:00:45,-0.072944,-0.072944
2020-02-17 03:00:15,-0.044773,-0.044773
2020-02-17 03:00:45,-0.026035,-0.026035
2020-02-17 04:00:15,-0.058135,-0.058135
2020-02-17 04:00:45,-0.061651,-0.061651
2020-02-17 05:00:15,-0.076309,-0.076309
2020-02-17 05:00:45,-0.038362,-0.038362
2020-02-17 06:00:15,-0.12506,-0.12506
2020-02-17 06:00:45,-0.12308,-0.12308
2020-02-17 07:00:15,-0.12305,-0.12305
2020-02-17 07:00:45,-0.068973,-0.068973
2020-02-17 08:00:15,-0.12565,-0.12565
2020-02-17 08:00:45,-0.093554,-0.093554
2020-02-17 09:00:15,0.27466,0.27466
2020-02-17 09:00:45,-0.049957,-0.049957
2020-02-17 10:00:15,-0.005592,-0.005592
2020-02-17 10:00:45,0.14925,0.14925
2020-02-17 11:00:15,0.17366,0.17366
2020-02-17 11:00:45,0.53293,0.53293
2020-02-17 12:00:15,0.42386,0.42386
2020-02-17 12:00:45,0.15667,0.15667
2020-02-17 13:00:15,0.022057,0.022057
2020-02-17 13:00:45,0.12764,0.12764
2020-02-17 14:00:15,0.011996,0.011996
2020-02-17 14:00:45,0.047238,0.047238
2020-02-17 15:00:15,-0.056037,-0.056037
2020-02-17 15:00:45,-0.021704,-0.021704
2020-02-17 16:00:15,0.17328,0.17328
2020-02-17 16:00:45,0.33032,0.33032
2020-02-17 17:00:15,0.34036,0.34036
2020-02-17 17:00:45,0.30125,0.30125
2020-02-17 18:00:15,0.066994,0.066994
2020-02-17 18:00:45,0.018916,0.018916
2020-02-17 19:00:15,-0.026075,-0.026075
2020-02-17 19:00:45,-0.080775,-0.080775
2020-02-17 20:00:15,-0.10373,-0.10373
2020-02-17 20:00:45,,0.010246725000000003
2020-02-17 21:00:15,0.013365,0.013365
2020-02-17 21:00:45,-0.11386,-0.11386
2020-02-17 22:00:15,-0.054288,-0.054288
2020-02-17 22:00:45,-0.013394,-0.013394
2020-02-17 23:00:15,,-0.0672577775
2020-02-17 23:00:45,-0.10021,-0.10021
2020-02-18 00:00:15,-0.014073,-0.014073
2020-02-18 00:00:45,0.017624,0.017624
2020-02-18 01:00:15,0.10028,0.10028
2020-02-18 01:00:45,-0.071705,-0.071705
2020-02-18 02:00:15,-0.089384,-0.089384
2020-02-18 02:00:45,-0.12746,-0.12746
2020-02-18 03:00:15,-0.058816,-0.058816
2020-02-18 03:00:45,-0.080275,-0.080275
2020-02-18 04:00:15,-0.036611,-0.036611
2020-02-18 04:00:45,-0.12821,-0.12821
2020-02-18 05:00:15,-0.046526,-0.046526
2020-02-18 05:00:45,0.14219,0.14219
2020-02-18 06:00:15,-0.045501,-0.045501
2020-02-18 06:00:45,-0.010717,-0.010717
2020-02-18 07:00:15,-0.22051,-0.22051
2020-02-18 07:00:45,0.072431,0.072431
2020-02-18 08:00:15,,-0.23197323249999996
2020-02-18 08:00:45,-0.35467,-0.35467
2020-02-18 09:00:15,-0.45069,-0.45069
2020-02-18 09:00:45,0.085868,0.085868
2020-02-18 10:00:15,-0.27501,-0.27501
2020-02-18 10:00:45,-0.6571,-0.6571
2020-02-18 11:00:15,-0.3507,-0.3507
2020-02-18 11:00:45,-0.16819,-0.16819
2020-02-18 12:00:15,-0.45185,-0.45185
2020-02-18 12:00:45,-0.26592,-0.26592
2020-02-18 13:00:15,-0.717,-0.717
2020-02-18 13:00:45,-0.49496,-0.49496
2020-02-18 14:00:15,-0.16192,-0.16192
2020-02-18 14:00:45,-0.57951,-0.57951
2020-02-18 15:00:15,-0.29203,-0.29203
2020-02-18 15:00:45,-0.28456,-0.28456
2020-02-18 16:00:15,-0.1471,-0.1471
2020-02-18 16:00:45,-0.35445,-0.35445
2020-02-18 17:00:15,-0.000511,-0.000511
2020-02-18 17:00:45,-0.70467,-0.70467
2020-02-18 18:00:15,0.14225,0.14225
2020-02-18 18:00:45,0.093034,0.093034
2020-02-18 19:00:15,0.28528,0.28528
2020-02-18 19:00:45,0.33254,0.33254
2020-02-18 20:00:15,0.29584,0.29584
2020-02-18 20:00:45,0.22487,0.22487
2020-02-18 21:00:15,0.32416,0.32416
2020-02-18 21:00:45,0.15493,0.15493
2020-02-18 22:00:15,0.041451,0.041451
2020-02-18 22:00:45,0.19427,0.19427
2020-02-18 23:00:15,0.23674,0.23674
2020-02-18 23:00:45,0.17327,0.17327
2020-02-19 00:00:15,0.092803,0.092803
2020-02-19 00:00:45,0.10223,0.10223
2020-02-19 01:00:15,0.054096,0.054096
2020-02-19 01:00:45,0.022522,0.022522
2020-02-19 02:00:15,0.013711,0.013711
2020-02-19 02:00:45,-0.13491,-0.13491
2020-02-19 03:00:15,,-0.0292003875
2020-02-19 03:00:45,-0.14443,-0.14443
2020-02-19 04:00:15,,-0.045564364999999996
2020-02-19 04:00:45,0.039329,0.039329
2020-02-19 05:00:15,-0.039905,-0.039905
2020-02-19 05:00:45,-0.17236,-0.17236
2020-02-19 06:00:15,-0.069324,-0.069324
2020-02-19 06:00:45,-0.010691,-0.010691
2020-02-19 07:00:15,-0.3158,-0.3158
2020-02-19 07:00:45,-0.27161,-0.27161
2020-02-19 08:00:15,-0.07749,-0.07749
2020-02-19 08:00:45,-0.18889,-0.18889
2020-02-19 09:00:15,-0.78236,-0.78236
2020-02-19 09:00:45,-0.22202,-0.22202
2020-02-19 10:00:15,-0.4731,-0.4731
2020-02-19 10:00:45,-0.3517,-0.3517
2020-02-19 11:00:15,-0.25242,-0.25242
2020-02-19 11:00:45,-0.43218,-0.43218
2020-02-19 12:00:15,0.11326,0.11326
2020-02-19 12:00:45,-0.24875,-0.24875
2020-02-19 13:00:15,-0.58522,-0.58522
2020-02-19 13:00:45,-0.79339,-0.79339
2020-02-19 14:00:15,-0.4457,-0.4457
2020-02-19 14:00:45,-0.39627,-0.39627
2020-02-19 15:00:15,-0.2611,-0.2611
2020-02-19 15:00:45,-0.082423,-0.082423
2020-02-19 16:00:15,-0.081214,-0.081214
2020-02-19 16:00:45,-0.1727,-0.1727
2020-02-19 17:00:15,-0.008921,-0.008921
2020-02-19 17:00:45,-0.02239,-0.02239
2020-02-19 18:00:15,0.08409,0.08409
2020-02-19 18:00:45,0.10304,0.10304
2020-02-19 19:00:15,0.087609,0.087609
2020-02-19 19:00:45,0.094904,0.094904
2020-02-19 20:00:15,0.11177,0.11177
2020-02-19 20:00:45,-0.075181,-0.075181
2020-02-19 21:00:15,0.028567,0.028567
2020-02-19 21:00:45,,0.09412307000000002
2020-02-19 22:00:15,0.099083,0.099083
2020-02-19 22:00:45,-0.057419,-0.057419
2020-02-19 23:00:15,-0.026876,-0.026876
2020-02-19 23:00:45,-0.092476,-0.092476
2020-02-20 00:00:15,-0.054097,-0.054097
2020-02-20 00:00:45,-0.015478,-0.015478
2020-02-20 01:00:15,,0.008140235
2020-02-20 01:00:45,-0.006543,-0.006543
2020-02-20 02:00:15,0.28139,0.28139
2020-02-20 02:00:45,-0.078342,-0.078342
2020-02-20 03:00:15,-0.049548,-0.049548
2020-02-20 03:00:45,0.048559,0.048559
2020-02-20 04:00:15,,-0.05983318749999999
2020-02-20 04:00:45,-0.12445,-0.12445
2020-02-20 05:00:15,-0.19362,-0.19362
2020-02-20 05:00:45,,-0.03059328
2020-02-20 06:00:15,,-0.041039615
2020-02-20 06:00:45,,0.008423210000000007
2020-02-20 07:00:15,0.18438,0.18438
2020-02-20 07:00:45,-0.16483,-0.16483
2020-02-20 08:00:15,-0.023259,-0.023259
2020-02-20 08:00:45,-0.050667,-0.050667
2020-02-20 09:00:15,-0.41206,-0.41206
2020-02-20 09:00:45,-0.056708,-0.056708
2020-02-20 10:00:15,-0.86339,-0.86339
2020-02-20 10:00:45,-0.37613,-0.37613
2020-02-20 11:00:15,-0.27256,-0.27256
2020-02-20 11:00:45,-0.49304,-0.49304
2020-02-20 12:00:15,-0.804,-0.804
2020-02-20 12:00:45,-0.88475,-0.88475
2020-02-20 13:00:15,-0.37355,-0.37355
2020-02-20 13:00:45,-0.88642,-0.88642
2020-02-20 14:00:15,-0.75814,-0.75814
2020-02-20 14:00:45,-0.69492,-0.69492
2020-02-20 15:00:15,-0.51953,-0.51953
2020-02-20 15:00:45,-0.41112,-0.41112
2020-02-20 16:00:15,-1.0791,-1.0791
2020-02-20 16:00:45,-0.5124,-0.5124
2020-02-20 17:00:15,-0.32498,-0.32498
2020-02-20 17:00:45,-0.15097,-0.15097
2020-02-20 18:00:15,-0.090587,-0.090587
2020-02-20 18:00:45,-0.16925,-0.16925
2020-02-20 19:00:15,-0.17892,-0.17892
2020-02-20 19:00:45,-0.091214,-0.091214
2020-02-20 20:00:15,-0.18649,-0.18649
2020-02-20 20:00:45,-0.073697,-0.073697
2020-02-20 21:00:15,-0.189,-0.189
2020-02-20 21:00:45,-0.079506,-0.079506
2020-02-20 22:00:15,-0.12532,-0.12532
2020-02-20 22:00:45,-0.10313,-0.10313
2020-02-20 23:00:15,-0.083971,-0.083971
2020-02-20 23:00:45,,0.19870922500000002
2020-02-21 00:00:15,0.24211,0.24211
2020-02-21 00:00:45,0.2223,0.2223
2020-02-21 01:00:15,0.14701,0.14701
2020-02-21 01:00:45,0.22143,0.22143
2020-02-21 02:00:15,0.13382,0.13382
2020-02-21 02:00:45,0.11143,0.11143
2020-02-21 03:00:15,0.072986,0.072986
2020-02-21 03:00:45,0.24413,0.24413
2020-02-21 04:00:15,0.28782,0.28782
2020-02-21 04:00:45,0.052612,0.052612
2020-02-21 05:00:15,0.28987,0.28987
2020-02-21 05:00:45,0.29777,0.29777
2020-02-21 06:00:15,0.37663,0.37663
2020-02-21 06:00:45,0.16434,0.16434
2020-02-21 07:00:15,0.49029,0.49029
2020-02-21 07:00:45,0.88462,0.88462
2020-02-21 08:00:15,0.79022,0.79022
2020-02-21 08:00:45,-0.33083,-0.33083
2020-02-21 09:00:15,-1.5403,-1.5403
2020-02-21 09:00:45,0.25381,0.25381
2020-02-21 10:00:15,0.12402,0.12402
2020-02-21 10:00:45,1.4777,1.4777
2020-02-21 11:00:15,0.59435,0.59435
2020-02-21 11:00:45,-0.22368,-0.22368
2020-02-21 12:00:15,-0.70352,-0.70352
2020-02-21 12:00:45,-0.90458,-0.90458
2020-02-21 13:00:15,-0.27111,-0.27111
2020-02-21 13:00:45,-0.60927,-0.60927
2020-02-21 14:00:15,-0.26307,-0.26307
2020-02-21 14:00:45,-0.39195,-0.39195
2020-02-21 15:00:15,-0.35675,-0.35675
2020-02-21 15:00:45,-0.49795,-0.49795
2020-02-21 16:00:15,-0.21003,-0.21003
2020-02-21 16:00:45,-0.19423,-0.19423
2020-02-21 17:00:15,-0.078611,-0.078611
2020-02-21 17:00:45,-0.022261,-0.022261
2020-02-21 18:00:15,-0.000655,-0.000655
2020-02-21 18:00:45,-0.041689,-0.041689
2020-02-21 19:00:15,0.053083,0.053083
2020-02-21 19:00:45,-0.068489,-0.068489
2020-02-21 20:00:15,-0.099352,-0.099352
2020-02-21 20:00:45,-0.12976,-0.12976
2020-02-21 21:00:15,-0.074089,-0.074089
2020-02-21 21:00:45,-0.068197,-0.068197
2020-02-21 22:00:15,-0.065272,-0.065272
2020-02-21 22:00:45,-0.048349,-0.048349
2020-02-21 23:00:15,-0.057714,-0.057714
2020-02-21 23:00:45,-0.10596,-0.10596
2020-02-22 00:00:15,-0.19864,-0.19864
2020-02-22 00:00:45,-0.049182,-0.049182
2020-02-22 01:00:15,-0.098909,-0.098909
2020-02-22 01:00:45,-0.14116,-0.14116
2020-02-22 02:00:15,-0.13656,-0.13656
2020-02-22 02:00:45,-0.16505,-0.16505
2020-02-22 03:00:15,-0.04685,-0.04685
2020-02-22 03:00:45,-0.035589,-0.035589
2020-02-22 04:00:15,-0.015964,-0.015964
2020-02-22 04:00:45,-0.1999,-0.1999
2020-02-22 05:00:15,-0.32882,-0.32882
2020-02-22 05:00:45,0.67375,0.67375
2020-02-22 06:00:15,-2.0261,-2.0261
2020-02-22 06:00:45,-0.14597,-0.14597
2020-02-22 07:00:15,,0.08453892249999993
2020-02-22 07:00:45,1.9017,1.9017
2020-02-22 08:00:15,-0.4464,-0.4464
2020-02-22 08:00:45,0.93841,0.93841
2020-02-22 09:00:15,0.33848,0.33848
2020-02-22 09:00:45,0.44385,0.44385
2020-02-22 10:00:15,,0.19166775999999996
2020-02-22 10:00:45,,0.28224674499999997
2020-02-22 11:00:15,,0.30504946499999996
2020-02-22 11:00:45,,0.23167127249999997
2020-02-22 12:00:15,,-0.02876492750000001
2020-02-22 12:00:45,,0.23521774999999998
2020-02-22 13:00:15,0.42973,0.42973
2020-02-22 13:00:45,,0.171166275
2020-02-22 14:00:15,,0.28215229499999983
2020-02-22 14:00:45,,0.19712329999999995
2020-02-22 15:00:15,,0.3039259275
2020-02-22 15:00:45,,0.25401127250000005
2020-02-22 16:00:15,0.29324,0.29324
2020-02-22 16:00:45,0.18544,0.18544
2020-02-22 17:00:15,0.46438,0.46438
2020-02-22 17:00:45,0.10512,0.10512
2020-02-22 18:00:15,0.59046,0.59046
2020-02-22 18:00:45,0.015804,0.015804
2020-02-22 19:00:15,0.049251,0.049251
2020-02-22 19:00:45,0.124,0.124
2020-02-22 20:00:15,0.038852,0.038852
2020-02-22 20:00:45,0.28417,0.28417
2020-02-22 21:00:15,0.084479,0.084479
2020-02-22 21:00:45,0.051016,0.051016
2020-02-22 22:00:15,0.081943,0.081943
2020-02-22 22:00:45,0.15499,0.15499
2020-02-22 23:00:15,0.14439,0.14439
2020-02-22 23:00:45,-0.94641,-0.94641
2020-02-23 00:00:15,,-0.26841911500000004
2020-02-23 00:00:45,-0.2691,-0.2691
2020-02-23 01:00:15,,0.03103162
2020-02-23 01:00:45,,0.2779147449999999
2020-02-23 02:00:15,2.7247,2.7247
2020-02-23 02:00:45,0.02027,0.02027
2020-02-23 03:00:15,,0.4620608224999998
2020-02-23 03:00:45,0.33045,0.33045
2020-02-23 04:00:15,0.11078,0.11078
2020-02-23 04:00:45,,0.4540387649999997
2020-02-23 05:00:15,,0.20146616499999986
2020-02-23 05:00:45,,0.35732583749999985
2020-02-23 06:00:15,,0.26690315249999996
2020-02-23 06:00:45,,0.29044359999999986
2020-02-23 07:00:15,,0.28474225249999985
2020-02-23 07:00:45,,0.4556629124999998
2020-02-23 08:00:15,,0.25625110249999994
2020-02-23 08:00:45,-0.37233,-0.37233
2020-02-23 09:00:15,0.28842,0.28842
2020-02-23 09:00:45,-0.22969,-0.22969
2020-02-23 10:00:15,0.18983,0.18983
2020-02-23 10:00:45,0.58396,0.58396
2020-02-23 11:00:15,0.25594,0.25594
2020-02-23 11:00:45,0.2988,0.2988
2020-02-23 12:00:15,0.33829,0.33829
2020-02-23 12:00:45,0.059719,0.059719
2020-02-23 13:00:15,0.093138,0.093138
2020-02-23 13:00:45,0.047687,0.047687
2020-02-23 14:00:15,0.15143,0.15143
2020-02-23 14:00:45,0.18606,0.18606
2020-02-23 15:00:15,0.47033,0.47033
2020-02-23 15:00:45,0.25341,0.25341
2020-02-23 16:00:15,0.39896,0.39896
2020-02-23 16:00:45,0.51969,0.51969
2020-02-23 17:00:15,0.6972,0.6972
2020-02-23 17:00:45,0.64142,0.64142
2020-02-23 18:00:15,0.47257,0.47257
2020-02-23 18:00:45,0.45912,0.45912
2020-02-23 19:00:15,0.4795,0.4795
2020-02-23 19:00:45,0.4837,0.4837
2020-02-23 20:00:15,0.10974,0.10974
2020-02-23 20:00:45,0.25495,0.25495
2020-02-23 21:00:15,0.063571,0.063571
2020-02-23 21:00:45,-0.024808,-0.024808
2020-02-23 22:00:15,0.088892,0.088892
2020-02-23 22:00:45,-0.057058,-0.057058
2020-02-23 23:00:15,-0.13521,-0.13521
2020-02-23 23:00:45,-0.17247,-0.17247
2020-02-24 00:00:15,-0.14661,-0.14661
2020-02-24 00:00:45,-0.20194,-0.20194
2020-02-24 01:00:15,-0.17828,-0.17828
2020-02-24 01:00:45,-0.10955,-0.10955
2020-02-24 02:00:15,-0.1862,-0.1862
2020-02-24 02:00:45,-0.11195,-0.11195
2020-02-24 03:00:15,-0.027993,-0.027993
2020-02-24 03:00:45,-0.09211,-0.09211
2020-02-24 04:00:15,0.023125,0.023125
2020-02-24 04:00:45,-0.042078,-0.042078
2020-02-24 05:00:15,-0.083647,-0.083647
2020-02-24 05:00:45,,0.016499845000000016
2020-02-24 06:00:15,-0.070868,-0.070868
2020-02-24 06:00:45,,0.0779137600000001
2020-02-24 07:00:15,-0.1991,-0.1991
2020-02-24 07:00:45,-0.27744,-0.27744
2020-02-24 08:00:15,-0.42089,-0.42089
2020-02-24 08:00:45,-0.57859,-0.57859
2020-02-24 09:00:15,-0.28179,-0.28179
2020-02-24 09:00:45,-0.003931,-0.003931
2020-02-24 10:00:15,0.82863,0.82863
2020-02-24 10:00:45,0.53028,0.53028
2020-02-24 11:00:15,0.05761,0.05761
2020-02-24 11:00:45,0.1939,0.1939
2020-02-24 12:00:15,1.0124,1.0124
2020-02-24 12:00:45,0.45758,0.45758
2020-02-24 13:00:15,0.54109,0.54109
2020-02-24 13:00:45,0.82966,0.82966
2020-02-24 14:00:15,0.15936,0.15936
2020-02-24 14:00:45,0.83789,0.83789
2020-02-24 15:00:15,0.71216,0.71216
2020-02-24 15:00:45,0.88615,0.88615
2020-02-24 16:00:15,0.7902,0.7902
2020-02-24 16:00:45,0.86558,0.86558
2020-02-24 17:00:15,0.5266,0.5266
2020-02-24 17:00:45,0.010795,0.010795
2020-02-24 18:00:15,-0.036387,-0.036387
2020-02-24 18:00:45,0.10591,0.10591
2020-02-24 19:00:15,-0.068352,-0.068352
2020-02-24 19:00:45,0.11722,0.11722
2020-02-24 20:00:15,0.20143,0.20143
2020-02-24 20:00:45,0.095364,0.095364
2020-02-24 21:00:15,-0.006182,-0.006182
2020-02-24 21:00:45,0.093075,0.093075
2020-02-24 22:00:15,-0.066969,-0.066969
2020-02-24 22:00:45,-0.17713,-0.17713
2020-02-24 23:00:15,-0.015798,-0.015798
2020-02-24 23:00:45,-0.19208,-0.19208
2020-02-25 00:00:15,-0.15734,-0.15734
2020-02-25 00:00:45,-0.02276,-0.02276
2020-02-25 01:00:15,-0.18879,-0.18879
2020-02-25 01:00:45,-0.070893,-0.070893
2020-02-25 02:00:15,-0.069674,-0.069674
2020-02-25 02:00:45,0.30344,0.30344
2020-02-25 03:00:15,0.33126,0.33126
2020-02-25 03:00:45,0.59715,0.59715
2020-02-25 04:00:15,0.18081,0.18081
2020-02-25 04:00:45,0.38795,0.38795
2020-02-25 05:00:15,0.30268,0.30268
2020-02-25 05:00:45,0.5125,0.5125
2020-02-25 06:00:15,0.26689,0.26689
2020-02-25 06:00:45,0.17416,0.17416
2020-02-25 07:00:15,0.50828,0.50828
2020-02-25 07:00:45,1.1845,1.1845
2020-02-25 08:00:15,0.25787,0.25787
2020-02-25 08:00:45,1.1781,1.1781
2020-02-25 09:00:15,1.0572,1.0572
2020-02-25 09:00:45,1.1126,1.1126
2020-02-25 10:00:15,0.40659,0.40659
2020-02-25 10:00:45,0.69027,0.69027
2020-02-25 11:00:15,0.77939,0.77939
2020-02-25 11:00:45,0.53646,0.53646
2020-02-25 12:00:15,0.5295,0.5295
2020-02-25 12:00:45,0.22458,0.22458
2020-02-25 13:00:15,-0.007408,-0.007408
2020-02-25 13:00:45,0.59276,0.59276
2020-02-25 14:00:15,0.47983,0.47983
2020-02-25 14:00:45,0.24363,0.24363
2020-02-25 15:00:15,0.3291,0.3291
2020-02-25 15:00:45,0.051263,0.051263
2020-02-25 16:00:15,0.29706,0.29706
2020-02-25 16:00:45,0.4843,0.4843
2020-02-25 17:00:15,0.34931,0.34931
2020-02-25 17:00:45,0.17089,0.17089
2020-02-25 18:00:15,-0.019122,-0.019122
2020-02-25 18:00:45,-0.19814,-0.19814
2020-02-25 19:00:15,0.15703,0.15703
2020-02-25 19:00:45,0.30908,0.30908
2020-02-25 20:00:15,0.2675,0.2675
2020-02-25 20:00:45,0.19109,0.19109
2020-02-25 21:00:15,0.30954,0.30954
2020-02-25 21:00:45,0.37372,0.37372
2020-02-25 22:00:15,0.24691,0.24691
2020-02-25 22:00:45,0.58259,0.58259
2020-02-25 23:00:15,0.48514,0.48514
2020-02-25 23:00:45,0.53627,0.53627
2020-02-26 00:00:15,0.42379,0.42379
2020-02-26 00:00:45,0.5345,0.5345
2020-02-26 01:00:15,0.36901,0.36901
2020-02-26 01:00:45,0.3397,0.3397
2020-02-26 02:00:15,0.29149,0.29149
2020-02-26 02:00:45,0.21388,0.21388
2020-02-26 03:00:15,0.34944,0.34944
2020-02-26 03:00:45,0.41253,0.41253
2020-02-26 04:00:15,0.43213,0.43213
2020-02-26 04:00:45,0.49295,0.49295
2020-02-26 05:00:15,0.49964,0.49964
2020-02-26 05:00:45,0.38365,0.38365
2020-02-26 06:00:15,0.53552,0.53552
2020-02-26 06:00:45,0.4891,0.4891
2020-02-26 07:00:15,0.51711,0.51711
2020-02-26 07:00:45,0.28416,0.28416
2020-02-26 08:00:15,0.8322,0.8322
2020-02-26 08:00:45,0.90272,0.90272
2020-02-26 09:00:15,-0.20739,-0.20739
2020-02-26 09:00:45,-0.027594,-0.027594
2020-02-26 10:00:15,0.57323,0.57323
2020-02-26 10:00:45,0.74733,0.74733
2020-02-26 11:00:15,-0.4234,-0.4234
2020-02-26 11:00:45,0.066847,0.066847
2020-02-26 12:00:15,-0.023333,-0.023333
2020-02-26 12:00:45,0.21015,0.21015
2020-02-26 13:00:15,0.2346,0.2346
2020-02-26 13:00:45,0.39909,0.39909
2020-02-26 14:00:15,0.56195,0.56195
2020-02-26 14:00:45,0.21006,0.21006
2020-02-26 15:00:15,0.078301,0.078301
2020-02-26 15:00:45,0.14838,0.14838
2020-02-26 16:00:15,-0.30809,-0.30809
2020-02-26 16:00:45,-0.24199,-0.24199
2020-02-26 17:00:15,-0.26714,-0.26714
2020-02-26 17:00:45,-0.17767,-0.17767
2020-02-26 18:00:15,-0.18458,-0.18458
2020-02-26 18:00:45,-0.082395,-0.082395
2020-02-26 19:00:15,-0.008165,-0.008165
2020-02-26 19:00:45,-0.020695,-0.020695
2020-02-26 20:00:15,-0.03039,-0.03039
2020-02-26 20:00:45,-0.055598,-0.055598
2020-02-26 21:00:15,-0.062073,-0.062073
2020-02-26 21:00:45,-0.033005,-0.033005
2020-02-26 22:00:15,-0.023898,-0.023898
2020-02-26 22:00:45,-0.011535,-0.011535
2020-02-26 23:00:15,,-0.0395492125
2020-02-26 23:00:45,0.6474,0.6474
2020-02-27 00:00:15,0.23002,0.23002
2020-02-27 00:00:45,0.26795,0.26795
2020-02-27 01:00:15,0.25885,0.25885
2020-02-27 01:00:45,0.37726,0.37726
2020-02-27 02:00:15,0.33548,0.33548
2020-02-27 02:00:45,0.3441,0.3441
2020-02-27 03:00:15,0.37421,0.37421
2020-02-27 03:00:45,0.37389,0.37389
2020-02-27 04:00:15,0.36619,0.36619
2020-02-27 04:00:45,0.37507,0.37507
2020-02-27 05:00:15,0.40774,0.40774
2020-02-27 05:00:45,0.28096,0.28096
2020-02-27 06:00:15,0.35049,0.35049
2020-02-27 06:00:45,0.29598,0.29598
2020-02-27 07:00:15,0.26769,0.26769
2020-02-27 07:00:45,0.32578,0.32578
2020-02-27 08:00:15,-0.36132,-0.36132
2020-02-27 08:00:45,0.001246,0.001246
2020-02-27 09:00:15,-0.27596,-0.27596
2020-02-27 09:00:45,0.080079,0.080079
2020-02-27 10:00:15,-0.072992,-0.072992
2020-02-27 10:00:45,-0.25365,-0.25365
2020-02-27 11:00:15,-0.14521,-0.14521
2020-02-27 11:00:45,0.10493,0.10493
2020-02-27 12:00:15,-0.24945,-0.24945
2020-02-27 12:00:45,-0.29571,-0.29571
2020-02-27 13:00:15,-0.22865,-0.22865
2020-02-27 13:00:45,-0.11426,-0.11426
2020-02-27 14:00:15,-0.49301,-0.49301
2020-02-27 14:00:45,0.097609,0.097609
2020-02-27 15:00:15,0.060924,0.060924
2020-02-27 15:00:45,-0.072531,-0.072531
2020-02-27 16:00:15,0.096182,0.096182
2020-02-27 16:00:45,0.011842,0.011842
2020-02-27 17:00:15,-0.004207,-0.004207
2020-02-27 17:00:45,0.13623,0.13623
2020-02-27 18:00:15,0.018316,0.018316
2020-02-27 18:00:45,,0.0035520400000000015
2020-02-27 19:00:15,-0.013114,-0.013114
2020-02-27 19:00:45,,-0.020379337499999997
2020-02-27 20:00:15,-0.083537,-0.083537
2020-02-27 20:00:45,-0.007846,-0.007846
2020-02-27 21:00:15,-0.005756,-0.005756
2020-02-27 21:00:45,-0.043729,-0.043729
2020-02-27 22:00:15,-0.008285,-0.008285
2020-02-27 22:00:45,-0.044376,-0.044376
2020-02-27 23:00:15,-0.001832,-0.001832
2020-02-27 23:00:45,,-0.018263959999999996
2020-02-28 00:00:15,,-0.01197118
2020-02-28 00:00:45,-0.10857,-0.10857
2020-02-28 01:00:15,,-0.06907995500000001
2020-02-28 01:00:45,,-0.0849976575
2020-02-28 02:00:15,,-0.12471082999999993
2020-02-28 02:00:45,-0.1505,-0.1505
2020-02-28 03:00:15,-0.13079,-0.13079
2020-02-28 03:00:45,0.15676,0.15676
2020-02-28 04:00:15,-0.18984,-0.18984
2020-02-28 04:00:45,0.13864,0.13864
2020-02-28 05:00:15,0.024385,0.024385
2020-02-28 05:00:45,-0.073044,-0.073044
2020-02-28 06:00:15,-0.076693,-0.076693
2020-02-28 06:00:45,0.26073,0.26073
2020-02-28 07:00:15,0.22804,0.22804
2020-02-28 07:00:45,-0.52123,-0.52123
2020-02-28 08:00:15,-0.26412,-0.26412
2020-02-28 08:00:45,,-0.5411431224999999
2020-02-28 09:00:15,-0.27467,-0.27467
2020-02-28 09:00:45,0.37023,0.37023
2020-02-28 10:00:15,0.02262,0.02262
2020-02-28 10:00:45,0.29958,0.29958
2020-02-28 11:00:15,0.34079,0.34079
2020-02-28 11:00:45,0.30529,0.30529
2020-02-28 12:00:15,0.34431,0.34431
2020-02-28 12:00:45,-0.053063,-0.053063
2020-02-28 13:00:15,0.31808,0.31808
2020-02-28 13:00:45,-0.19032,-0.19032
2020-02-28 14:00:15,0.35505,0.35505
2020-02-28 14:00:45,-0.072314,-0.072314
2020-02-28 15:00:15,-0.13254,-0.13254
2020-02-28 15:00:45,0.014696,0.014696
2020-02-28 16:00:15,-0.20494,-0.20494
2020-02-28 16:00:45,-0.095817,-0.095817
2020-02-28 17:00:15,,-0.134600515
2020-02-28 17:00:45,0.054015,0.054015
2020-02-28 18:00:15,-0.017465,-0.017465
2020-02-28 18:00:45,-0.010862,-0.010862
2020-02-28 19:00:15,-0.01754,-0.01754
2020-02-28 19:00:45,-0.14761,-0.14761
2020-02-28 20:00:15,-0.10336,-0.10336
2020-02-28 20:00:45,-0.026538,-0.026538
2020-02-28 21:00:15,-0.057367,-0.057367
2020-02-28 21:00:45,-0.083704,-0.083704
2020-02-28 22:00:15,-0.03999,-0.03999
2020-02-28 22:00:45,-0.058764,-0.058764
2020-02-28 23:00:15,-0.054823,-0.054823
2020-02-28 23:00:45,-0.067972,-0.067972
2020-02-29 00:00:15,0.001161,0.001161
2020-02-29 00:00:45,-0.11024,-0.11024
2020-02-29 01:00:15,-0.098536,-0.098536
2020-02-29 01:00:45,1.3e-05,1.3e-05
2020-02-29 02:00:15,-0.11087,-0.11087
2020-02-29 02:00:45,-0.12574,-0.12574
2020-02-29 03:00:15,-0.033417,-0.033417
2020-02-29 03:00:45,-0.030084,-0.030084
2020-02-29 04:00:15,0.005326,0.005326
2020-02-29 04:00:45,-0.095677,-0.095677
2020-02-29 05:00:15,-0.01252,-0.01252
2020-02-29 05:00:45,-0.037742,-0.037742
2020-02-29 06:00:15,-0.020402,-0.020402
2020-02-29 06:00:45,0.02165,0.02165
2020-02-29 07:00:15,-0.030433,-0.030433
2020-02-29 07:00:45,-0.079215,-0.079215
2020-02-29 08:00:15,,-0.11397403750000001
2020-02-29 08:00:45,0.11389,0.11389
2020-02-29 09:00:15,-0.10687,-0.10687
2020-02-29 09:00:45,-0.40554,-0.40554
2020-02-29 10:00:15,-0.37293,-0.37293
2020-02-29 10:00:45,-0.21518,-0.21518
2020-02-29 11:00:15,-0.22956,-0.22956
2020-02-29 11:00:45,-0.4067,-0.4067
2020-02-29 12:00:15,0.12353,0.12353
2020-02-29 12:00:45,-0.40483,-0.40483
2020-02-29 13:00:15,-0.083885,-0.083885
2020-02-29 13:00:45,0.1944,0.1944
2020-02-29 14:00:15,-0.07296,-0.07296
2020-02-29 14:00:45,0.47062,0.47062
2020-02-29 15:00:15,0.1222,0.1222
2020-02-29 15:00:45,0.36746,0.36746
2020-02-29 16:00:15,0.21702,0.21702
2020-02-29 16:00:45,0.064924,0.064924
2020-02-29 17:00:15,-0.034612,-0.034612
2020-02-29 17:00:45,0.24145,0.24145
2020-02-29 18:00:15,0.16164,0.16164
2020-02-29 18:00:45,-0.10219,-0.10219
2020-02-29 19:00:15,-0.17572,-0.17572
2020-02-29 19:00:45,-0.029401,-0.029401
2020-02-29 20:00:15,-0.044197,-0.044197
2020-02-29 20:00:45,0.000982,0.000982
2020-02-29 21:00:15,-0.061906,-0.061906
2020-02-29 21:00:45,-0.10979,-0.10979
2020-02-29 22:00:15,-0.1389,-0.1389
2020-02-29 22:00:45,0.1005,0.1005
2020-02-29 23:00:15,0.11616,0.11616
2020-02-29 23:00:45,0.020917,0.020917
2020-03-01 00:00:15,0.098244,0.098244
2020-03-01 00:00:45,-0.079108,-0.079108
2020-03-01 01:00:15,-0.004502,-0.004502
2020-03-01 01:00:45,0.016896,0.016896
2020-03-01 02:00:15,-0.01963,-0.01963
2020-03-01 02:00:45,-0.049187,-0.049187
2020-03-01 03:00:15,-0.011549,-0.011549
2020-03-01 03:00:45,-0.038033,-0.038033
2020-03-01 04:00:15,-0.12289,-0.12289
2020-03-01 04:00:45,0.035662,0.035662
2020-03-01 05:00:15,-0.053802,-0.053802
2020-03-01 05:00:45,-0.081707,-0.081707
2020-03-01 06:00:15,-0.01307,-0.01307
2020-03-01 06:00:45,-0.018795,-0.018795
2020-03-01 07:00:15,-0.038626,-0.038626
2020-03-01 07:00:45,-0.041506,-0.041506
2020-03-01 08:00:15,-0.41845,-0.41845
2020-03-01 08:00:45,-0.26946,-0.26946
2020-03-01 09:00:15,-0.45309,-0.45309
2020-03-01 09:00:45,-0.5546,-0.5546
2020-03-01 10:00:15,-0.49324,-0.49324
2020-03-01 10:00:45,-0.093325,-0.093325
2020-03-01 11:00:15,-0.74182,-0.74182
2020-03-01 11:00:45,-0.14082,-0.14082
2020-03-01 12:00:15,-0.2555,-0.2555
2020-03-01 12:00:45,-0.004704,-0.004704
2020-03-01 13:00:15,-0.86752,-0.86752
2020-03-01 13:00:45,,-0.13938709000000002
2020-03-01 14:00:15,0.53346,0.53346
2020-03-01 14:00:45,-0.063163,-0.063163
2020-03-01 15:00:15,-0.086907,-0.086907
2020-03-01 15:00:45,0.16125,0.16125
2020-03-01 16:00:15,0.038857,0.038857
2020-03-01 16:00:45,0.050519,0.050519
2020-03-01 17:00:15,0.031482,0.031482
2020-03-01 17:00:45,-0.068417,-0.068417
2020-03-01 18:00:15,0.073163,0.073163
2020-03-01 18:00:45,-0.009473,-0.009473
2020-03-01 19:00:15,0.012358,0.012358
2020-03-01 19:00:45,-0.091078,-0.091078
2020-03-01 20:00:15,0.090069,0.090069
2020-03-01 20:00:45,0.087834,0.087834
2020-03-01 21:00:15,-0.004002,-0.004002
2020-03-01 21:00:45,-0.018928,-0.018928
2020-03-01 22:00:15,-0.076023,-0.076023
2020-03-01 22:00:45,-0.062608,-0.062608
2020-03-01 23:00:15,-0.03867,-0.03867
2020-03-01 23:00:45,0.10134,0.10134
2020-03-02 00:00:15,0.045496,0.045496
2020-03-02 00:00:45,-0.10529,-0.10529
2020-03-02 01:00:15,0.030201,0.030201
2020-03-02 01:00:45,0.055973,0.055973
2020-03-02 02:00:15,0.054296,0.054296
2020-03-02 02:00:45,-0.022892,-0.022892
2020-03-02 03:00:15,0.003073,0.003073
2020-03-02 03:00:45,-0.13073,-0.13073
2020-03-02 04:00:15,-0.13536,-0.13536
2020-03-02 04:00:45,-0.11131,-0.11131
2020-03-02 05:00:15,0.014475,0.014475
2020-03-02 05:00:45,0.02258,0.02258
2020-03-02 06:00:15,-0.12165,-0.12165
2020-03-02 06:00:45,-0.86318,-0.86318
2020-03-02 07:00:15,-0.50287,-0.50287
2020-03-02 07:00:45,0.39025,0.39025
2020-03-02 08:00:15,-0.4339,-0.4339
2020-03-02 08:00:45,0.18269,0.18269
2020-03-02 09:00:15,0.52932,0.52932
2020-03-02 09:00:45,0.50125,0.50125
2020-03-02 10:00:15,0.33387,0.33387
2020-03-02 10:00:45,-0.047651,-0.047651
2020-03-02 11:00:15,0.13018,0.13018
2020-03-02 11:00:45,-0.18488,-0.18488
2020-03-02 12:00:15,-0.39405,-0.39405
2020-03-02 12:00:45,-0.61997,-0.61997
2020-03-02 13:00:15,-0.18068,-0.18068
2020-03-02 13:00:45,-0.70205,-0.70205
2020-03-02 14:00:15,-0.52527,-0.52527
2020-03-02 14:00:45,-0.25401,-0.25401
2020-03-02 15:00:15,-0.035307,-0.035307
2020-03-02 15:00:45,0.070352,0.070352
2020-03-02 16:00:15,0.22243,0.22243
2020-03-02 16:00:45,0.26954,0.26954
2020-03-02 17:00:15,0.21356,0.21356
2020-03-02 17:00:45,0.15943,0.15943
2020-03-02 18:00:15,0.01177,0.01177
2020-03-02 18:00:45,-0.01127,-0.01127
2020-03-02 19:00:15,-0.018041,-0.018041
2020-03-02 19:00:45,-0.12376,-0.12376
2020-03-02 20:00:15,-0.13196,-0.13196
2020-03-02 20:00:45,-0.066245,-0.066245
2020-03-02 21:00:15,-0.027267,-0.027267
2020-03-02 21:00:45,-0.1348,-0.1348
2020-03-02 22:00:15,-0.005688,-0.005688
2020-03-02 22:00:45,-0.0528,-0.0528
2020-03-02 23:00:15,-0.013113,-0.013113
2020-03-02 23:00:45,-0.043123,-0.043123
2020-03-03 00:00:15,-0.022204,-0.022204
2020-03-03 00:00:45,-0.015761,-0.015761
2020-03-03 01:00:15,,-0.011378749999999997
2020-03-03 01:00:45,0.03772,0.03772
2020-03-03 02:00:15,,-0.07998926749999999
2020-03-03 02:00:45,-0.058251,-0.058251
2020-03-03 03:00:15,-0.13108,-0.13108
2020-03-03 03:00:45,,-0.0577965725
2020-03-03 04:00:15,,-0.019016277500000005
2020-03-03 04:00:45,0.33083,0.33083
2020-03-03 05:00:15,-0.051215,-0.051215
2020-03-03 05:00:45,-0.016931,-0.016931
2020-03-03 06:00:15,,0.11741064
2020-03-03 06:00:45,0.019541,0.019541
2020-03-03 07:00:15,,-0.2661802750000001
2020-03-03 07:00:45,0.056422,0.056422
2020-03-03 08:00:15,0.15239,0.15239
2020-03-03 08:00:45,0.59958,0.59958
2020-03-03 09:00:15,0.22389,0.22389
2020-03-03 09:00:45,-0.035163,-0.035163
2020-03-03 10:00:15,0.010957,0.010957
2020-03-03 10:00:45,-0.11418,-0.11418
2020-03-03 11:00:15,-0.21047,-0.21047
2020-03-03 11:00:45,-0.044396,-0.044396
2020-03-03 12:00:15,0.29443,0.29443
2020-03-03 12:00:45,-0.022432,-0.022432
2020-03-03 13:00:15,0.071313,0.071313
2020-03-03 13:00:45,-0.044837,-0.044837
2020-03-03 14:00:15,-0.14332,-0.14332
2020-03-03 14:00:45,-0.18285,-0.18285
2020-03-03 15:00:15,0.26558,0.26558
2020-03-03 15:00:45,0.17387,0.17387
2020-03-03 16:00:15,-0.061554,-0.061554
2020-03-03 16:00:45,0.091092,0.091092
2020-03-03 17:00:15,-0.19399,-0.19399
2020-03-03 17:00:45,-0.084558,-0.084558
2020-03-03 18:00:15,0.070889,0.070889
2020-03-03 18:00:45,-0.066234,-0.066234
2020-03-03 19:00:15,,0.0018709425
2020-03-03 19:00:45,-0.033468,-0.033468
2020-03-03 20:00:15,0.016883,0.016883
2020-03-03 20:00:45,-0.056271,-0.056271
2020-03-03 21:00:15,-0.057728,-0.057728
2020-03-03 21:00:45,0.092281,0.092281
2020-03-03 22:00:15,-0.14795,-0.14795
2020-03-03 22:00:45,-0.10904,-0.10904
2020-03-03 23:00:15,-0.10038,-0.10038
2020-03-03 23:00:45,,-0.016647215
2020-03-04 00:00:15,-0.11202,-0.11202
2020-03-04 00:00:45,-0.029421,-0.029421
2020-03-04 01:00:15,-0.032612,-0.032612
2020-03-04 01:00:45,-0.067207,-0.067207
2020-03-04 02:00:15,-0.060813,-0.060813
2020-03-04 02:00:45,-0.023881,-0.023881
2020-03-04 03:00:15,-0.067945,-0.067945
2020-03-04 03:00:45,-0.16396,-0.16396
2020-03-04 04:00:15,-0.05225,-0.05225
2020-03-04 04:00:45,-0.10052,-0.10052
2020-03-04 05:00:15,-0.12595,-0.12595
2020-03-04 05:00:45,-0.04432,-0.04432
2020-03-04 06:00:15,0.37877,0.37877
2020-03-04 06:00:45,-0.13047,-0.13047
2020-03-04 07:00:15,-0.037138,-0.037138
2020-03-04 07:00:45,-0.1587,-0.1587
2020-03-04 08:00:15,0.043636,0.043636
2020-03-04 08:00:45,0.4224,0.4224
2020-03-04 09:00:15,-0.28932,-0.28932
2020-03-04 09:00:45,,0.03625284749999996
2020-03-04 10:00:15,0.76743,0.76743
2020-03-04 10:00:45,0.61191,0.61191
2020-03-04 11:00:15,0.53248,0.53248
2020-03-04 11:00:45,-0.77737,-0.77737
2020-03-04 12:00:15,0.84527,0.84527
2020-03-04 12:00:45,-1.0274,-1.0274
2020-03-04 13:00:15,-0.97952,-0.97952
2020-03-04 13:00:45,-1.8692,-1.8692
2020-03-04 14:00:15,-1.519,-1.519
2020-03-04 14:00:45,-1.0535,-1.0535
2020-03-04 15:00:15,-0.21584,-0.21584
2020-03-04 15:00:45,-0.76467,-0.76467
2020-03-04 16:00:15,-0.31316,-0.31316
2020-03-04 16:00:45,-0.4086,-0.4086
2020-03-04 17:00:15,-0.37007,-0.37007
2020-03-04 17:00:45,-0.063301,-0.063301
2020-03-04 18:00:15,-0.044962,-0.044962
2020-03-04 18:00:45,-0.001447,-0.001447
2020-03-04 19:00:15,-0.053575,-0.053575
2020-03-04 19:00:45,-0.078744,-0.078744
2020-03-04 20:00:15,0.000613,0.000613
2020-03-04 20:00:45,0.038672,0.038672
2020-03-04 21:00:15,0.26474,0.26474
2020-03-04 21:00:45,0.21998,0.21998
2020-03-04 22:00:15,0.40288,0.40288
2020-03-04 22:00:45,0.23933,0.23933
2020-03-04 23:00:15,0.27104,0.27104
2020-03-04 23:00:45,0.34281,0.34281
2020-03-05 00:00:15,0.39594,0.39594
2020-03-05 00:00:45,0.33803,0.33803
2020-03-05 01:00:15,0.16244,0.16244
2020-03-05 01:00:45,-0.00225,-0.00225
2020-03-05 02:00:15,0.21146,0.21146
2020-03-05 02:00:45,0.05666,0.05666
2020-03-05 03:00:15,0.054713,0.054713
2020-03-05 03:00:45,-0.014622,-0.014622
2020-03-05 04:00:15,-0.12657,-0.12657
2020-03-05 04:00:45,-0.006209,-0.006209
2020-03-05 05:00:15,0.004741,0.004741
2020-03-05 05:00:45,0.038484,0.038484
2020-03-05 06:00:15,0.14255,0.14255
2020-03-05 06:00:45,0.023028,0.023028
2020-03-05 07:00:15,-0.28539,-0.28539
2020-03-05 07:00:45,-0.64342,-0.64342
2020-03-05 08:00:15,-0.88679,-0.88679
2020-03-05 08:00:45,-0.94298,-0.94298
2020-03-05 09:00:15,-1.436,-1.436
2020-03-05 09:00:45,-0.87452,-0.87452
2020-03-05 10:00:15,-1.4494,-1.4494
2020-03-05 10:00:45,-2.1419,-2.1419
2020-03-05 11:00:15,-2.1388,-2.1388
2020-03-05 11:00:45,-1.0168,-1.0168
2020-03-05 12:00:15,,-1.3254980375
2020-03-05 12:00:45,-1.4419,-1.4419
2020-03-05 13:00:15,-1.6616,-1.6616
2020-03-05 13:00:45,-1.4522,-1.4522
2020-03-05 14:00:15,-1.4929,-1.4929
2020-03-05 14:00:45,-1.0501,-1.0501
2020-03-05 15:00:15,-1.153,-1.153
2020-03-05 15:00:45,-0.82925,-0.82925
2020-03-05 16:00:15,-0.89874,-0.89874
2020-03-05 16:00:45,-0.80528,-0.80528
2020-03-05 17:00:15,-1.0756,-1.0756
2020-03-05 17:00:45,-0.15281,-0.15281
2020-03-05 18:00:15,0.11241,0.11241
2020-03-05 18:00:45,0.007294,0.007294
2020-03-05 19:00:15,-0.052348,-0.052348
2020-03-05 19:00:45,-0.10832,-0.10832
2020-03-05 20:00:15,-0.091257,-0.091257
2020-03-05 20:00:45,-0.046489,-0.046489
2020-03-05 21:00:15,0.10028,0.10028
2020-03-05 21:00:45,-0.060395,-0.060395
2020-03-05 22:00:15,-0.078538,-0.078538
2020-03-05 22:00:45,-0.19958,-0.19958
2020-03-05 23:00:15,-0.17041,-0.17041
2020-03-05 23:00:45,-0.068333,-0.068333
2020-03-06 00:00:15,0.005667,0.005667
2020-03-06 00:00:45,0.01173,0.01173
2020-03-06 01:00:15,0.12455,0.12455
2020-03-06 01:00:45,0.12885,0.12885
2020-03-06 02:00:15,0.044283,0.044283
2020-03-06 02:00:45,0.050329,0.050329
2020-03-06 03:00:15,0.011109,0.011109
2020-03-06 03:00:45,0.030837,0.030837
2020-03-06 04:00:15,0.052283,0.052283
2020-03-06 04:00:45,0.091915,0.091915
2020-03-06 05:00:15,0.10434,0.10434
2020-03-06 05:00:45,0.47073,0.47073
2020-03-06 06:00:15,-0.13685,-0.13685
2020-03-06 06:00:45,-0.1101,-0.1101
2020-03-06 07:00:15,-0.33922,-0.33922
2020-03-06 07:00:45,-0.1369,-0.1369
2020-03-06 08:00:15,-0.45005,-0.45005
2020-03-06 08:00:45,-0.48369,-0.48369
2020-03-06 09:00:15,0.58093,0.58093
2020-03-06 09:00:45,-0.032686,-0.032686
2020-03-06 10:00:15,-0.76096,-0.76096
2020-03-06 10:00:45,-0.56164,-0.56164
2020-03-06 11:00:15,-1.2745,-1.2745
2020-03-06 11:00:45,-1.4507,-1.4507
2020-03-06 12:00:15,-0.88351,-0.88351
2020-03-06 12:00:45,-0.83525,-0.83525
2020-03-06 13:00:15,-0.77059,-0.77059
2020-03-06 13:00:45,0.016857,0.016857
2020-03-06 14:00:15,0.028042,0.028042
2020-03-06 14:00:45,-0.041158,-0.041158
2020-03-06 15:00:15,0.30732,0.30732
2020-03-06 15:00:45,0.15316,0.15316
2020-03-06 16:00:15,0.099535,0.099535
2020-03-06 16:00:45,-0.13504,-0.13504
2020-03-06 17:00:15,0.070724,0.070724
2020-03-06 17:00:45,0.2082,0.2082
2020-03-06 18:00:15,0.15294,0.15294
2020-03-06 18:00:45,0.17365,0.17365
2020-03-06 19:00:15,0.29475,0.29475
2020-03-06 19:00:45,0.28621,0.28621
2020-03-06 20:00:15,0.39364,0.39364
2020-03-06 20:00:45,0.099672,0.099672
2020-03-06 21:00:15,0.14398,0.14398
2020-03-06 21:00:45,0.090433,0.090433
2020-03-06 22:00:15,-0.011637,-0.011637
2020-03-06 22:00:45,0.016893,0.016893
2020-03-06 23:00:15,0.069822,0.069822
2020-03-06 23:00:45,0.089904,0.089904
2020-03-07 00:00:15,0.12363,0.12363
2020-03-07 00:00:45,0.18436,0.18436
2020-03-07 01:00:15,0.20271,0.20271
2020-03-07 01:00:45,0.18078,0.18078
2020-03-07 02:00:15,0.34164,0.34164
2020-03-07 02:00:45,0.26632,0.26632
2020-03-07 03:00:15,0.31764,0.31764
2020-03-07 03:00:45,0.14358,0.14358
2020-03-07 04:00:15,-0.19726,-0.19726
2020-03-07 04:00:45,-0.000952,-0.000952
2020-03-07 05:00:15,,-0.007445287499999998
2020-03-07 05:00:45,-0.000402,-0.000402
2020-03-07 06:00:15,-0.029999,-0.029999
2020-03-07 06:00:45,-0.20366,-0.20366
2020-03-07 07:00:15,,-0.25228884249999994
2020-03-07 07:00:45,,-0.39640325499999995
2020-03-07 08:00:15,1.2374,1.2374
2020-03-07 08:00:45,-0.46451,-0.46451
2020-03-07 09:00:15,0.15556,0.15556
2020-03-07 09:00:45,,-0.8637391699999997
2020-03-07 10:00:15,-1.0,-1.0
2020-03-07 10:00:45,-1.6327,-1.6327
2020-03-07 11:00:15,-1.1584,-1.1584
2020-03-07 11:00:45,-0.89449,-0.89449
2020-03-07 12:00:15,-1.0594,-1.0594
2020-03-07 12:00:45,-0.82829,-0.82829
2020-03-07 13:00:15,-0.71039,-0.71039
2020-03-07 13:00:45,-0.85201,-0.85201
2020-03-07 14:00:15,-0.44131,-0.44131
2020-03-07 14:00:45,-0.37378,-0.37378
2020-03-07 15:00:15,0.017313,0.017313
2020-03-07 15:00:45,0.090509,0.090509
2020-03-07 16:00:15,0.02296,0.02296
2020-03-07 16:00:45,0.11904,0.11904
2020-03-07 17:00:15,0.37156,0.37156
2020-03-07 17:00:45,0.42441,0.42441
2020-03-07 18:00:15,0.14741,0.14741
2020-03-07 18:00:45,0.28229,0.28229
2020-03-07 19:00:15,0.25593,0.25593
2020-03-07 19:00:45,0.1686,0.1686
2020-03-07 20:00:15,0.24748,0.24748
2020-03-07 20:00:45,0.33068,0.33068
2020-03-07 21:00:15,0.27706,0.27706
2020-03-07 21:00:45,-0.047961,-0.047961
2020-03-07 22:00:15,0.057962,0.057962
2020-03-07 22:00:45,0.12025,0.12025
2020-03-07 23:00:15,0.15685,0.15685
2020-03-07 23:00:45,0.41477,0.41477
2020-03-08 00:00:15,0.36094,0.36094
2020-03-08 00:00:45,0.46692,0.46692
2020-03-08 01:00:15,0.37377,0.37377
2020-03-08 01:00:45,0.42871,0.42871
2020-03-08 02:00:15,0.25975,0.25975
2020-03-08 02:00:45,0.21491,0.21491
2020-03-08 03:00:15,0.19059,0.19059
2020-03-08 03:00:45,0.15792,0.15792
2020-03-08 04:00:15,0.34032,0.34032
2020-03-08 04:00:45,0.35303,0.35303
2020-03-08 05:00:15,0.34403,0.34403
2020-03-08 05:00:45,0.20881,0.20881
2020-03-08 06:00:15,0.10241,0.10241
2020-03-08 06:00:45,0.02069,0.02069
2020-03-08 07:00:15,0.11336,0.11336
2020-03-08 07:00:45,-0.11219,-0.11219
2020-03-08 08:00:15,-0.093593,-0.093593
2020-03-08 08:00:45,0.1493,0.1493
2020-03-08 09:00:15,0.30327,0.30327
2020-03-08 09:00:45,0.041276,0.041276
2020-03-08 10:00:15,0.22115,0.22115
2020-03-08 10:00:45,0.23477,0.23477
2020-03-08 11:00:15,-0.25889,-0.25889
2020-03-08 11:00:45,0.008024,0.008024
2020-03-08 12:00:15,-0.9371,-0.9371
2020-03-08 12:00:45,-0.021845,-0.021845
2020-03-08 13:00:15,-0.034804,-0.034804
2020-03-08 13:00:45,,0.016776627500000005
2020-03-08 14:00:15,,-0.001906399999999999
2020-03-08 14:00:45,,-0.23909679250000004
2020-03-08 15:00:15,,-0.19923850250000005
2020-03-08 15:00:45,,-0.05083282249999995
2020-03-08 16:00:15,,-0.008671002499999993
2020-03-08 16:00:45,,0.2078568
2020-03-08 17:00:15,0.8427,0.8427
2020-03-08 17:00:45,0.5011,0.5011
2020-03-08 18:00:15,0.539,0.539
2020-03-08 18:00:45,0.58745,0.58745
2020-03-08 19:00:15,0.37951,0.37951
2020-03-08 19:00:45,0.36471,0.36471
2020-03-08 20:00:15,0.52858,0.52858
2020-03-08 20:00:45,0.39113,0.39113
2020-03-08 21:00:15,0.67488,0.67488
2020-03-08 21:00:45,0.56732,0.56732
2020-03-08 22:00:15,0.60699,0.60699
2020-03-08 22:00:45,0.42411,0.42411
2020-03-08 23:00:15,0.31574,0.31574
2020-03-08 23:00:45,0.36818,0.36818
2020-03-09 00:00:15,0.20614,0.20614
2020-03-09 00:00:45,0.26656,0.26656
2020-03-09 01:00:15,0.30395,0.30395
2020-03-09 01:00:45,0.19401,0.19401
2020-03-09 02:00:15,0.13042,0.13042
2020-03-09 02:00:45,0.15518,0.15518
2020-03-09 03:00:15,0.25823,0.25823
2020-03-09 03:00:45,0.28642,0.28642
2020-03-09 04:00:15,0.32632,0.32632
2020-03-09 04:00:45,0.28214,0.28214
2020-03-09 05:00:15,0.2419,0.2419
2020-03-09 05:00:45,-0.00316,-0.00316
2020-03-09 06:00:15,,-0.010332032500000005
2020-03-09 06:00:45,-0.88047,-0.88047
2020-03-09 07:00:15,-0.063755,-0.063755
2020-03-09 07:00:45,-0.052319,-0.052319
2020-03-09 08:00:15,-0.24724,-0.24724
2020-03-09 08:00:45,-0.4851,-0.4851
2020-03-09 09:00:15,,-1.3441805250000003
2020-03-09 09:00:45,-1.3463,-1.3463
2020-03-09 10:00:15,0.045539,0.045539
2020-03-09 10:00:45,-0.53578,-0.53578
2020-03-09 11:00:15,-0.10845,-0.10845
2020-03-09 11:00:45,-0.82265,-0.82265
2020-03-09 12:00:15,-0.31119,-0.31119
2020-03-09 12:00:45,-0.88816,-0.88816
2020-03-09 13:00:15,-1.0723,-1.0723
2020-03-09 13:00:45,-0.92569,-0.92569
2020-03-09 14:00:15,-0.9789,-0.9789
2020-03-09 14:00:45,-0.87296,-0.87296
2020-03-09 15:00:15,-1.2032,-1.2032
2020-03-09 15:00:45,-1.018,-1.018
2020-03-09 16:00:15,-0.36122,-0.36122
2020-03-09 16:00:45,-0.3497,-0.3497
2020-03-09 17:00:15,-0.38083,-0.38083
2020-03-09 17:00:45,-0.040217,-0.040217
2020-03-09 18:00:15,0.087844,0.087844
2020-03-09 18:00:45,0.011057,0.011057
2020-03-09 19:00:15,0.007393,0.007393
2020-03-09 19:00:45,-0.047529,-0.047529
2020-03-09 20:00:15,0.046136,0.046136
2020-03-09 20:00:45,0.082282,0.082282
2020-03-09 21:00:15,0.13953,0.13953
2020-03-09 21:00:45,0.17312,0.17312
2020-03-09 22:00:15,0.28482,0.28482
2020-03-09 22:00:45,0.16027,0.16027
2020-03-09 23:00:15,0.084412,0.084412
2020-03-09 23:00:45,0.059759,0.059759
2020-03-10 00:00:15,0.044894,0.044894
2020-03-10 00:00:45,-0.050291,-0.050291
2020-03-10 01:00:15,0.11872,0.11872
2020-03-10 01:00:45,-0.033799,-0.033799
2020-03-10 02:00:15,0.04808,0.04808
2020-03-10 02:00:45,-0.033453,-0.033453
2020-03-10 03:00:15,0.056413,0.056413
2020-03-10 03:00:45,-0.004642,-0.004642
2020-03-10 04:00:15,-0.014959,-0.014959
2020-03-10 04:00:45,-0.08516,-0.08516
2020-03-10 05:00:15,0.076599,0.076599
2020-03-10 05:00:45,-0.003808,-0.003808
2020-03-10 06:00:15,-0.002941,-0.002941
2020-03-10 06:00:45,-0.20503,-0.20503
2020-03-10 07:00:15,-1.16,-1.16
2020-03-10 07:00:45,-0.98561,-0.98561
2020-03-10 08:00:15,-0.89672,-0.89672
2020-03-10 08:00:45,-0.84763,-0.84763
2020-03-10 09:00:15,-0.49991,-0.49991
2020-03-10 09:00:45,-0.48609,-0.48609
2020-03-10 10:00:15,-1.0814,-1.0814
2020-03-10 10:00:45,-0.73214,-0.73214
2020-03-10 11:00:15,-1.49,-1.49
2020-03-10 11:00:45,-1.5292,-1.5292
2020-03-10 12:00:15,-0.90933,-0.90933
2020-03-10 12:00:45,-1.0528,-1.0528
2020-03-10 13:00:15,-1.1504,-1.1504
2020-03-10 13:00:45,-0.60077,-0.60077
2020-03-10 14:00:15,-0.51703,-0.51703
2020-03-10 14:00:45,-0.87199,-0.87199
2020-03-10 15:00:15,-0.34788,-0.34788
2020-03-10 15:00:45,-0.18904,-0.18904
2020-03-10 16:00:15,-0.10979,-0.10979
2020-03-10 16:00:45,0.08112,0.08112
2020-03-10 17:00:15,0.021992,0.021992
2020-03-10 17:00:45,-0.2636,-0.2636
2020-03-10 18:00:15,0.21781,0.21781
2020-03-10 18:00:45,0.059966,0.059966
2020-03-10 19:00:15,0.009861,0.009861
2020-03-10 19:00:45,0.12337,0.12337
2020-03-10 20:00:15,,0.11079503750000003
2020-03-10 20:00:45,0.1268,0.1268
2020-03-10 21:00:15,0.032192,0.032192
2020-03-10 21:00:45,0.045766,0.045766
2020-03-10 22:00:15,0.003308,0.003308
2020-03-10 22:00:45,0.046687,0.046687
2020-03-10 23:00:15,0.018159,0.018159
2020-03-10 23:00:45,-0.019445,-0.019445
2020-03-11 00:00:15,-0.026094,-0.026094
2020-03-11 00:00:45,0.044668,0.044668
2020-03-11 01:00:15,-0.066427,-0.066427
2020-03-11 01:00:45,0.067058,0.067058
2020-03-11 02:00:15,0.058244,0.058244
2020-03-11 02:00:45,0.029994,0.029994
2020-03-11 03:00:15,,0.08699446250000001
2020-03-11 03:00:45,,0.1245427325
2020-03-11 04:00:15,,0.2682981325
2020-03-11 04:00:45,,0.5296835424999999
2020-03-11 05:00:15,,0.38920041749999995
2020-03-11 05:00:45,,0.4166626474999999
2020-03-11 06:00:15,,0.44794691
2020-03-11 06:00:45,,0.09239812500000005
2020-03-11 07:00:15,0.071718,0.071718
2020-03-11 07:00:45,-0.71659,-0.71659
2020-03-11 08:00:15,0.36539,0.36539
2020-03-11 08:00:45,-0.12426,-0.12426
2020-03-11 09:00:15,0.19532,0.19532
2020-03-11 09:00:45,-0.29989,-0.29989
2020-03-11 10:00:15,-0.53491,-0.53491
2020-03-11 10:00:45,-0.24484,-0.24484
2020-03-11 11:00:15,-1.0323,-1.0323
2020-03-11 11:00:45,-1.2073,-1.2073
2020-03-11 12:00:15,-1.6111,-1.6111
2020-03-11 12:00:45,-1.7699,-1.7699
2020-03-11 13:00:15,-1.5225,-1.5225
2020-03-11 13:00:45,-1.0877,-1.0877
2020-03-11 14:00:15,-0.76752,-0.76752
2020-03-11 14:00:45,-0.73513,-0.73513
2020-03-11 15:00:15,-0.37773,-0.37773
2020-03-11 15:00:45,-0.42241,-0.42241
2020-03-11 16:00:15,-0.594,-0.594
2020-03-11 16:00:45,0.24491,0.24491
2020-03-11 17:00:15,0.5589,0.5589
2020-03-11 17:00:45,0.39779,0.39779
2020-03-11 18:00:15,,0.3173885325
2020-03-11 18:00:45,0.27706,0.27706
2020-03-11 19:00:15,0.14621,0.14621
2020-03-11 19:00:45,-0.008105,-0.008105
2020-03-11 20:00:15,0.42543,0.42543
2020-03-11 20:00:45,0.15676,0.15676
2020-03-11 21:00:15,0.17438,0.17438
2020-03-11 21:00:45,-0.14091,-0.14091
2020-03-11 22:00:15,0.15944,0.15944
2020-03-11 22:00:45,0.023828,0.023828
2020-03-11 23:00:15,0.06831,0.06831
2020-03-11 23:00:45,0.012827,0.012827
2020-03-12 00:00:15,0.029999,0.029999
2020-03-12 00:00:45,-0.012085,-0.012085
2020-03-12 01:00:15,-0.066194,-0.066194
2020-03-12 01:00:45,0.018248,0.018248
2020-03-12 02:00:15,-0.021161,-0.021161
2020-03-12 02:00:45,-0.007417,-0.007417
2020-03-12 03:00:15,-0.067587,-0.067587
2020-03-12 03:00:45,-0.011537,-0.011537
2020-03-12 04:00:15,0.069677,0.069677
2020-03-12 04:00:45,0.019332,0.019332
2020-03-12 05:00:15,0.020552,0.020552
2020-03-12 05:00:45,0.001156,0.001156
2020-03-12 06:00:15,-0.044137,-0.044137
2020-03-12 06:00:45,0.04357,0.04357
2020-03-12 07:00:15,0.035993,0.035993
2020-03-12 07:00:45,-0.043676,-0.043676
2020-03-12 08:00:15,0.094629,0.094629
2020-03-12 08:00:45,-0.24392,-0.24392
2020-03-12 09:00:15,0.44899,0.44899
2020-03-12 09:00:45,-0.05637,-0.05637
2020-03-12 10:00:15,0.83624,0.83624
2020-03-12 10:00:45,0.063885,0.063885
2020-03-12 11:00:15,-0.027045,-0.027045
2020-03-12 11:00:45,-0.00256,-0.00256
2020-03-12 12:00:15,-0.36509,-0.36509
2020-03-12 12:00:45,-0.31455,-0.31455
2020-03-12 13:00:15,-0.31383,-0.31383
2020-03-12 13:00:45,-0.25342,-0.25342
2020-03-12 14:00:15,-0.77431,-0.77431
2020-03-12 14:00:45,-0.78398,-0.78398
2020-03-12 15:00:15,-0.52858,-0.52858
2020-03-12 15:00:45,-0.53344,-0.53344
2020-03-12 16:00:15,-0.14289,-0.14289
2020-03-12 16:00:45,-0.096387,-0.096387
2020-03-12 17:00:15,0.16462,0.16462
2020-03-12 17:00:45,1.0592,1.0592
2020-03-12 18:00:15,,0.5177227225000003
2020-03-12 18:00:45,,0.631866665
2020-03-12 19:00:15,,0.4784388150000002
2020-03-12 19:00:45,,0.5383257850000001
2020-03-12 20:00:15,,0.6280688725
2020-03-12 20:00:45,,0.5492535300000001
2020-03-12 21:00:15,,0.5983958924999999
2020-03-12 21:00:45,,0.6225709675
2020-03-12 22:00:15,,0.7314008474999999
2020-03-12 22:00:45,,0.76824356
2020-03-12 23:00:15,,0.70417956
2020-03-12 23:00:45,,0.8237527725
2020-03-13 00:00:15,,0.7526140449999998
2020-03-13 00:00:45,,0.5836633825000002
2020-03-13 01:00:15,,0.600159445
2020-03-13 01:00:45,0.47814,0.47814
2020-03-13 02:00:15,0.37452,0.37452
2020-03-13 02:00:45,,0.5628252850000002
2020-03-13 03:00:15,,0.6973433925
2020-03-13 03:00:45,0.21296,0.21296
2020-03-13 04:00:15,,0.7209313100000002
2020-03-13 04:00:45,,0.8147686625000001
2020-03-13 05:00:15,1.4088,1.4088
2020-03-13 05:00:45,1.4581,1.4581
2020-03-13 06:00:15,0.94277,0.94277
2020-03-13 06:00:45,0.34461,0.34461
2020-03-13 07:00:15,0.16613,0.16613
2020-03-13 07:00:45,0.4411,0.4411
2020-03-13 08:00:15,,-0.0344264175
2020-03-13 08:00:45,,0.08139385000000002
2020-03-13 09:00:15,,-0.09597500750000003
2020-03-13 09:00:45,,0.05664066750000002
2020-03-13 10:00:15,,0.03154280749999999
2020-03-13 10:00:45,,-0.17993242999999992
2020-03-13 11:00:15,,-0.12355060999999998
2020-03-13 11:00:45,1.3152,1.3152
2020-03-13 12:00:15,2.0625,2.0625
2020-03-13 12:00:45,0.24187,0.24187
2020-03-13 13:00:15,1.7338,1.7338
2020-03-13 13:00:45,2.0323,2.0323
2020-03-13 14:00:15,1.6697,1.6697
2020-03-13 14:00:45,1.3905,1.3905
2020-03-13 15:00:15,0.70337,0.70337
2020-03-13 15:00:45,,0.007733087499999998
2020-03-13 16:00:15,,-0.03885764499999999
2020-03-13 16:00:45,-1.024,-1.024
2020-03-13 17:00:15,0.7503,0.7503
2020-03-13 17:00:45,0.36667,0.36667
2020-03-13 18:00:15,0.64084,0.64084
2020-03-13 18:00:45,0.42196,0.42196
2020-03-13 19:00:15,0.35769,0.35769
2020-03-13 19:00:45,0.15804,0.15804
2020-03-13 20:00:15,0.60903,0.60903
2020-03-13 20:00:45,0.34558,0.34558
2020-03-13 21:00:15,0.36921,0.36921
2020-03-13 21:00:45,0.27826,0.27826
2020-03-13 22:00:15,0.24179,0.24179
2020-03-13 22:00:45,,-0.01486571
2020-03-13 23:00:15,0.33177,0.33177
2020-03-13 23:00:45,0.31748,0.31748
2020-03-14 00:00:15,0.46856,0.46856
2020-03-14 00:00:45,0.40621,0.40621
2020-03-14 01:00:15,0.24513,0.24513
2020-03-14 01:00:45,0.17985,0.17985
2020-03-14 02:00:15,0.10938,0.10938
2020-03-14 02:00:45,0.23456,0.23456
2020-03-14 03:00:15,0.21167,0.21167
2020-03-14 03:00:45,0.23947,0.23947
2020-03-14 04:00:15,0.087045,0.087045
2020-03-14 04:00:45,0.064526,0.064526
2020-03-14 05:00:15,0.075595,0.075595
2020-03-14 05:00:45,0.069962,0.069962
2020-03-14 06:00:15,,0.020642015
2020-03-14 06:00:45,-0.1281,-0.1281
2020-03-14 07:00:15,-0.55872,-0.55872
2020-03-14 07:00:45,-0.55567,-0.55567
2020-03-14 08:00:15,-0.69667,-0.69667
2020-03-14 08:00:45,-1.7267,-1.7267
2020-03-14 09:00:15,-1.7517,-1.7517
2020-03-14 09:00:45,-1.113,-1.113
2020-03-14 10:00:15,-1.1921,-1.1921
2020-03-14 10:00:45,-0.76456,-0.76456
2020-03-14 11:00:15,-1.4018,-1.4018
2020-03-14 11:00:45,-0.78786,-0.78786
2020-03-14 12:00:15,-0.54375,-0.54375
2020-03-14 12:00:45,-0.48034,-0.48034
2020-03-14 13:00:15,-0.44897,-0.44897
2020-03-14 13:00:45,-1.3195,-1.3195
2020-03-14 14:00:15,-1.0129,-1.0129
2020-03-14 14:00:45,-0.43862,-0.43862
2020-03-14 15:00:15,-0.56805,-0.56805
2020-03-14 15:00:45,-0.78547,-0.78547
2020-03-14 16:00:15,-0.42971,-0.42971
2020-03-14 16:00:45,-0.19445,-0.19445
2020-03-14 17:00:15,-0.05139,-0.05139
2020-03-14 17:00:45,0.047165,0.047165
2020-03-14 18:00:15,0.34269,0.34269
2020-03-14 18:00:45,0.41332,0.41332
2020-03-14 19:00:15,0.27264,0.27264
2020-03-14 19:00:45,0.13055,0.13055
2020-03-14 20:00:15,0.35525,0.35525
2020-03-14 20:00:45,0.19653,0.19653
2020-03-14 21:00:15,0.17872,0.17872
2020-03-14 21:00:45,0.23961,0.23961
2020-03-14 22:00:15,0.15055,0.15055
2020-03-14 22:00:45,0.044234,0.044234
2020-03-14 23:00:15,0.02747,0.02747
2020-03-14 23:00:45,0.2111,0.2111
2020-03-15 00:00:15,0.48003,0.48003
2020-03-15 00:00:45,0.11786,0.11786
2020-03-15 01:00:15,-0.035346,-0.035346
2020-03-15 01:00:45,-0.047645,-0.047645
2020-03-15 02:00:15,-0.15353,-0.15353
2020-03-15 02:00:45,-0.087851,-0.087851
2020-03-15 03:00:15,0.037986,0.037986
2020-03-15 03:00:45,0.012043,0.012043
2020-03-15 04:00:15,-0.003616,-0.003616
2020-03-15 04:00:45,0.10135,0.10135
2020-03-15 05:00:15,0.1543,0.1543
2020-03-15 05:00:45,,0.10049450249999999
2020-03-15 06:00:15,0.16242,0.16242
2020-03-15 06:00:45,-0.17309,-0.17309
2020-03-15 07:00:15,0.098246,0.098246
2020-03-15 07:00:45,0.058912,0.058912
2020-03-15 08:00:15,-0.1436,-0.1436
2020-03-15 08:00:45,-0.10248,-0.10248
2020-03-15 09:00:15,-0.23634,-0.23634
2020-03-15 09:00:45,-0.35481,-0.35481
2020-03-15 10:00:15,-0.72022,-0.72022
2020-03-15 10:00:45,-0.44613,-0.44613
2020-03-15 11:00:15,-0.9676,-0.9676
2020-03-15 11:00:45,-1.0004,-1.0004
2020-03-15 12:00:15,-1.2905,-1.2905
2020-03-15 12:00:45,-0.93976,-0.93976
2020-03-15 13:00:15,-0.69807,-0.69807
2020-03-15 13:00:45,-0.15962,-0.15962
2020-03-15 14:00:15,0.072258,0.072258
2020-03-15 14:00:45,0.50103,0.50103
2020-03-15 15:00:15,0.56874,0.56874
2020-03-15 15:00:45,0.5613,0.5613
2020-03-15 16:00:15,0.51645,0.51645
2020-03-15 16:00:45,0.35722,0.35722
2020-03-15 17:00:15,0.3016,0.3016
2020-03-15 17:00:45,0.36864,0.36864
2020-03-15 18:00:15,0.6598,0.6598
2020-03-15 18:00:45,0.37543,0.37543
2020-03-15 19:00:15,0.45562,0.45562
2020-03-15 19:00:45,0.39898,0.39898
2020-03-15 20:00:15,0.39176,0.39176
2020-03-15 20:00:45,0.39133,0.39133
2020-03-15 21:00:15,0.48223,0.48223
2020-03-15 21:00:45,0.086906,0.086906
2020-03-15 22:00:15,0.047739,0.047739
2020-03-15 22:00:45,0.16201,0.16201
2020-03-15 23:00:15,-0.00622,-0.00622
2020-03-15 23:00:45,-0.009403,-0.009403
2020-03-16 00:00:15,-0.041499,-0.041499
2020-03-16 00:00:45,,-0.0248556
2020-03-16 01:00:15,-0.1802,-0.1802
2020-03-16 01:00:45,-0.1823,-0.1823
2020-03-16 02:00:15,,-0.07080744000000001
2020-03-16 02:00:45,,-0.05940192250000001
2020-03-16 03:00:15,0.041153,0.041153
2020-03-16 03:00:45,,-0.022392504999999997
2020-03-16 04:00:15,,0.014377305
2020-03-16 04:00:45,0.015051,0.015051
2020-03-16 05:00:15,,-0.0007863349999999999
2020-03-16 05:00:45,-0.000652,-0.000652
2020-03-16 06:00:15,,-0.009698992500000003
2020-03-16 06:00:45,0.028033,0.028033
2020-03-16 07:00:15,-0.13935,-0.13935
2020-03-16 07:00:45,-0.57874,-0.57874
2020-03-16 08:00:15,,-0.39474338499999984
2020-03-16 08:00:45,-0.98883,-0.98883
2020-03-16 09:00:15,0.40822,0.40822
2020-03-16 09:00:45,-0.063658,-0.063658
2020-03-16 10:00:15,-2.0525,-2.0525
2020-03-16 10:00:45,,-1.037964315
2020-03-16 11:00:15,-1.6843,-1.6843
2020-03-16 11:00:45,-1.7735,-1.7735
2020-03-16 12:00:15,-0.94885,-0.94885
2020-03-16 12:00:45,1.2442,1.2442
2020-03-16 13:00:15,-0.6,-0.6
2020-03-16 13:00:45,-1.1048,-1.1048
2020-03-16 14:00:15,-0.96409,-0.96409
2020-03-16 14:00:45,-0.53974,-0.53974
2020-03-16 15:00:15,-0.59738,-0.59738
2020-03-16 15:00:45,-0.51102,-0.51102
2020-03-16 16:00:15,-0.36465,-0.36465
2020-03-16 16:00:45,-0.15638,-0.15638
2020-03-16 17:00:15,0.027852,0.027852
2020-03-16 17:00:45,0.37758,0.37758
2020-03-16 18:00:15,0.61865,0.61865
2020-03-16 18:00:45,0.45922,0.45922
2020-03-16 19:00:15,0.74952,0.74952
2020-03-16 19:00:45,0.60139,0.60139
2020-03-16 20:00:15,0.47492,0.47492
2020-03-16 20:00:45,0.43266,0.43266
2020-03-16 21:00:15,0.26786,0.26786
2020-03-16 21:00:45,0.20605,0.20605
2020-03-16 22:00:15,0.12928,0.12928
2020-03-16 22:00:45,0.26821,0.26821
2020-03-16 23:00:15,0.14611,0.14611
2020-03-16 23:00:45,0.068593,0.068593
2020-03-17 00:00:15,0.21375,0.21375
2020-03-17 00:00:45,0.02503,0.02503
2020-03-17 01:00:15,0.20089,0.20089
2020-03-17 01:00:45,0.23752,0.23752
2020-03-17 02:00:15,0.42404,0.42404
2020-03-17 02:00:45,0.39222,0.39222
2020-03-17 03:00:15,0.33549,0.33549
2020-03-17 03:00:45,0.37001,0.37001
2020-03-17 04:00:15,0.26501,0.26501
2020-03-17 04:00:45,0.2344,0.2344
2020-03-17 05:00:15,0.52358,0.52358
2020-03-17 05:00:45,0.19517,0.19517
2020-03-17 06:00:15,0.83326,0.83326
2020-03-17 06:00:45,0.16983,0.16983
2020-03-17 07:00:15,0.9395,0.9395
2020-03-17 07:00:45,-0.074367,-0.074367
2020-03-17 08:00:15,-0.24778,-0.24778
2020-03-17 08:00:45,-0.5087,-0.5087
2020-03-17 09:00:15,-0.8526,-0.8526
2020-03-17 09:00:45,-0.41399,-0.41399
2020-03-17 10:00:15,-0.596,-0.596
2020-03-17 10:00:45,-0.10778,-0.10778
2020-03-17 11:00:15,-0.28246,-0.28246
2020-03-17 11:00:45,0.41774,0.41774
2020-03-17 12:00:15,0.94169,0.94169
2020-03-17 12:00:45,1.9958,1.9958
2020-03-17 13:00:15,1.0812,1.0812
2020-03-17 13:00:45,1.3914,1.3914
2020-03-17 14:00:15,0.88399,0.88399
2020-03-17 14:00:45,1.5118,1.5118
2020-03-17 15:00:15,1.3566,1.3566
2020-03-17 15:00:45,0.92306,0.92306
2020-03-17 16:00:15,0.96993,0.96993
2020-03-17 16:00:45,0.89891,0.89891
2020-03-17 17:00:15,0.69758,0.69758
2020-03-17 17:00:45,0.7465,0.7465
2020-03-17 18:00:15,0.81253,0.81253
2020-03-17 18:00:45,0.69992,0.69992
2020-03-17 19:00:15,0.59175,0.59175
2020-03-17 19:00:45,0.8387,0.8387
2020-03-17 20:00:15,0.62247,0.62247
2020-03-17 20:00:45,0.62836,0.62836
2020-03-17 21:00:15,0.49594,0.49594
2020-03-17 21:00:45,0.44446,0.44446
2020-03-17 22:00:15,0.5288,0.5288
2020-03-17 22:00:45,0.37616,0.37616
2020-03-17 23:00:15,0.2359,0.2359
2020-03-17 23:00:45,0.18801,0.18801
2020-03-18 00:00:15,0.36752,0.36752
2020-03-18 00:00:45,0.12698,0.12698
2020-03-18 01:00:15,0.23008,0.23008
2020-03-18 01:00:45,0.15086,0.15086
2020-03-18 02:00:15,-0.033743,-0.033743
2020-03-18 02:00:45,0.11466,0.11466
2020-03-18 03:00:15,-0.062586,-0.062586
2020-03-18 03:00:45,0.081826,0.081826
2020-03-18 04:00:15,0.25917,0.25917
2020-03-18 04:00:45,0.24923,0.24923
2020-03-18 05:00:15,0.16643,0.16643
2020-03-18 05:00:45,0.18889,0.18889
2020-03-18 06:00:15,0.054743,0.054743
2020-03-18 06:00:45,-0.14113,-0.14113
2020-03-18 07:00:15,-0.67158,-0.67158
2020-03-18 07:00:45,-1.4603,-1.4603
2020-03-18 08:00:15,-1.2072,-1.2072
2020-03-18 08:00:45,-0.89086,-0.89086
2020-03-18 09:00:15,-0.9204,-0.9204
2020-03-18 09:00:45,-0.065839,-0.065839
2020-03-18 10:00:15,0.14504,0.14504
2020-03-18 10:00:45,0.69061,0.69061
2020-03-18 11:00:15,0.65071,0.65071
2020-03-18 11:00:45,1.4179,1.4179
2020-03-18 12:00:15,1.3728,1.3728
2020-03-18 12:00:45,1.9579,1.9579
2020-03-18 13:00:15,1.1984,1.1984
2020-03-18 13:00:45,1.1599,1.1599
2020-03-18 14:00:15,0.28968,0.28968
2020-03-18 14:00:45,-0.20058,-0.20058
2020-03-18 15:00:15,-0.66529,-0.66529
2020-03-18 15:00:45,-0.7511,-0.7511
2020-03-18 16:00:15,-0.53881,-0.53881
2020-03-18 16:00:45,-0.47314,-0.47314
2020-03-18 17:00:15,0.19029,0.19029
2020-03-18 17:00:45,,-0.035463539999999995
2020-03-18 18:00:15,0.51194,0.51194
2020-03-18 18:00:45,,0.5687274375
2020-03-18 19:00:15,,0.65311713
2020-03-18 19:00:45,,0.6458849000000001
2020-03-18 20:00:15,,0.6313766850000001
2020-03-18 20:00:45,0.76848,0.76848
2020-03-18 21:00:15,,0.6431680025
2020-03-18 21:00:45,,0.7667608150000003
2020-03-18 22:00:15,,0.8151240375000001
2020-03-18 22:00:45,,1.0733086900000002
2020-03-18 23:00:15,1.4334,1.4334
2020-03-18 23:00:45,,0.6740751475000002
2020-03-19 00:00:15,0.3938,0.3938
2020-03-19 00:00:45,0.45018,0.45018
2020-03-19 01:00:15,0.5767,0.5767
2020-03-19 01:00:45,0.59222,0.59222
2020-03-19 02:00:15,0.4303,0.4303
2020-03-19 02:00:45,0.34095,0.34095
2020-03-19 03:00:15,0.44045,0.44045
2020-03-19 03:00:45,0.29351,0.29351
2020-03-19 04:00:15,0.26844,0.26844
2020-03-19 04:00:45,0.16008,0.16008
2020-03-19 05:00:15,0.58299,0.58299
2020-03-19 05:00:45,0.28445,0.28445
2020-03-19 06:00:15,,-0.08739136000000002
2020-03-19 06:00:45,-0.28983,-0.28983
2020-03-19 07:00:15,-0.57994,-0.57994
2020-03-19 07:00:45,-0.56978,-0.56978
2020-03-19 08:00:15,-0.21459,-0.21459
2020-03-19 08:00:45,-0.70894,-0.70894
2020-03-19 09:00:15,-0.33975,-0.33975
2020-03-19 09:00:45,-0.54188,-0.54188
2020-03-19 10:00:15,-0.59163,-0.59163
2020-03-19 10:00:45,0.037959,0.037959
2020-03-19 11:00:15,0.34887,0.34887
2020-03-19 11:00:45,-0.23925,-0.23925
2020-03-19 12:00:15,0.59433,0.59433
2020-03-19 12:00:45,0.13678,0.13678
2020-03-19 13:00:15,-0.15126,-0.15126
2020-03-19 13:00:45,0.74947,0.74947
2020-03-19 14:00:15,1.0547,1.0547
2020-03-19 14:00:45,0.46016,0.46016
2020-03-19 15:00:15,0.66778,0.66778
2020-03-19 15:00:45,0.045364,0.045364
2020-03-19 16:00:15,-0.51284,-0.51284
2020-03-19 16:00:45,-0.38188,-0.38188
2020-03-19 17:00:15,-0.24194,-0.24194
2020-03-19 17:00:45,-0.41035,-0.41035
2020-03-19 18:00:15,0.33093,0.33093
2020-03-19 18:00:45,,0.09027915750000003
2020-03-19 19:00:15,0.072546,0.072546
2020-03-19 19:00:45,-0.01534,-0.01534
2020-03-19 20:00:15,0.095926,0.095926
2020-03-19 20:00:45,0.15159,0.15159
2020-03-19 21:00:15,0.056383,0.056383
2020-03-19 21:00:45,0.19568,0.19568
2020-03-19 22:00:15,0.015215,0.015215
2020-03-19 22:00:45,0.044668,0.044668
2020-03-19 23:00:15,-0.012737,-0.012737
2020-03-19 23:00:45,-0.1844,-0.1844
2020-03-20 00:00:15,-0.076974,-0.076974
2020-03-20 00:00:45,-0.000519,-0.000519
2020-03-20 01:00:15,-0.040243,-0.040243
2020-03-20 01:00:45,0.054049,0.054049
2020-03-20 02:00:15,-0.035961,-0.035961
2020-03-20 02:00:45,0.012122,0.012122
2020-03-20 03:00:15,0.010237,0.010237
2020-03-20 03:00:45,-0.007143,-0.007143
2020-03-20 04:00:15,-0.04012,-0.04012
2020-03-20 04:00:45,,-0.035745877499999995
2020-03-20 05:00:15,-0.17678,-0.17678
2020-03-20 05:00:45,-0.048321,-0.048321
2020-03-20 06:00:15,-0.18708,-0.18708
2020-03-20 06:00:45,-0.48318,-0.48318
2020-03-20 07:00:15,-1.6741,-1.6741
2020-03-20 07:00:45,-1.6473,-1.6473
2020-03-20 08:00:15,-0.034243,-0.034243
2020-03-20 08:00:45,-0.45375,-0.45375
2020-03-20 09:00:15,-0.15703,-0.15703
2020-03-20 09:00:45,0.001986,0.001986
2020-03-20 10:00:15,-0.24663,-0.24663
2020-03-20 10:00:45,-0.9442,-0.9442
2020-03-20 11:00:15,,-1.2823375475
2020-03-20 11:00:45,-0.098303,-0.098303
2020-03-20 12:00:15,0.024284,0.024284
2020-03-20 12:00:45,0.39879,0.39879
2020-03-20 13:00:15,-0.29185,-0.29185
2020-03-20 13:00:45,-0.39014,-0.39014
2020-03-20 14:00:15,0.8467,0.8467
2020-03-20 14:00:45,0.14836,0.14836
2020-03-20 15:00:15,0.074692,0.074692
2020-03-20 15:00:45,0.78486,0.78486
2020-03-20 16:00:15,0.23033,0.23033
2020-03-20 16:00:45,0.36354,0.36354
2020-03-20 17:00:15,0.054248,0.054248
2020-03-20 17:00:45,0.44605,0.44605
2020-03-20 18:00:15,0.43338,0.43338
2020-03-20 18:00:45,-0.098906,-0.098906
2020-03-20 19:00:15,0.52235,0.52235
2020-03-20 19:00:45,0.20912,0.20912
2020-03-20 20:00:15,0.1933,0.1933
2020-03-20 20:00:45,0.069585,0.069585
2020-03-20 21:00:15,0.35617,0.35617
2020-03-20 21:00:45,-0.016798,-0.016798
2020-03-20 22:00:15,0.10447,0.10447
2020-03-20 22:00:45,0.098991,0.098991
2020-03-20 23:00:15,0.054929,0.054929
2020-03-20 23:00:45,0.18874,0.18874
2020-03-21 00:00:15,0.034098,0.034098
2020-03-21 00:00:45,-0.014554,-0.014554
2020-03-21 01:00:15,0.073237,0.073237
2020-03-21 01:00:45,-0.018427,-0.018427
2020-03-21 02:00:15,0.042117,0.042117
2020-03-21 02:00:45,-0.087607,-0.087607
2020-03-21 03:00:15,,0.06234962750000002
2020-03-21 03:00:45,0.15327,0.15327
2020-03-21 04:00:15,-0.12935,-0.12935
2020-03-21 04:00:45,0.097335,0.097335
2020-03-21 05:00:15,0.11976,0.11976
2020-03-21 05:00:45,0.008989,0.008989
2020-03-21 06:00:15,-0.00041,-0.00041
2020-03-21 06:00:45,-0.10454,-0.10454
2020-03-21 07:00:15,-0.28223,-0.28223
2020-03-21 07:00:45,-0.69205,-0.69205
2020-03-21 08:00:15,-1.3786,-1.3786
2020-03-21 08:00:45,-1.2431,-1.2431
2020-03-21 09:00:15,-1.5005,-1.5005
2020-03-21 09:00:45,-2.1762,-2.1762
2020-03-21 10:00:15,-1.6302,-1.6302
2020-03-21 10:00:45,-1.6021,-1.6021
2020-03-21 11:00:15,-1.9457,-1.9457
2020-03-21 11:00:45,-1.8411,-1.8411
2020-03-21 12:00:15,-1.6792,-1.6792
2020-03-21 12:00:45,-1.2638,-1.2638
2020-03-21 13:00:15,-0.044715,-0.044715
2020-03-21 13:00:45,0.6883,0.6883
2020-03-21 14:00:15,0.79877,0.79877
2020-03-21 14:00:45,0.11895,0.11895
2020-03-21 15:00:15,0.39011,0.39011
2020-03-21 15:00:45,,0.6215489424999999
2020-03-21 16:00:15,,0.18683507749999997
2020-03-21 16:00:45,1.5184,1.5184
2020-03-21 17:00:15,0.38478,0.38478
2020-03-21 17:00:45,0.58781,0.58781
2020-03-21 18:00:15,1.1923,1.1923
2020-03-21 18:00:45,0.4082,0.4082
2020-03-21 19:00:15,0.40912,0.40912
2020-03-21 19:00:45,0.12539,0.12539
2020-03-21 20:00:15,0.31978,0.31978
2020-03-21 20:00:45,0.42086,0.42086
2020-03-21 21:00:15,0.60251,0.60251
2020-03-21 21:00:45,0.3929,0.3929
2020-03-21 22:00:15,0.15383,0.15383
2020-03-21 22:00:45,-0.0062,-0.0062
2020-03-21 23:00:15,-0.06554,-0.06554
2020-03-21 23:00:45,-0.17342,-0.17342
2020-03-22 00:00:15,-0.093114,-0.093114
2020-03-22 00:00:45,0.21941,0.21941
2020-03-22 01:00:15,-0.18244,-0.18244
2020-03-22 01:00:45,-0.11505,-0.11505
2020-03-22 02:00:15,-0.10473,-0.10473
2020-03-22 02:00:45,-0.14916,-0.14916
2020-03-22 03:00:15,-0.13695,-0.13695
2020-03-22 03:00:45,,-0.091497615
2020-03-22 04:00:15,-0.14251,-0.14251
2020-03-22 04:00:45,-0.010554,-0.010554
2020-03-22 05:00:15,-0.034339,-0.034339
2020-03-22 05:00:45,-0.011866,-0.011866
2020-03-22 06:00:15,0.030992,0.030992
2020-03-22 06:00:45,0.026608,0.026608
2020-03-22 07:00:15,-0.23848,-0.23848
2020-03-22 07:00:45,-0.66345,-0.66345
2020-03-22 08:00:15,-1.1074,-1.1074
2020-03-22 08:00:45,-1.1216,-1.1216
2020-03-22 09:00:15,-0.76998,-0.76998
2020-03-22 09:00:45,-1.2159,-1.2159
2020-03-22 10:00:15,-1.7287,-1.7287
2020-03-22 10:00:45,-1.2678,-1.2678
2020-03-22 11:00:15,-0.2321,-0.2321
2020-03-22 11:00:45,-1.6815,-1.6815
2020-03-22 12:00:15,-1.445,-1.445
2020-03-22 12:00:45,-0.58765,-0.58765
2020-03-22 13:00:15,-1.199,-1.199
2020-03-22 13:00:45,-1.0921,-1.0921
2020-03-22 14:00:15,-1.8357,-1.8357
2020-03-22 14:00:45,-1.3618,-1.3618
2020-03-22 15:00:15,-1.3068,-1.3068
2020-03-22 15:00:45,-2.1753,-2.1753
2020-03-22 16:00:15,-1.1285,-1.1285
2020-03-22 16:00:45,-0.8092,-0.8092
2020-03-22 17:00:15,-0.16094,-0.16094
2020-03-22 17:00:45,0.20165,0.20165
2020-03-22 18:00:15,0.13049,0.13049
2020-03-22 18:00:45,0.14064,0.14064
2020-03-22 19:00:15,0.057592,0.057592
2020-03-22 19:00:45,0.3638,0.3638
2020-03-22 20:00:15,0.31057,0.31057
2020-03-22 20:00:45,0.28396,0.28396
2020-03-22 21:00:15,0.34428,0.34428
2020-03-22 21:00:45,0.13091,0.13091
2020-03-22 22:00:15,0.31326,0.31326
2020-03-22 22:00:45,0.22203,0.22203
2020-03-22 23:00:15,0.30459,0.30459
2020-03-22 23:00:45,0.33982,0.33982
2020-03-23 00:00:15,0.32297,0.32297
2020-03-23 00:00:45,0.20727,0.20727
2020-03-23 01:00:15,,0.12096312999999999
2020-03-23 01:00:45,0.060922,0.060922
2020-03-23 02:00:15,0.036794,0.036794
2020-03-23 02:00:45,,0.151163045
2020-03-23 03:00:15,0.21801,0.21801
2020-03-23 03:00:45,0.83376,0.83376
2020-03-23 04:00:15,-0.18317,-0.18317
2020-03-23 04:00:45,0.36266,0.36266
2020-03-23 05:00:15,0.084902,0.084902
2020-03-23 05:00:45,0.000696,0.000696
2020-03-23 06:00:15,,0.22308138500000002
2020-03-23 06:00:45,-1.5131,-1.5131
2020-03-23 07:00:15,-0.9511,-0.9511
2020-03-23 07:00:45,-0.015627,-0.015627
2020-03-23 08:00:15,0.74305,0.74305
2020-03-23 08:00:45,0.076153,0.076153
2020-03-23 09:00:15,-3.0611,-3.0611
2020-03-23 09:00:45,-2.1198,-2.1198
2020-03-23 10:00:15,-1.9432,-1.9432
2020-03-23 10:00:45,-1.8889,-1.8889
2020-03-23 11:00:15,-1.3622,-1.3622
2020-03-23 11:00:45,-1.1371,-1.1371
2020-03-23 12:00:15,-1.2819,-1.2819
2020-03-23 12:00:45,-2.8526,-2.8526
2020-03-23 13:00:15,-1.586,-1.586
2020-03-23 13:00:45,-0.82488,-0.82488
2020-03-23 14:00:15,,1.8984160899999996
2020-03-23 14:00:45,3.1607,3.1607
2020-03-23 15:00:15,2.3906,2.3906
2020-03-23 15:00:45,2.0086,2.0086
2020-03-23 16:00:15,1.5726,1.5726
2020-03-23 16:00:45,1.6288,1.6288
2020-03-23 17:00:15,1.3297,1.3297
2020-03-23 17:00:45,0.91732,0.91732
2020-03-23 18:00:15,0.96766,0.96766
2020-03-23 18:00:45,0.58918,0.58918
2020-03-23 19:00:15,0.56383,0.56383
2020-03-23 19:00:45,0.27514,0.27514
2020-03-23 20:00:15,0.30721,0.30721
2020-03-23 20:00:45,0.3793,0.3793
2020-03-23 21:00:15,0.40741,0.40741
2020-03-23 21:00:45,0.23484,0.23484
2020-03-23 22:00:15,0.11832,0.11832
2020-03-23 22:00:45,0.26919,0.26919
2020-03-23 23:00:15,0.028549,0.028549
2020-03-23 23:00:45,,0.08962107500000001
2020-03-24 00:00:15,-0.13565,-0.13565
2020-03-24 00:00:45,0.15541,0.15541
2020-03-24 01:00:15,-0.064037,-0.064037
2020-03-24 01:00:45,-0.14199,-0.14199
2020-03-24 02:00:15,-0.10934,-0.10934
2020-03-24 02:00:45,0.068895,0.068895
2020-03-24 03:00:15,-0.019533,-0.019533
2020-03-24 03:00:45,0.13931,0.13931
2020-03-24 04:00:15,0.083182,0.083182
2020-03-24 04:00:45,0.065824,0.065824
2020-03-24 05:00:15,0.026857,0.026857
2020-03-24 05:00:45,-0.050267,-0.050267
2020-03-24 06:00:15,-0.014786,-0.014786
2020-03-24 06:00:45,-0.75632,-0.75632
2020-03-24 07:00:15,-0.28479,-0.28479
2020-03-24 07:00:45,-0.5386,-0.5386
2020-03-24 08:00:15,-0.061001,-0.061001
2020-03-24 08:00:45,0.1647,0.1647
2020-03-24 09:00:15,-0.2802,-0.2802
2020-03-24 09:00:45,-0.21119,-0.21119
2020-03-24 10:00:15,-0.71468,-0.71468
2020-03-24 10:00:45,-0.77642,-0.77642
2020-03-24 11:00:15,-0.66912,-0.66912
2020-03-24 11:00:45,-1.0291,-1.0291
2020-03-24 12:00:15,-0.83635,-0.83635
2020-03-24 12:00:45,-1.441,-1.441
2020-03-24 13:00:15,-1.4894,-1.4894
2020-03-24 13:00:45,-1.8664,-1.8664
2020-03-24 14:00:15,-1.0195,-1.0195
2020-03-24 14:00:45,-2.2729,-2.2729
2020-03-24 15:00:15,-2.0114,-2.0114
2020-03-24 15:00:45,-1.3525,-1.3525
2020-03-24 16:00:15,-1.2537,-1.2537
2020-03-24 16:00:45,-0.76062,-0.76062
2020-03-24 17:00:15,-0.36156,-0.36156
2020-03-24 17:00:45,0.026439,0.026439
2020-03-24 18:00:15,0.49748,0.49748
2020-03-24 18:00:45,0.4523,0.4523
2020-03-24 19:00:15,0.59533,0.59533
2020-03-24 19:00:45,0.55468,0.55468
2020-03-24 20:00:15,0.658,0.658
2020-03-24 20:00:45,0.57511,0.57511
2020-03-24 21:00:15,0.3655,0.3655
2020-03-24 21:00:45,0.50861,0.50861
2020-03-24 22:00:15,1.0713,1.0713
2020-03-24 22:00:45,0.69516,0.69516
2020-03-24 23:00:15,0.42472,0.42472
2020-03-24 23:00:45,-0.030614,-0.030614
2020-03-25 00:00:15,0.34278,0.34278
2020-03-25 00:00:45,0.42217,0.42217
2020-03-25 01:00:15,0.37054,0.37054
2020-03-25 01:00:45,0.22834,0.22834
2020-03-25 02:00:15,-0.12969,-0.12969
2020-03-25 02:00:45,-0.019938,-0.019938
2020-03-25 03:00:15,0.023017,0.023017
2020-03-25 03:00:45,-0.05564,-0.05564
2020-03-25 04:00:15,0.058116,0.058116
2020-03-25 04:00:45,-0.013192,-0.013192
2020-03-25 05:00:15,,-0.05041704500000001
2020-03-25 05:00:45,-0.041395,-0.041395
2020-03-25 06:00:15,0.095458,0.095458
2020-03-25 06:00:45,-0.29416,-0.29416
2020-03-25 07:00:15,-0.82082,-0.82082
2020-03-25 07:00:45,-1.0715,-1.0715
2020-03-25 08:00:15,-1.2483,-1.2483
2020-03-25 08:00:45,-1.119,-1.119
2020-03-25 09:00:15,-0.99352,-0.99352
2020-03-25 09:00:45,-1.2951,-1.2951
2020-03-25 10:00:15,-1.167,-1.167
2020-03-25 10:00:45,-0.68969,-0.68969
2020-03-25 11:00:15,-0.87401,-0.87401
2020-03-25 11:00:45,-0.50218,-0.50218
2020-03-25 12:00:15,0.23918,0.23918
2020-03-25 12:00:45,0.27973,0.27973
2020-03-25 13:00:15,-0.26487,-0.26487
2020-03-25 13:00:45,2.3973,2.3973
2020-03-25 14:00:15,,2.1498751499999997
2020-03-25 14:00:45,3.9081,3.9081
2020-03-25 15:00:15,3.4436,3.4436
2020-03-25 15:00:45,2.415,2.415
2020-03-25 16:00:15,1.9073,1.9073
2020-03-25 16:00:45,1.2716,1.2716
2020-03-25 17:00:15,1.4839,1.4839
2020-03-25 17:00:45,1.1415,1.1415
2020-03-25 18:00:15,0.93683,0.93683
2020-03-25 18:00:45,0.92783,0.92783
2020-03-25 19:00:15,0.96374,0.96374
2020-03-25 19:00:45,0.59187,0.59187
2020-03-25 20:00:15,0.52033,0.52033
2020-03-25 20:00:45,0.54189,0.54189
2020-03-25 21:00:15,0.3655,0.3655
2020-03-25 21:00:45,0.63523,0.63523
2020-03-25 22:00:15,0.87757,0.87757
2020-03-25 22:00:45,0.69282,0.69282
2020-03-25 23:00:15,0.82508,0.82508
2020-03-25 23:00:45,0.69,0.69
2020-03-26 00:00:15,0.84495,0.84495
2020-03-26 00:00:45,0.865,0.865
2020-03-26 01:00:15,0.66762,0.66762
2020-03-26 01:00:45,0.64156,0.64156
2020-03-26 02:00:15,0.44219,0.44219
2020-03-26 02:00:45,0.4076,0.4076
2020-03-26 03:00:15,0.53006,0.53006
2020-03-26 03:00:45,0.60764,0.60764
2020-03-26 04:00:15,0.53301,0.53301
2020-03-26 04:00:45,0.52892,0.52892
2020-03-26 05:00:15,0.45981,0.45981
2020-03-26 05:00:45,0.21845,0.21845
2020-03-26 06:00:15,0.27268,0.27268
2020-03-26 06:00:45,0.31922,0.31922
2020-03-26 07:00:15,0.14981,0.14981
2020-03-26 07:00:45,-0.15742,-0.15742
2020-03-26 08:00:15,-0.5458,-0.5458
2020-03-26 08:00:45,-0.50338,-0.50338
2020-03-26 09:00:15,-0.62203,-0.62203
2020-03-26 09:00:45,-0.43042,-0.43042
2020-03-26 10:00:15,-0.5583,-0.5583
2020-03-26 10:00:45,-0.45691,-0.45691
2020-03-26 11:00:15,-0.10243,-0.10243
2020-03-26 11:00:45,-0.22712,-0.22712
2020-03-26 12:00:15,0.089426,0.089426
2020-03-26 12:00:45,0.63572,0.63572
2020-03-26 13:00:15,0.81531,0.81531
2020-03-26 13:00:45,0.63462,0.63462
2020-03-26 14:00:15,1.1048,1.1048
2020-03-26 14:00:45,1.5121,1.5121
2020-03-26 15:00:15,1.0342,1.0342
2020-03-26 15:00:45,1.2497,1.2497
2020-03-26 16:00:15,1.3283,1.3283
2020-03-26 16:00:45,1.1857,1.1857
2020-03-26 17:00:15,1.3725,1.3725
2020-03-26 17:00:45,1.606,1.606
2020-03-26 18:00:15,1.7448,1.7448
2020-03-26 18:00:45,2.0525,2.0525
2020-03-26 19:00:15,1.581,1.581
2020-03-26 19:00:45,0.77224,0.77224
2020-03-26 20:00:15,0.40479,0.40479
2020-03-26 20:00:45,0.50774,0.50774
2020-03-26 21:00:15,0.29033,0.29033
2020-03-26 21:00:45,0.41582,0.41582
2020-03-26 22:00:15,0.48536,0.48536
2020-03-26 22:00:45,0.38504,0.38504
2020-03-26 23:00:15,-0.080467,-0.080467
2020-03-26 23:00:45,0.70868,0.70868
2020-03-27 00:00:15,1.0432,1.0432
2020-03-27 00:00:45,0.9793,0.9793
2020-03-27 01:00:15,0.77174,0.77174
2020-03-27 01:00:45,0.94046,0.94046
2020-03-27 02:00:15,0.77694,0.77694
2020-03-27 02:00:45,0.8078,0.8078
2020-03-27 03:00:15,0.78417,0.78417
2020-03-27 03:00:45,0.3044,0.3044
2020-03-27 04:00:15,0.45428,0.45428
2020-03-27 04:00:45,0.51634,0.51634
2020-03-27 05:00:15,0.49021,0.49021
2020-03-27 05:00:45,0.62549,0.62549
2020-03-27 06:00:15,0.57674,0.57674
2020-03-27 06:00:45,0.13085,0.13085
2020-03-27 07:00:15,0.42822,0.42822
2020-03-27 07:00:45,0.42921,0.42921
2020-03-27 08:00:15,0.14532,0.14532
2020-03-27 08:00:45,-0.022555,-0.022555
2020-03-27 09:00:15,0.76175,0.76175
2020-03-27 09:00:45,0.45875,0.45875
2020-03-27 10:00:15,0.79894,0.79894
2020-03-27 10:00:45,0.84699,0.84699
2020-03-27 11:00:15,0.40462,0.40462
2020-03-27 11:00:45,0.46244,0.46244
2020-03-27 12:00:15,1.6475,1.6475
2020-03-27 12:00:45,1.5203,1.5203
2020-03-27 13:00:15,3.0607,3.0607
2020-03-27 13:00:45,,2.7956817575
2020-03-27 14:00:15,2.8091,2.8091
2020-03-27 14:00:45,3.1258,3.1258
2020-03-27 15:00:15,3.2015,3.2015
2020-03-27 15:00:45,2.8422,2.8422
2020-03-27 16:00:15,1.3665,1.3665
2020-03-27 16:00:45,1.2798,1.2798
2020-03-27 17:00:15,0.83733,0.83733
2020-03-27 17:00:45,0.80684,0.80684
2020-03-27 18:00:15,0.75422,0.75422
2020-03-27 18:00:45,0.62723,0.62723
2020-03-27 19:00:15,0.53833,0.53833
2020-03-27 19:00:45,0.3008,0.3008
2020-03-27 20:00:15,0.087474,0.087474
2020-03-27 20:00:45,0.28432,0.28432
2020-03-27 21:00:15,0.086613,0.086613
2020-03-27 21:00:45,0.025277,0.025277
2020-03-27 22:00:15,0.1438,0.1438
2020-03-27 22:00:45,0.15929,0.15929
2020-03-27 23:00:15,0.35486,0.35486
2020-03-27 23:00:45,0.20508,0.20508
2020-03-28 00:00:15,0.20813,0.20813
2020-03-28 00:00:45,0.35259,0.35259
2020-03-28 01:00:15,-0.023232,-0.023232
2020-03-28 01:00:45,0.11911,0.11911
2020-03-28 02:00:15,0.23915,0.23915
2020-03-28 02:00:45,0.19991,0.19991
2020-03-28 03:00:15,0.006785,0.006785
2020-03-28 03:00:45,0.059868,0.059868
2020-03-28 04:00:15,0.14724,0.14724
2020-03-28 04:00:45,0.2218,0.2218
2020-03-28 05:00:15,0.24876,0.24876
2020-03-28 05:00:45,0.15296,0.15296
2020-03-28 06:00:15,0.22942,0.22942
2020-03-28 06:00:45,0.016955,0.016955
2020-03-28 07:00:15,0.062718,0.062718
2020-03-28 07:00:45,0.95703,0.95703
2020-03-28 08:00:15,1.0707,1.0707
2020-03-28 08:00:45,1.0612,1.0612
2020-03-28 09:00:15,1.2274,1.2274
2020-03-28 09:00:45,1.4097,1.4097
2020-03-28 10:00:15,1.0107,1.0107
2020-03-28 10:00:45,-0.12143,-0.12143
2020-03-28 11:00:15,0.45014,0.45014
2020-03-28 11:00:45,0.42954,0.42954
2020-03-28 12:00:15,3.0032,3.0032
2020-03-28 12:00:45,-1.0283,-1.0283
2020-03-28 13:00:15,-0.27007,-0.27007
2020-03-28 13:00:45,-0.23276,-0.23276
2020-03-28 14:00:15,-0.030703,-0.030703
2020-03-28 14:00:45,-1.1074,-1.1074
2020-03-28 15:00:15,-0.61361,-0.61361
2020-03-28 15:00:45,-0.73614,-0.73614
2020-03-28 16:00:15,-0.6195,-0.6195
2020-03-28 16:00:45,-0.78242,-0.78242
2020-03-28 17:00:15,-0.55299,-0.55299
2020-03-28 17:00:45,-0.45853,-0.45853
2020-03-28 18:00:15,-0.095187,-0.095187
2020-03-28 18:00:45,0.080097,0.080097
2020-03-28 19:00:15,-0.075882,-0.075882
2020-03-28 19:00:45,0.001149,0.001149
2020-03-28 20:00:15,-0.057135,-0.057135
2020-03-28 20:00:45,-0.055955,-0.055955
2020-03-28 21:00:15,-0.07409,-0.07409
2020-03-28 21:00:45,-0.071165,-0.071165
2020-03-28 22:00:15,-0.13518,-0.13518
2020-03-28 22:00:45,-0.13575,-0.13575
2020-03-28 23:00:15,,-0.065017655
2020-03-28 23:00:45,,-0.016184612499999994
2020-03-29 00:00:15,-0.014338,-0.014338
2020-03-29 00:00:45,,-0.021567614999999995
2020-03-29 01:00:15,-0.18942,-0.18942
2020-03-29 01:00:45,-0.000615,-0.000615
2020-03-29 02:00:15,-0.009349,-0.009349
2020-03-29 02:00:45,0.000888,0.000888
2020-03-29 03:00:15,-0.12675,-0.12675
2020-03-29 03:00:45,-0.055598,-0.055598
2020-03-29 04:00:15,-0.16587,-0.16587
2020-03-29 04:00:45,0.054399,0.054399
2020-03-29 05:00:15,,-0.0691211975
2020-03-29 05:00:45,-0.006229,-0.006229
2020-03-29 06:00:15,-0.066523,-0.066523
2020-03-29 06:00:45,-0.12206,-0.12206
2020-03-29 07:00:15,-0.61277,-0.61277
2020-03-29 07:00:45,-1.2077,-1.2077
2020-03-29 08:00:15,-1.6554,-1.6554
2020-03-29 08:00:45,-1.4719,-1.4719
2020-03-29 09:00:15,-2.8313,-2.8313
2020-03-29 09:00:45,-1.7976,-1.7976
2020-03-29 10:00:15,-1.8683,-1.8683
2020-03-29 10:00:45,-1.3274,-1.3274
2020-03-29 11:00:15,-1.9047,-1.9047
2020-03-29 11:00:45,-0.12771,-0.12771
2020-03-29 12:00:15,,0.06704055750000001
2020-03-29 12:00:45,-0.22609,-0.22609
2020-03-29 13:00:15,-0.63698,-0.63698
2020-03-29 13:00:45,-0.79355,-0.79355
2020-03-29 14:00:15,-0.38724,-0.38724
2020-03-29 14:00:45,-0.18864,-0.18864
2020-03-29 15:00:15,-0.2531,-0.2531
2020-03-29 15:00:45,0.062332,0.062332
2020-03-29 16:00:15,0.063945,0.063945
2020-03-29 16:00:45,0.11962,0.11962
2020-03-29 17:00:15,0.2039,0.2039
2020-03-29 17:00:45,0.50039,0.50039
2020-03-29 18:00:15,0.51259,0.51259
2020-03-29 18:00:45,0.66156,0.66156
2020-03-29 19:00:15,0.73126,0.73126
2020-03-29 19:00:45,0.7463,0.7463
2020-03-29 20:00:15,0.27949,0.27949
2020-03-29 20:00:45,0.48704,0.48704
2020-03-29 21:00:15,0.48591,0.48591
2020-03-29 21:00:45,0.67316,0.67316
2020-03-29 22:00:15,0.50753,0.50753
2020-03-29 22:00:45,0.61653,0.61653
2020-03-29 23:00:15,0.072767,0.072767
2020-03-29 23:00:45,0.18144,0.18144
2020-03-30 00:00:15,0.36469,0.36469
2020-03-30 00:00:45,0.29788,0.29788
2020-03-30 01:00:15,0.1675,0.1675
2020-03-30 01:00:45,0.30735,0.30735
2020-03-30 02:00:15,0.24784,0.24784
2020-03-30 02:00:45,,0.023667684999999994
2020-03-30 03:00:15,-0.083706,-0.083706
2020-03-30 03:00:45,-0.056016,-0.056016
2020-03-30 04:00:15,0.33986,0.33986
2020-03-30 04:00:45,-0.092362,-0.092362
2020-03-30 05:00:15,,-0.03228072750000001
2020-03-30 05:00:45,,-0.025207734999999988
2020-03-30 06:00:15,-0.30996,-0.30996
2020-03-30 06:00:45,-0.29707,-0.29707
2020-03-30 07:00:15,-0.62248,-0.62248
2020-03-30 07:00:45,-0.53908,-0.53908
2020-03-30 08:00:15,-1.2332,-1.2332
2020-03-30 08:00:45,-1.0939,-1.0939
2020-03-30 09:00:15,-0.22724,-0.22724
2020-03-30 09:00:45,0.30678,0.30678
2020-03-30 10:00:15,0.072782,0.072782
2020-03-30 10:00:45,0.38336,0.38336
2020-03-30 11:00:15,2.4822,2.4822
2020-03-30 11:00:45,-2.2185,-2.2185
2020-03-30 12:00:15,2.6033,2.6033
2020-03-30 12:00:45,1.4952,1.4952
2020-03-30 13:00:15,0.75561,0.75561
2020-03-30 13:00:45,1.5373,1.5373
2020-03-30 14:00:15,1.5199,1.5199
2020-03-30 14:00:45,0.53131,0.53131
2020-03-30 15:00:15,0.78039,0.78039
2020-03-30 15:00:45,1.1363,1.1363
2020-03-30 16:00:15,0.78339,0.78339
2020-03-30 16:00:45,0.31726,0.31726
2020-03-30 17:00:15,0.29128,0.29128
2020-03-30 17:00:45,0.12522,0.12522
2020-03-30 18:00:15,0.21294,0.21294
2020-03-30 18:00:45,0.16716,0.16716
2020-03-30 19:00:15,-0.054266,-0.054266
2020-03-30 19:00:45,0.066877,0.066877
2020-03-30 20:00:15,-0.10848,-0.10848
2020-03-30 20:00:45,-0.003001,-0.003001
2020-03-30 21:00:15,-0.083466,-0.083466
2020-03-30 21:00:45,-0.098786,-0.098786
2020-03-30 22:00:15,-0.065832,-0.065832
2020-03-30 22:00:45,-0.047213,-0.047213
2020-03-30 23:00:15,,-0.017157082499999997
2020-03-30 23:00:45,0.027865,0.027865
2020-03-31 00:00:15,0.13269,0.13269
2020-03-31 00:00:45,-0.058937,-0.058937
2020-03-31 01:00:15,,-0.0325009675
2020-03-31 01:00:45,-0.053847,-0.053847
2020-03-31 02:00:15,,-0.0461374475
2020-03-31 02:00:45,,-0.07324509999999998
2020-03-31 03:00:15,,-0.112104925
2020-03-31 03:00:45,-0.1834,-0.1834
2020-03-31 04:00:15,,-0.10157766250000003
2020-03-31 04:00:45,-0.15464,-0.15464
2020-03-31 05:00:15,-0.098856,-0.098856
2020-03-31 05:00:45,-0.054068,-0.054068
2020-03-31 06:00:15,-0.11286,-0.11286
2020-03-31 06:00:45,0.21501,0.21501
2020-03-31 07:00:15,-0.36998,-0.36998
2020-03-31 07:00:45,-0.93822,-0.93822
2020-03-31 08:00:15,-1.3014,-1.3014
2020-03-31 08:00:45,-2.4028,-2.4028
2020-03-31 09:00:15,-2.5454,-2.5454
2020-03-31 09:00:45,-1.842,-1.842
2020-03-31 10:00:15,-3.1445,-3.1445
2020-03-31 10:00:45,-2.6469,-2.6469
2020-03-31 11:00:15,-2.7624,-2.7624
2020-03-31 11:00:45,-3.1026,-3.1026
2020-03-31 12:00:15,-2.0667,-2.0667
2020-03-31 12:00:45,-2.2741,-2.2741
2020-03-31 13:00:15,-2.6658,-2.6658
2020-03-31 13:00:45,-2.0578,-2.0578
2020-03-31 14:00:15,-1.7119,-1.7119
2020-03-31 14:00:45,-1.918,-1.918
2020-03-31 15:00:15,-1.9753,-1.9753
2020-03-31 15:00:45,-2.1628,-2.1628
2020-03-31 16:00:15,-1.1814,-1.1814
2020-03-31 16:00:45,-0.63053,-0.63053
2020-03-31 17:00:15,0.047311,0.047311
2020-03-31 17:00:45,0.1794,0.1794
2020-03-31 18:00:15,0.44751,0.44751
2020-03-31 18:00:45,0.4326,0.4326
2020-03-31 19:00:15,0.48715,0.48715
2020-03-31 19:00:45,0.63561,0.63561
2020-03-31 20:00:15,0.5185,0.5185
2020-03-31 20:00:45,0.55183,0.55183
2020-03-31 21:00:15,0.6231,0.6231
2020-03-31 21:00:45,0.66108,0.66108
2020-03-31 22:00:15,0.677,0.677
2020-03-31 22:00:45,0.81593,0.81593
2020-03-31 23:00:15,0.60019,0.60019
2020-03-31 23:00:45,0.62019,0.62019
2020-04-01 00:00:15,0.51205,0.51205
2020-04-01 00:00:45,0.39554,0.39554
2020-04-01 01:00:15,0.31746,0.31746
2020-04-01 01:00:45,0.30696,0.30696
2020-04-01 02:00:15,0.36578,0.36578
2020-04-01 02:00:45,0.48227,0.48227
2020-04-01 03:00:15,0.44265,0.44265
2020-04-01 03:00:45,0.17434,0.17434
2020-04-01 04:00:15,0.15036,0.15036
2020-04-01 04:00:45,0.24509,0.24509
2020-04-01 05:00:15,0.13312,0.13312
2020-04-01 05:00:45,0.14545,0.14545
2020-04-01 06:00:15,-0.2828,-0.2828
2020-04-01 06:00:45,-0.80264,-0.80264
2020-04-01 07:00:15,-0.46949,-0.46949
2020-04-01 07:00:45,-1.1667,-1.1667
2020-04-01 08:00:15,-1.9299,-1.9299
2020-04-01 08:00:45,-1.3246,-1.3246
2020-04-01 09:00:15,-1.655,-1.655
2020-04-01 09:00:45,-1.6638,-1.6638
2020-04-01 10:00:15,-1.2138,-1.2138
2020-04-01 10:00:45,-0.30731,-0.30731
2020-04-01 11:00:15,-1.287,-1.287
2020-04-01 11:00:45,-3.0374,-3.0374
2020-04-01 12:00:15,-0.20935,-0.20935
2020-04-01 12:00:45,0.43093,0.43093
2020-04-01 13:00:15,0.66444,0.66444
2020-04-01 13:00:45,0.63717,0.63717
2020-04-01 14:00:15,-0.069114,-0.069114
2020-04-01 14:00:45,0.43386,0.43386
2020-04-01 15:00:15,0.57151,0.57151
2020-04-01 15:00:45,-0.15133,-0.15133
2020-04-01 16:00:15,0.34281,0.34281
2020-04-01 16:00:45,-0.14817,-0.14817
2020-04-01 17:00:15,-0.075889,-0.075889
2020-04-01 17:00:45,-0.25507,-0.25507
2020-04-01 18:00:15,0.25922,0.25922
2020-04-01 18:00:45,0.51523,0.51523
2020-04-01 19:00:15,-0.002799,-0.002799
2020-04-01 19:00:45,0.21277,0.21277
2020-04-01 20:00:15,0.84618,0.84618
2020-04-01 20:00:45,0.551,0.551
2020-04-01 21:00:15,0.48509,0.48509
2020-04-01 21:00:45,0.49851,0.49851
2020-04-01 22:00:15,0.52723,0.52723
2020-04-01 22:00:45,0.33959,0.33959
2020-04-01 23:00:15,0.49494,0.49494
2020-04-01 23:00:45,0.51348,0.51348
2020-04-02 00:00:15,0.33785,0.33785
2020-04-02 00:00:45,0.28571,0.28571
2020-04-02 01:00:15,0.54144,0.54144
2020-04-02 01:00:45,0.28605,0.28605
2020-04-02 02:00:15,0.24271,0.24271
2020-04-02 02:00:45,0.19459,0.19459
2020-04-02 03:00:15,0.24576,0.24576
2020-04-02 03:00:45,0.13844,0.13844
2020-04-02 04:00:15,0.20248,0.20248
2020-04-02 04:00:45,0.14762,0.14762
2020-04-02 05:00:15,0.20353,0.20353
2020-04-02 05:00:45,0.028053,0.028053
2020-04-02 06:00:15,-0.046974,-0.046974
2020-04-02 06:00:45,-0.34941,-0.34941
2020-04-02 07:00:15,-0.73256,-0.73256
2020-04-02 07:00:45,-0.61206,-0.61206
2020-04-02 08:00:15,0.103,0.103
2020-04-02 08:00:45,0.088149,0.088149
2020-04-02 09:00:15,-0.14039,-0.14039
2020-04-02 09:00:45,-0.29175,-0.29175
2020-04-02 10:00:15,-0.4513,-0.4513
2020-04-02 10:00:45,-0.24399,-0.24399
2020-04-02 11:00:15,0.53763,0.53763
2020-04-02 11:00:45,-1.6142,-1.6142
2020-04-02 12:00:15,-1.1427,-1.1427
2020-04-02 12:00:45,0.4044,0.4044
2020-04-02 13:00:15,0.54155,0.54155
2020-04-02 13:00:45,0.11722,0.11722
2020-04-02 14:00:15,0.22345,0.22345
2020-04-02 14:00:45,-0.24125,-0.24125
2020-04-02 15:00:15,-0.9609,-0.9609
2020-04-02 15:00:45,-0.36833,-0.36833
2020-04-02 16:00:15,-0.15344,-0.15344
2020-04-02 16:00:45,0.00109,0.00109
2020-04-02 17:00:15,0.12427,0.12427
2020-04-02 17:00:45,0.34538,0.34538
2020-04-02 18:00:15,0.88608,0.88608
2020-04-02 18:00:45,0.6069,0.6069
2020-04-02 19:00:15,0.44608,0.44608
2020-04-02 19:00:45,0.47165,0.47165
2020-04-02 20:00:15,0.488,0.488
2020-04-02 20:00:45,0.75763,0.75763
2020-04-02 21:00:15,0.20296,0.20296
2020-04-02 21:00:45,0.47255,0.47255
2020-04-02 22:00:15,0.42353,0.42353
2020-04-02 22:00:45,0.27586,0.27586
2020-04-02 23:00:15,0.33853,0.33853
2020-04-02 23:00:45,0.43609,0.43609
2020-04-03 00:00:15,0.41506,0.41506
2020-04-03 00:00:45,0.15078,0.15078
2020-04-03 01:00:15,0.40585,0.40585
2020-04-03 01:00:45,0.33754,0.33754
2020-04-03 02:00:15,0.17256,0.17256
2020-04-03 02:00:45,0.052795,0.052795
2020-04-03 03:00:15,0.091631,0.091631
2020-04-03 03:00:45,0.16348,0.16348
2020-04-03 04:00:15,-0.068981,-0.068981
2020-04-03 04:00:45,,0.009682540000000003
2020-04-03 05:00:15,-0.008873,-0.008873
2020-04-03 05:00:45,,0.12894008250000003
2020-04-03 06:00:15,-0.10787,-0.10787
2020-04-03 06:00:45,-0.88026,-0.88026
2020-04-03 07:00:15,-1.1376,-1.1376
2020-04-03 07:00:45,-0.52421,-0.52421
2020-04-03 08:00:15,-0.61656,-0.61656
2020-04-03 08:00:45,-0.9189,-0.9189
2020-04-03 09:00:15,-1.1574,-1.1574
2020-04-03 09:00:45,-1.9029,-1.9029
2020-04-03 10:00:15,-3.2742,-3.2742
2020-04-03 10:00:45,-3.4622,-3.4622
2020-04-03 11:00:15,-4.1022,-4.1022
2020-04-03 11:00:45,-0.37662,-0.37662
2020-04-03 12:00:15,-1.7188,-1.7188
2020-04-03 12:00:45,-1.3914,-1.3914
2020-04-03 13:00:15,-2.4603,-2.4603
2020-04-03 13:00:45,-1.7738,-1.7738
2020-04-03 14:00:15,-2.2048,-2.2048
2020-04-03 14:00:45,-1.8992,-1.8992
2020-04-03 15:00:15,-1.825,-1.825
2020-04-03 15:00:45,-1.4483,-1.4483
2020-04-03 16:00:15,-0.47329,-0.47329
2020-04-03 16:00:45,-0.066081,-0.066081
2020-04-03 17:00:15,0.42178,0.42178
2020-04-03 17:00:45,0.47163,0.47163
2020-04-03 18:00:15,0.86814,0.86814
2020-04-03 18:00:45,0.92006,0.92006
2020-04-03 19:00:15,0.85612,0.85612
2020-04-03 19:00:45,0.64693,0.64693
2020-04-03 20:00:15,0.80765,0.80765
2020-04-03 20:00:45,0.54018,0.54018
2020-04-03 21:00:15,0.29808,0.29808
2020-04-03 21:00:45,0.23321,0.23321
2020-04-03 22:00:15,,0.3063479875
2020-04-03 22:00:45,0.65726,0.65726
2020-04-03 23:00:15,0.17032,0.17032
2020-04-03 23:00:45,0.18407,0.18407
2020-04-04 00:00:15,,0.196947145
2020-04-04 00:00:45,0.087582,0.087582
2020-04-04 01:00:15,,0.26094810749999997
2020-04-04 01:00:45,0.23855,0.23855
2020-04-04 02:00:15,0.24012,0.24012
2020-04-04 02:00:45,0.55375,0.55375
2020-04-04 03:00:15,0.18938,0.18938
2020-04-04 03:00:45,-0.061026,-0.061026
2020-04-04 04:00:15,,0.011100132500000002
2020-04-04 04:00:45,,0.04983633999999999
2020-04-04 05:00:15,0.10195,0.10195
2020-04-04 05:00:45,0.36707,0.36707
2020-04-04 06:00:15,0.10041,0.10041
2020-04-04 06:00:45,-1.2007,-1.2007
2020-04-04 07:00:15,-0.73017,-0.73017
2020-04-04 07:00:45,-0.89381,-0.89381
2020-04-04 08:00:15,-1.5083,-1.5083
2020-04-04 08:00:45,-2.3479,-2.3479
2020-04-04 09:00:15,-2.5632,-2.5632
2020-04-04 09:00:45,-3.1671,-3.1671
2020-04-04 10:00:15,-3.9609,-3.9609
2020-04-04 10:00:45,-3.9625,-3.9625
2020-04-04 11:00:15,-3.4977,-3.4977
2020-04-04 11:00:45,-1.5448,-1.5448
2020-04-04 12:00:15,-3.9109,-3.9109
2020-04-04 12:00:45,-2.1864,-2.1864
2020-04-04 13:00:15,-2.1533,-2.1533
2020-04-04 13:00:45,-2.4227,-2.4227
2020-04-04 14:00:15,-2.2463,-2.2463
2020-04-04 14:00:45,-2.1187,-2.1187
2020-04-04 15:00:15,-1.9907,-1.9907
2020-04-04 15:00:45,-1.7586,-1.7586
2020-04-04 16:00:15,-0.7036,-0.7036
2020-04-04 16:00:45,-0.89151,-0.89151
2020-04-04 17:00:15,-0.52848,-0.52848
2020-04-04 17:00:45,-0.11673,-0.11673
2020-04-04 18:00:15,0.18337,0.18337
2020-04-04 18:00:45,0.65933,0.65933
2020-04-04 19:00:15,0.8563,0.8563
2020-04-04 19:00:45,0.66644,0.66644
2020-04-04 20:00:15,0.59226,0.59226
2020-04-04 20:00:45,0.73553,0.73553
2020-04-04 21:00:15,0.55138,0.55138
2020-04-04 21:00:45,0.49264,0.49264
2020-04-04 22:00:15,0.44795,0.44795
2020-04-04 22:00:45,0.040602,0.040602
2020-04-04 23:00:15,0.25313,0.25313
2020-04-04 23:00:45,0.35753,0.35753
2020-04-05 00:00:15,,-0.008061695000000002
2020-04-05 00:00:45,0.010097,0.010097
2020-04-05 01:00:15,,0.039260847499999994
2020-04-05 01:00:45,0.27771,0.27771
2020-04-05 02:00:15,-0.18008,-0.18008
2020-04-05 02:00:45,,0.026339535
2020-04-05 03:00:15,0.019971,0.019971
2020-04-05 03:00:45,,0.014619280000000005
2020-04-05 04:00:15,0.43116,0.43116
2020-04-05 04:00:45,-0.14001,-0.14001
2020-04-05 05:00:15,0.42038,0.42038
2020-04-05 05:00:45,0.80697,0.80697
2020-04-05 06:00:15,0.14346,0.14346
2020-04-05 06:00:45,-0.78364,-0.78364
2020-04-05 07:00:15,-1.8749,-1.8749
2020-04-05 07:00:45,-1.6014,-1.6014
2020-04-05 08:00:15,-1.3498,-1.3498
2020-04-05 08:00:45,-1.8163,-1.8163
2020-04-05 09:00:15,-1.9377,-1.9377
2020-04-05 09:00:45,-1.8366,-1.8366
2020-04-05 10:00:15,-3.3353,-3.3353
2020-04-05 10:00:45,-2.8028,-2.8028
2020-04-05 11:00:15,-2.6601,-2.6601
2020-04-05 11:00:45,-3.7528,-3.7528
2020-04-05 12:00:15,-1.6497,-1.6497
2020-04-05 12:00:45,-2.2178,-2.2178
2020-04-05 13:00:15,-2.0938,-2.0938
2020-04-05 13:00:45,-2.1214,-2.1214
2020-04-05 14:00:15,-1.8955,-1.8955
2020-04-05 14:00:45,-1.6461,-1.6461
2020-04-05 15:00:15,-1.0479,-1.0479
2020-04-05 15:00:45,-0.88369,-0.88369
2020-04-05 16:00:15,-1.0589,-1.0589
2020-04-05 16:00:45,-0.87359,-0.87359
2020-04-05 17:00:15,-0.6507,-0.6507
2020-04-05 17:00:45,0.10144,0.10144
2020-04-05 18:00:15,0.61165,0.61165
2020-04-05 18:00:45,0.70608,0.70608
2020-04-05 19:00:15,0.77827,0.77827
2020-04-05 19:00:45,0.77152,0.77152
2020-04-05 20:00:15,0.96261,0.96261
2020-04-05 20:00:45,0.86575,0.86575
2020-04-05 21:00:15,0.75196,0.75196
2020-04-05 21:00:45,0.5827,0.5827
2020-04-05 22:00:15,0.23076,0.23076
2020-04-05 22:00:45,0.31621,0.31621
2020-04-05 23:00:15,0.23634,0.23634
2020-04-05 23:00:45,0.17967,0.17967
2020-04-06 00:00:15,0.16459,0.16459
2020-04-06 00:00:45,0.073983,0.073983
2020-04-06 01:00:15,0.063454,0.063454
2020-04-06 01:00:45,,0.11343304000000001
2020-04-06 02:00:15,,0.28124306750000005
2020-04-06 02:00:45,0.30253,0.30253
2020-04-06 03:00:15,0.26652,0.26652
2020-04-06 03:00:45,0.12879,0.12879
2020-04-06 04:00:15,-0.002556,-0.002556
2020-04-06 04:00:45,0.05841,0.05841
2020-04-06 05:00:15,0.13201,0.13201
2020-04-06 05:00:45,,0.16815863999999991
2020-04-06 06:00:15,-0.30237,-0.30237
2020-04-06 06:00:45,-0.94103,-0.94103
2020-04-06 07:00:15,-1.0356,-1.0356
2020-04-06 07:00:45,-2.6001,-2.6001
2020-04-06 08:00:15,-3.1332,-3.1332
2020-04-06 08:00:45,-2.891,-2.891
2020-04-06 09:00:15,-2.736,-2.736
2020-04-06 09:00:45,-2.441,-2.441
2020-04-06 10:00:15,-2.6707,-2.6707
2020-04-06 10:00:45,-3.1517,-3.1517
2020-04-06 11:00:15,-1.9576,-1.9576
2020-04-06 11:00:45,-2.2033,-2.2033
2020-04-06 12:00:15,-2.4125,-2.4125
2020-04-06 12:00:45,-2.5699,-2.5699
2020-04-06 13:00:15,-2.2017,-2.2017
2020-04-06 13:00:45,-2.0215,-2.0215
2020-04-06 14:00:15,-2.3306,-2.3306
2020-04-06 14:00:45,-2.4942,-2.4942
2020-04-06 15:00:15,-2.3927,-2.3927
2020-04-06 15:00:45,-1.9792,-1.9792
2020-04-06 16:00:15,-1.0551,-1.0551
2020-04-06 16:00:45,-1.0713,-1.0713
2020-04-06 17:00:15,-0.48106,-0.48106
2020-04-06 17:00:45,-0.23942,-0.23942
2020-04-06 18:00:15,0.5168,0.5168
2020-04-06 18:00:45,0.77496,0.77496
2020-04-06 19:00:15,0.72606,0.72606
2020-04-06 19:00:45,0.60137,0.60137
2020-04-06 20:00:15,0.49282,0.49282
2020-04-06 20:00:45,0.50824,0.50824
2020-04-06 21:00:15,0.47172,0.47172
2020-04-06 21:00:45,0.53666,0.53666
2020-04-06 22:00:15,0.12961,0.12961
2020-04-06 22:00:45,0.21802,0.21802
2020-04-06 23:00:15,-0.037457,-0.037457
2020-04-06 23:00:45,0.076866,0.076866
2020-04-07 00:00:15,-0.13064,-0.13064
2020-04-07 00:00:45,0.062829,0.062829
2020-04-07 01:00:15,0.079601,0.079601
2020-04-07 01:00:45,0.21145,0.21145
2020-04-07 02:00:15,,0.0530806125
2020-04-07 02:00:45,,-0.018472865
2020-04-07 03:00:15,-0.18185,-0.18185
2020-04-07 03:00:45,,0.12593154250000005
2020-04-07 04:00:15,0.093937,0.093937
2020-04-07 04:00:45,,-0.035383790000000005
2020-04-07 05:00:15,0.12485,0.12485
2020-04-07 05:00:45,0.11672,0.11672
2020-04-07 06:00:15,0.019717,0.019717
2020-04-07 06:00:45,-0.50092,-0.50092
2020-04-07 07:00:15,-0.60718,-0.60718
2020-04-07 07:00:45,-1.4388,-1.4388
2020-04-07 08:00:15,-1.0528,-1.0528
2020-04-07 08:00:45,-0.8255,-0.8255
2020-04-07 09:00:15,-0.68188,-0.68188
2020-04-07 09:00:45,-0.32255,-0.32255
2020-04-07 10:00:15,-1.6534,-1.6534
2020-04-07 10:00:45,-1.6772,-1.6772
2020-04-07 11:00:15,-3.0982,-3.0982
2020-04-07 11:00:45,-0.89848,-0.89848
2020-04-07 12:00:15,-2.4868,-2.4868
2020-04-07 12:00:45,-1.7784,-1.7784
2020-04-07 13:00:15,-3.2493,-3.2493
2020-04-07 13:00:45,-2.3243,-2.3243
2020-04-07 14:00:15,-3.2118,-3.2118
2020-04-07 14:00:45,-2.769,-2.769
2020-04-07 15:00:15,-2.0156,-2.0156
2020-04-07 15:00:45,-2.0152,-2.0152
2020-04-07 16:00:15,-1.7634,-1.7634
2020-04-07 16:00:45,-0.75867,-0.75867
2020-04-07 17:00:15,-0.53037,-0.53037
2020-04-07 17:00:45,-0.35367,-0.35367
2020-04-07 18:00:15,0.2157,0.2157
2020-04-07 18:00:45,0.16075,0.16075
2020-04-07 19:00:15,0.25214,0.25214
2020-04-07 19:00:45,0.34116,0.34116
2020-04-07 20:00:15,0.63571,0.63571
2020-04-07 20:00:45,0.56542,0.56542
2020-04-07 21:00:15,0.55224,0.55224
2020-04-07 21:00:45,0.29778,0.29778
2020-04-07 22:00:15,0.82092,0.82092
2020-04-07 22:00:45,0.81445,0.81445
2020-04-07 23:00:15,0.467,0.467
2020-04-07 23:00:45,,0.5094613
2020-04-08 00:00:15,0.53956,0.53956
2020-04-08 00:00:45,0.6132,0.6132
2020-04-08 01:00:15,0.68965,0.68965
2020-04-08 01:00:45,,0.10817896249999998
2020-04-08 02:00:15,-0.17034,-0.17034
2020-04-08 02:00:45,0.20885,0.20885
2020-04-08 03:00:15,0.025917,0.025917
2020-04-08 03:00:45,-0.071415,-0.071415
2020-04-08 04:00:15,,-0.015124084999999995
2020-04-08 04:00:45,,-0.019076425
2020-04-08 05:00:15,,0.012468804999999998
2020-04-08 05:00:45,,-0.06279523
2020-04-08 06:00:15,-0.34677,-0.34677
2020-04-08 06:00:45,-0.63,-0.63
2020-04-08 07:00:15,-0.003686,-0.003686
2020-04-08 07:00:45,-1.7822,-1.7822
2020-04-08 08:00:15,-2.1147,-2.1147
2020-04-08 08:00:45,-2.0779,-2.0779
2020-04-08 09:00:15,-1.9942,-1.9942
2020-04-08 09:00:45,-1.3636,-1.3636
2020-04-08 10:00:15,-2.654,-2.654
2020-04-08 10:00:45,-2.9701,-2.9701
2020-04-08 11:00:15,-3.8082,-3.8082
2020-04-08 11:00:45,,-2.6620055900000015
2020-04-08 12:00:15,,-2.8690443950000017
2020-04-08 12:00:45,-3.5368,-3.5368
2020-04-08 13:00:15,-2.6402,-2.6402
2020-04-08 13:00:45,-2.0995,-2.0995
2020-04-08 14:00:15,-2.0718,-2.0718
2020-04-08 14:00:45,-1.9844,-1.9844
2020-04-08 15:00:15,-2.7094,-2.7094
2020-04-08 15:00:45,-1.9942,-1.9942
2020-04-08 16:00:15,-1.718,-1.718
2020-04-08 16:00:45,-1.1919,-1.1919
2020-04-08 17:00:15,-0.76334,-0.76334
2020-04-08 17:00:45,-0.52345,-0.52345
2020-04-08 18:00:15,0.14982,0.14982
2020-04-08 18:00:45,0.55666,0.55666
2020-04-08 19:00:15,0.63746,0.63746
2020-04-08 19:00:45,1.011,1.011
2020-04-08 20:00:15,0.72607,0.72607
2020-04-08 20:00:45,0.68975,0.68975
2020-04-08 21:00:15,0.76474,0.76474
2020-04-08 21:00:45,0.84438,0.84438
2020-04-08 22:00:15,0.70136,0.70136
2020-04-08 22:00:45,0.6074,0.6074
2020-04-08 23:00:15,0.59163,0.59163
2020-04-08 23:00:45,0.50465,0.50465
2020-04-09 00:00:15,0.37055,0.37055
2020-04-09 00:00:45,0.54128,0.54128
2020-04-09 01:00:15,0.44368,0.44368
2020-04-09 01:00:45,0.38071,0.38071
2020-04-09 02:00:15,0.38527,0.38527
2020-04-09 02:00:45,0.38887,0.38887
2020-04-09 03:00:15,0.63903,0.63903
2020-04-09 03:00:45,0.50689,0.50689
2020-04-09 04:00:15,0.33598,0.33598
2020-04-09 04:00:45,0.4068,0.4068
2020-04-09 05:00:15,0.43212,0.43212
2020-04-09 05:00:45,0.4653,0.4653
2020-04-09 06:00:15,0.31399,0.31399
2020-04-09 06:00:45,-0.06728,-0.06728
2020-04-09 07:00:15,-0.4275,-0.4275
2020-04-09 07:00:45,-1.6254,-1.6254
2020-04-09 08:00:15,-1.754,-1.754
2020-04-09 08:00:45,-2.8403,-2.8403
2020-04-09 09:00:15,-2.7141,-2.7141
2020-04-09 09:00:45,-2.9771,-2.9771
2020-04-09 10:00:15,-3.3879,-3.3879
2020-04-09 10:00:45,-2.0713,-2.0713
2020-04-09 11:00:15,-0.95776,-0.95776
2020-04-09 11:00:45,,-1.9081533450000003
2020-04-09 12:00:15,-2.5798,-2.5798
2020-04-09 12:00:45,-2.0576,-2.0576
2020-04-09 13:00:15,-2.229,-2.229
2020-04-09 13:00:45,-2.1803,-2.1803
2020-04-09 14:00:15,-3.0111,-3.0111
2020-04-09 14:00:45,-2.1634,-2.1634
2020-04-09 15:00:15,-1.2367,-1.2367
2020-04-09 15:00:45,-2.2428,-2.2428
2020-04-09 16:00:15,-1.7307,-1.7307
2020-04-09 16:00:45,-1.5573,-1.5573
2020-04-09 17:00:15,-1.1962,-1.1962
2020-04-09 17:00:45,-0.57312,-0.57312
2020-04-09 18:00:15,0.17337,0.17337
2020-04-09 18:00:45,0.55034,0.55034
2020-04-09 19:00:15,0.56965,0.56965
2020-04-09 19:00:45,0.44486,0.44486
2020-04-09 20:00:15,1.0141,1.0141
2020-04-09 20:00:45,0.73089,0.73089
2020-04-09 21:00:15,0.46803,0.46803
2020-04-09 21:00:45,0.50715,0.50715
2020-04-09 22:00:15,0.043067,0.043067
2020-04-09 22:00:45,0.36789,0.36789
2020-04-09 23:00:15,0.085987,0.085987
2020-04-09 23:00:45,0.18064,0.18064
2020-04-10 00:00:15,0.12637,0.12637
2020-04-10 00:00:45,,0.12750608749999998
2020-04-10 01:00:15,,-0.003034065
2020-04-10 01:00:45,,0.007658649999999996
2020-04-10 02:00:15,-0.14795,-0.14795
2020-04-10 02:00:45,0.13398,0.13398
2020-04-10 03:00:15,0.081416,0.081416
2020-04-10 03:00:45,0.029948,0.029948
2020-04-10 04:00:15,0.050636,0.050636
2020-04-10 04:00:45,,0.016613322500000003
2020-04-10 05:00:15,-0.018825,-0.018825
2020-04-10 05:00:45,,-0.0557680175
2020-04-10 06:00:15,0.002386,0.002386
2020-04-10 06:00:45,-1.0004,-1.0004
2020-04-10 07:00:15,-1.4505,-1.4505
2020-04-10 07:00:45,-1.4752,-1.4752
2020-04-10 08:00:15,-1.4986,-1.4986
2020-04-10 08:00:45,-2.1758,-2.1758
2020-04-10 09:00:15,-4.1398,-4.1398
2020-04-10 09:00:45,-4.0787,-4.0787
2020-04-10 10:00:15,-3.0922,-3.0922
2020-04-10 10:00:45,-4.0657,-4.0657
2020-04-10 11:00:15,-0.049236,-0.049236
2020-04-10 11:00:45,-1.574,-1.574
2020-04-10 12:00:15,-3.2468,-3.2468
2020-04-10 12:00:45,-2.8574,-2.8574
2020-04-10 13:00:15,-3.3667,-3.3667
2020-04-10 13:00:45,-1.6008,-1.6008
2020-04-10 14:00:15,-2.6897,-2.6897
2020-04-10 14:00:45,-1.9669,-1.9669
2020-04-10 15:00:15,-1.211,-1.211
2020-04-10 15:00:45,-0.36323,-0.36323
2020-04-10 16:00:15,-1.2266,-1.2266
2020-04-10 16:00:45,-1.102,-1.102
2020-04-10 17:00:15,-0.73504,-0.73504
2020-04-10 17:00:45,-0.36513,-0.36513
2020-04-10 18:00:15,0.22851,0.22851
2020-04-10 18:00:45,0.39464,0.39464
2020-04-10 19:00:15,0.41826,0.41826
2020-04-10 19:00:45,0.25356,0.25356
2020-04-10 20:00:15,0.4954,0.4954
2020-04-10 20:00:45,0.47111,0.47111
2020-04-10 21:00:15,0.4814,0.4814
2020-04-10 21:00:45,0.49802,0.49802
2020-04-10 22:00:15,0.21497,0.21497
2020-04-10 22:00:45,0.22702,0.22702
2020-04-10 23:00:15,0.21753,0.21753
2020-04-10 23:00:45,0.023494,0.023494
2020-04-11 00:00:15,,-0.007377822500000002
2020-04-11 00:00:45,-0.18257,-0.18257
2020-04-11 01:00:15,-0.058042,-0.058042
2020-04-11 01:00:45,-0.037473,-0.037473
2020-04-11 02:00:15,,-0.035217205
2020-04-11 02:00:45,,-0.01802839
2020-04-11 03:00:15,,-0.034611915
2020-04-11 03:00:45,,-0.013759199999999994
2020-04-11 04:00:15,,-0.020667652499999998
2020-04-11 04:00:45,,-0.015352737499999996
2020-04-11 05:00:15,,0.008197635000000002
2020-04-11 05:00:45,,-0.021797942499999994
2020-04-11 06:00:15,-0.10087,-0.10087
2020-04-11 06:00:45,-0.76889,-0.76889
2020-04-11 07:00:15,-0.82519,-0.82519
2020-04-11 07:00:45,-1.5663,-1.5663
2020-04-11 08:00:15,-1.0668,-1.0668
2020-04-11 08:00:45,-2.3003,-2.3003
2020-04-11 09:00:15,-1.9457,-1.9457
2020-04-11 09:00:45,-2.8878,-2.8878
2020-04-11 10:00:15,-3.2032,-3.2032
2020-04-11 10:00:45,-3.078,-3.078
2020-04-11 11:00:15,-0.048921,-0.048921
2020-04-11 11:00:45,-3.3487,-3.3487
2020-04-11 12:00:15,-2.5382,-2.5382
2020-04-11 12:00:45,-2.1701,-2.1701
2020-04-11 13:00:15,-2.4883,-2.4883
2020-04-11 13:00:45,-2.6316,-2.6316
2020-04-11 14:00:15,-1.5845,-1.5845
2020-04-11 14:00:45,-1.675,-1.675
2020-04-11 15:00:15,-1.0637,-1.0637
2020-04-11 15:00:45,-1.0818,-1.0818
2020-04-11 16:00:15,-1.0238,-1.0238
2020-04-11 16:00:45,-0.43891,-0.43891
2020-04-11 17:00:15,-0.031259,-0.031259
2020-04-11 17:00:45,0.077757,0.077757
2020-04-11 18:00:15,0.27258,0.27258
2020-04-11 18:00:45,0.58689,0.58689
2020-04-11 19:00:15,0.35866,0.35866
2020-04-11 19:00:45,0.5186,0.5186
2020-04-11 20:00:15,0.43529,0.43529
2020-04-11 20:00:45,0.11207,0.11207
2020-04-11 21:00:15,0.28756,0.28756
2020-04-11 21:00:45,0.61316,0.61316
2020-04-11 22:00:15,0.46265,0.46265
2020-04-11 22:00:45,0.40424,0.40424
2020-04-11 23:00:15,0.32277,0.32277
2020-04-11 23:00:45,0.40758,0.40758
2020-04-12 00:00:15,0.29645,0.29645
2020-04-12 00:00:45,0.26091,0.26091
2020-04-12 01:00:15,0.53855,0.53855
2020-04-12 01:00:45,0.35751,0.35751
2020-04-12 02:00:15,0.2385,0.2385
2020-04-12 02:00:45,0.006006,0.006006
2020-04-12 03:00:15,0.40051,0.40051
2020-04-12 03:00:45,0.31356,0.31356
2020-04-12 04:00:15,0.16778,0.16778
2020-04-12 04:00:45,0.23496,0.23496
2020-04-12 05:00:15,0.58068,0.58068
2020-04-12 05:00:45,-0.023259,-0.023259
2020-04-12 06:00:15,-0.18182,-0.18182
2020-04-12 06:00:45,-0.08858,-0.08858
2020-04-12 07:00:15,-1.2498,-1.2498
2020-04-12 07:00:45,0.38952,0.38952
2020-04-12 08:00:15,-0.054919,-0.054919
2020-04-12 08:00:45,0.99379,0.99379
2020-04-12 09:00:15,0.36299,0.36299
2020-04-12 09:00:45,0.90451,0.90451
2020-04-12 10:00:15,-0.28474,-0.28474
2020-04-12 10:00:45,0.33797,0.33797
2020-04-12 11:00:15,-0.52756,-0.52756
2020-04-12 11:00:45,-0.88741,-0.88741
2020-04-12 12:00:15,-1.1182,-1.1182
2020-04-12 12:00:45,-0.89738,-0.89738
2020-04-12 13:00:15,-1.042,-1.042
2020-04-12 13:00:45,-1.5815,-1.5815
2020-04-12 14:00:15,-0.23801,-0.23801
2020-04-12 14:00:45,-0.63377,-0.63377
2020-04-12 15:00:15,0.012118,0.012118
2020-04-12 15:00:45,-0.15901,-0.15901
2020-04-12 16:00:15,-0.055287,-0.055287
2020-04-12 16:00:45,0.33032,0.33032
2020-04-12 17:00:15,0.59788,0.59788
2020-04-12 17:00:45,1.9412,1.9412
2020-04-12 18:00:15,-0.045096,-0.045096
2020-04-12 18:00:45,1.3997,1.3997
2020-04-12 19:00:15,0.76194,0.76194
2020-04-12 19:00:45,0.53454,0.53454
2020-04-12 20:00:15,0.052736,0.052736
2020-04-12 20:00:45,0.44864,0.44864
2020-04-12 21:00:15,0.36719,0.36719
2020-04-12 21:00:45,0.41862,0.41862
2020-04-12 22:00:15,0.41488,0.41488
2020-04-12 22:00:45,,0.5135342649999998
2020-04-12 23:00:15,0.34601,0.34601
2020-04-12 23:00:45,0.21231,0.21231
2020-04-13 00:00:15,0.35023,0.35023
2020-04-13 00:00:45,0.35801,0.35801
2020-04-13 01:00:15,0.34671,0.34671
2020-04-13 01:00:45,0.39264,0.39264
2020-04-13 02:00:15,0.17731,0.17731
2020-04-13 02:00:45,0.10164,0.10164
2020-04-13 03:00:15,0.047917,0.047917
2020-04-13 03:00:45,0.00691,0.00691
2020-04-13 04:00:15,0.049342,0.049342
2020-04-13 04:00:45,0.043605,0.043605
2020-04-13 05:00:15,0.089703,0.089703
2020-04-13 05:00:45,0.18417,0.18417
2020-04-13 06:00:15,-0.3191,-0.3191
2020-04-13 06:00:45,0.2014,0.2014
2020-04-13 07:00:15,-0.2112,-0.2112
2020-04-13 07:00:45,-0.29777,-0.29777
2020-04-13 08:00:15,-1.2826,-1.2826
2020-04-13 08:00:45,-0.42552,-0.42552
2020-04-13 09:00:15,-1.4338,-1.4338
2020-04-13 09:00:45,-1.6838,-1.6838
2020-04-13 10:00:15,-1.1087,-1.1087
2020-04-13 10:00:45,-3.0932,-3.0932
2020-04-13 11:00:15,,-0.5734537825000001
2020-04-13 11:00:45,,-1.2778371875000003
2020-04-13 12:00:15,,-0.5487334500000001
2020-04-13 12:00:45,,-1.022773485
2020-04-13 13:00:15,0.96276,0.96276
2020-04-13 13:00:45,,-1.091841325
2020-04-13 14:00:15,,-1.1013410275
2020-04-13 14:00:45,,-0.45340266500000004
2020-04-13 15:00:15,,-0.09163906500000002
2020-04-13 15:00:45,,-1.5862046550000002
2020-04-13 16:00:15,,-0.598718645
2020-04-13 16:00:45,-2.7835,-2.7835
2020-04-13 17:00:15,,-1.0834418875000003
2020-04-13 17:00:45,-1.0,-1.0
2020-04-13 18:00:15,0.17025,0.17025
2020-04-13 18:00:45,0.41366,0.41366
2020-04-13 19:00:15,0.81108,0.81108
2020-04-13 19:00:45,0.56371,0.56371
2020-04-13 20:00:15,0.60314,0.60314
2020-04-13 20:00:45,0.51142,0.51142
2020-04-13 21:00:15,0.66604,0.66604
2020-04-13 21:00:45,0.389,0.389
2020-04-13 22:00:15,0.53916,0.53916
2020-04-13 22:00:45,-0.12498,-0.12498
2020-04-13 23:00:15,0.31267,0.31267
2020-04-13 23:00:45,0.70455,0.70455
2020-04-14 00:00:15,0.47311,0.47311
2020-04-14 00:00:45,0.41415,0.41415
2020-04-14 01:00:15,0.12763,0.12763
2020-04-14 01:00:45,0.18743,0.18743
2020-04-14 02:00:15,0.06803,0.06803
2020-04-14 02:00:45,,0.0179000075
2020-04-14 03:00:15,0.006507,0.006507
2020-04-14 03:00:45,0.17101,0.17101
2020-04-14 04:00:15,,0.00428308
2020-04-14 04:00:45,-0.086751,-0.086751
2020-04-14 05:00:15,-0.008416,-0.008416
2020-04-14 05:00:45,-0.10486,-0.10486
2020-04-14 06:00:15,-0.071255,-0.071255
2020-04-14 06:00:45,-0.4453,-0.4453
2020-04-14 07:00:15,-0.69404,-0.69404
2020-04-14 07:00:45,-0.45779,-0.45779
2020-04-14 08:00:15,-0.56845,-0.56845
2020-04-14 08:00:45,-0.14827,-0.14827
2020-04-14 09:00:15,-0.73336,-0.73336
2020-04-14 09:00:45,-0.8237,-0.8237
2020-04-14 10:00:15,-0.66302,-0.66302
2020-04-14 10:00:45,0.54912,0.54912
2020-04-14 11:00:15,,-0.23113604249999997
2020-04-14 11:00:45,-1.2306,-1.2306
2020-04-14 12:00:15,-0.25612,-0.25612
2020-04-14 12:00:45,-1.1729,-1.1729
2020-04-14 13:00:15,-0.73178,-0.73178
2020-04-14 13:00:45,0.84835,0.84835
2020-04-14 14:00:15,1.3255,1.3255
2020-04-14 14:00:45,0.72603,0.72603
2020-04-14 15:00:15,0.559,0.559
2020-04-14 15:00:45,0.043624,0.043624
2020-04-14 16:00:15,0.33985,0.33985
2020-04-14 16:00:45,-0.10493,-0.10493
2020-04-14 17:00:15,-0.37991,-0.37991
2020-04-14 17:00:45,-0.47496,-0.47496
2020-04-14 18:00:15,-0.22165,-0.22165
2020-04-14 18:00:45,0.15297,0.15297
2020-04-14 19:00:15,0.055757,0.055757
2020-04-14 19:00:45,0.11884,0.11884
2020-04-14 20:00:15,-0.021909,-0.021909
2020-04-14 20:00:45,-0.063981,-0.063981
2020-04-14 21:00:15,-0.14651,-0.14651
2020-04-14 21:00:45,-0.061496,-0.061496
2020-04-14 22:00:15,-0.04561,-0.04561
2020-04-14 22:00:45,0.086057,0.086057
2020-04-14 23:00:15,-2.9e-05,-2.9e-05
2020-04-14 23:00:45,-0.18547,-0.18547
2020-04-15 00:00:15,-0.17404,-0.17404
2020-04-15 00:00:45,0.053205,0.053205
2020-04-15 01:00:15,-0.001277,-0.001277
2020-04-15 01:00:45,-0.12779,-0.12779
2020-04-15 02:00:15,-0.13523,-0.13523
2020-04-15 02:00:45,,-0.08163417999999999
2020-04-15 03:00:15,0.093262,0.093262
2020-04-15 03:00:45,-0.042595,-0.042595
2020-04-15 04:00:15,,-0.014158105
2020-04-15 04:00:45,,-0.009494125
2020-04-15 05:00:15,,-0.008629062500000001
2020-04-15 05:00:45,0.20959,0.20959
2020-04-15 06:00:15,-0.19122,-0.19122
2020-04-15 06:00:45,-1.0108,-1.0108
2020-04-15 07:00:15,-1.4964,-1.4964
2020-04-15 07:00:45,-2.242,-2.242
2020-04-15 08:00:15,-1.8903,-1.8903
2020-04-15 08:00:45,,-1.7721622600000004
2020-04-15 09:00:15,-1.6903,-1.6903
2020-04-15 09:00:45,-1.9477,-1.9477
2020-04-15 10:00:15,-2.282,-2.282
2020-04-15 10:00:45,-3.7508,-3.7508
2020-04-15 11:00:15,1.3916,1.3916
2020-04-15 11:00:45,2.5039,2.5039
2020-04-15 12:00:15,-1.4409,-1.4409
2020-04-15 12:00:45,-2.6223,-2.6223
2020-04-15 13:00:15,-0.91455,-0.91455
2020-04-15 13:00:45,-0.71736,-0.71736
2020-04-15 14:00:15,-1.5408,-1.5408
2020-04-15 14:00:45,-0.65196,-0.65196
2020-04-15 15:00:15,-1.6643,-1.6643
2020-04-15 15:00:45,-1.5636,-1.5636
2020-04-15 16:00:15,-1.4429,-1.4429
2020-04-15 16:00:45,-1.3836,-1.3836
2020-04-15 17:00:15,-1.0125,-1.0125
2020-04-15 17:00:45,-0.61054,-0.61054
2020-04-15 18:00:15,-0.020699,-0.020699
2020-04-15 18:00:45,0.26986,0.26986
2020-04-15 19:00:15,0.49833,0.49833
2020-04-15 19:00:45,-0.12971,-0.12971
2020-04-15 20:00:15,-0.058537,-0.058537
2020-04-15 20:00:45,,0.05758028999999999
2020-04-15 21:00:15,-0.038435,-0.038435
2020-04-15 21:00:45,,0.011798075000000003
2020-04-15 22:00:15,-0.14594,-0.14594
2020-04-15 22:00:45,-0.073828,-0.073828
2020-04-15 23:00:15,0.001609,0.001609
2020-04-15 23:00:45,0.88814,0.88814
2020-04-16 00:00:15,-0.076361,-0.076361
2020-04-16 00:00:45,0.47792,0.47792
2020-04-16 01:00:15,0.23276,0.23276
2020-04-16 01:00:45,0.12468,0.12468
2020-04-16 02:00:15,0.12001,0.12001
2020-04-16 02:00:45,-0.026848,-0.026848
2020-04-16 03:00:15,0.011356,0.011356
2020-04-16 03:00:45,-0.077662,-0.077662
2020-04-16 04:00:15,0.052812,0.052812
2020-04-16 04:00:45,0.16397,0.16397
2020-04-16 05:00:15,0.02307,0.02307
2020-04-16 05:00:45,0.26258,0.26258
2020-04-16 06:00:15,-0.58938,-0.58938
2020-04-16 06:00:45,-0.91934,-0.91934
2020-04-16 07:00:15,-1.4252,-1.4252
2020-04-16 07:00:45,-2.4961,-2.4961
2020-04-16 08:00:15,-1.0726,-1.0726
2020-04-16 08:00:45,-1.2322,-1.2322
2020-04-16 09:00:15,-1.6455,-1.6455
2020-04-16 09:00:45,-1.7998,-1.7998
2020-04-16 10:00:15,-1.7004,-1.7004
2020-04-16 10:00:45,-2.3667,-2.3667
2020-04-16 11:00:15,0.47401,0.47401
2020-04-16 11:00:45,,-2.2386723175000007
2020-04-16 12:00:15,-2.6402,-2.6402
2020-04-16 12:00:45,-2.5875,-2.5875
2020-04-16 13:00:15,-2.6519,-2.6519
2020-04-16 13:00:45,-2.5387,-2.5387
2020-04-16 14:00:15,-2.3722,-2.3722
2020-04-16 14:00:45,-1.9766,-1.9766
2020-04-16 15:00:15,-1.0558,-1.0558
2020-04-16 15:00:45,-1.1882,-1.1882
2020-04-16 16:00:15,-1.2863,-1.2863
2020-04-16 16:00:45,-1.1899,-1.1899
2020-04-16 17:00:15,-0.067067,-0.067067
2020-04-16 17:00:45,-0.13323,-0.13323
2020-04-16 18:00:15,-0.018065,-0.018065
2020-04-16 18:00:45,0.013962,0.013962
2020-04-16 19:00:15,0.87084,0.87084
2020-04-16 19:00:45,0.10499,0.10499
2020-04-16 20:00:15,0.009255,0.009255
2020-04-16 20:00:45,0.16324,0.16324
2020-04-16 21:00:15,0.10302,0.10302
2020-04-16 21:00:45,0.19086,0.19086
2020-04-16 22:00:15,-0.029228,-0.029228
2020-04-16 22:00:45,0.10963,0.10963
2020-04-16 23:00:15,0.25087,0.25087
2020-04-16 23:00:45,0.090632,0.090632
2020-04-17 00:00:15,-0.097076,-0.097076
2020-04-17 00:00:45,0.005791,0.005791
2020-04-17 01:00:15,0.13486,0.13486
2020-04-17 01:00:45,,-0.0033362799999999996
2020-04-17 02:00:15,,-0.035177875000000004
2020-04-17 02:00:45,-0.032085,-0.032085
2020-04-17 03:00:15,-0.16477,-0.16477
2020-04-17 03:00:45,-0.10828,-0.10828
2020-04-17 04:00:15,-0.05626,-0.05626
2020-04-17 04:00:45,-0.081448,-0.081448
2020-04-17 05:00:15,,0.020816084999999998
2020-04-17 05:00:45,-0.27023,-0.27023
2020-04-17 06:00:15,-0.25868,-0.25868
2020-04-17 06:00:45,-1.2714,-1.2714
2020-04-17 07:00:15,-1.3922,-1.3922
2020-04-17 07:00:45,-1.955,-1.955
2020-04-17 08:00:15,-1.806,-1.806
2020-04-17 08:00:45,-2.0012,-2.0012
2020-04-17 09:00:15,-2.0483,-2.0483
2020-04-17 09:00:45,-3.0231,-3.0231
2020-04-17 10:00:15,-3.7126,-3.7126
2020-04-17 10:00:45,-2.684,-2.684
2020-04-17 11:00:15,-1.9946,-1.9946
2020-04-17 11:00:45,-2.6021,-2.6021
2020-04-17 12:00:15,-3.1734,-3.1734
2020-04-17 12:00:45,-1.6644,-1.6644
2020-04-17 13:00:15,-4.5744,-4.5744
2020-04-17 13:00:45,-3.0585,-3.0585
2020-04-17 14:00:15,-2.7812,-2.7812
2020-04-17 14:00:45,-2.4552,-2.4552
2020-04-17 15:00:15,-2.4978,-2.4978
2020-04-17 15:00:45,-1.6627,-1.6627
2020-04-17 16:00:15,-1.9622,-1.9622
2020-04-17 16:00:45,-1.488,-1.488
2020-04-17 17:00:15,-0.55115,-0.55115
2020-04-17 17:00:45,0.060625,0.060625
2020-04-17 18:00:15,0.46138,0.46138
2020-04-17 18:00:45,0.76262,0.76262
2020-04-17 19:00:15,0.7622,0.7622
2020-04-17 19:00:45,0.70946,0.70946
2020-04-17 20:00:15,0.86359,0.86359
2020-04-17 20:00:45,0.78791,0.78791
2020-04-17 21:00:15,0.60364,0.60364
2020-04-17 21:00:45,0.71274,0.71274
2020-04-17 22:00:15,0.69168,0.69168
2020-04-17 22:00:45,0.60807,0.60807
2020-04-17 23:00:15,0.65798,0.65798
2020-04-17 23:00:45,0.41282,0.41282
2020-04-18 00:00:15,0.62737,0.62737
2020-04-18 00:00:45,1.0067,1.0067
2020-04-18 01:00:15,0.55872,0.55872
2020-04-18 01:00:45,0.37447,0.37447
2020-04-18 02:00:15,0.018467,0.018467
2020-04-18 02:00:45,0.37953,0.37953
2020-04-18 03:00:15,-0.15888,-0.15888
2020-04-18 03:00:45,0.35246,0.35246
2020-04-18 04:00:15,0.24959,0.24959
2020-04-18 04:00:45,0.043057,0.043057
2020-04-18 05:00:15,,0.010449487499999997
2020-04-18 05:00:45,-0.26599,-0.26599
2020-04-18 06:00:15,-0.78179,-0.78179
2020-04-18 06:00:45,-1.3722,-1.3722
2020-04-18 07:00:15,-1.6502,-1.6502
2020-04-18 07:00:45,-1.4706,-1.4706
2020-04-18 08:00:15,-2.1749,-2.1749
2020-04-18 08:00:45,-2.2877,-2.2877
2020-04-18 09:00:15,-2.6861,-2.6861
2020-04-18 09:00:45,-3.6714,-3.6714
2020-04-18 10:00:15,-2.8536,-2.8536
2020-04-18 10:00:45,-2.2245,-2.2245
2020-04-18 11:00:15,-0.39791,-0.39791
2020-04-18 11:00:45,-1.3077,-1.3077
2020-04-18 12:00:15,-2.1037,-2.1037
2020-04-18 12:00:45,-0.85582,-0.85582
2020-04-18 13:00:15,-2.879,-2.879
2020-04-18 13:00:45,-1.9577,-1.9577
2020-04-18 14:00:15,-2.0288,-2.0288
2020-04-18 14:00:45,0.25644,0.25644
2020-04-18 15:00:15,1.1764,1.1764
2020-04-18 15:00:45,0.6913,0.6913
2020-04-18 16:00:15,-0.2351,-0.2351
2020-04-18 16:00:45,-0.38315,-0.38315
2020-04-18 17:00:15,0.42369,0.42369
2020-04-18 17:00:45,0.61537,0.61537
2020-04-18 18:00:15,0.33902,0.33902
2020-04-18 18:00:45,0.70951,0.70951
2020-04-18 19:00:15,0.41889,0.41889
2020-04-18 19:00:45,0.36046,0.36046
2020-04-18 20:00:15,0.44334,0.44334
2020-04-18 20:00:45,0.41121,0.41121
2020-04-18 21:00:15,0.23631,0.23631
2020-04-18 21:00:45,-0.069799,-0.069799
2020-04-18 22:00:15,0.09783,0.09783
2020-04-18 22:00:45,0.11727,0.11727
2020-04-18 23:00:15,0.54957,0.54957
2020-04-18 23:00:45,0.66566,0.66566
2020-04-19 00:00:15,0.25432,0.25432
2020-04-19 00:00:45,0.18095,0.18095
2020-04-19 01:00:15,0.393,0.393
2020-04-19 01:00:45,0.25468,0.25468
2020-04-19 02:00:15,0.51113,0.51113
2020-04-19 02:00:45,0.20805,0.20805
2020-04-19 03:00:15,0.21682,0.21682
2020-04-19 03:00:45,0.13892,0.13892
2020-04-19 04:00:15,0.15925,0.15925
2020-04-19 04:00:45,0.16427,0.16427
2020-04-19 05:00:15,0.29991,0.29991
2020-04-19 05:00:45,0.13819,0.13819
2020-04-19 06:00:15,-0.34586,-0.34586
2020-04-19 06:00:45,-0.82928,-0.82928
2020-04-19 07:00:15,-1.2418,-1.2418
2020-04-19 07:00:45,-1.1972,-1.1972
2020-04-19 08:00:15,-0.81721,-0.81721
2020-04-19 08:00:45,-0.39599,-0.39599
2020-04-19 09:00:15,-0.32737,-0.32737
2020-04-19 09:00:45,-0.69444,-0.69444
2020-04-19 10:00:15,-1.8718,-1.8718
2020-04-19 10:00:45,-1.1515,-1.1515
2020-04-19 11:00:15,-1.5102,-1.5102
2020-04-19 11:00:45,-0.72602,-0.72602
2020-04-19 12:00:15,-1.5419,-1.5419
2020-04-19 12:00:45,-1.8656,-1.8656
2020-04-19 13:00:15,0.006738,0.006738
2020-04-19 13:00:45,-2.6975,-2.6975
2020-04-19 14:00:15,-1.4608,-1.4608
2020-04-19 14:00:45,-0.77897,-0.77897
2020-04-19 15:00:15,-1.0711,-1.0711
2020-04-19 15:00:45,0.52237,0.52237
2020-04-19 16:00:15,-1.7663,-1.7663
2020-04-19 16:00:45,-0.58196,-0.58196
2020-04-19 17:00:15,-0.11123,-0.11123
2020-04-19 17:00:45,0.051308,0.051308
2020-04-19 18:00:15,0.10836,0.10836
2020-04-19 18:00:45,-0.075657,-0.075657
2020-04-19 19:00:15,0.2849,0.2849
2020-04-19 19:00:45,0.15597,0.15597
2020-04-19 20:00:15,-0.18485,-0.18485
2020-04-19 20:00:45,0.091002,0.091002
2020-04-19 21:00:15,0.10999,0.10999
2020-04-19 21:00:45,0.56916,0.56916
2020-04-19 22:00:15,0.13317,0.13317
2020-04-19 22:00:45,,0.12175682500000003
2020-04-19 23:00:15,0.020174,0.020174
2020-04-19 23:00:45,,0.11263200500000001
2020-04-20 00:00:15,0.45439,0.45439
2020-04-20 00:00:45,0.23178,0.23178
2020-04-20 01:00:15,0.092785,0.092785
2020-04-20 01:00:45,0.37722,0.37722
2020-04-20 02:00:15,-0.031389,-0.031389
2020-04-20 02:00:45,0.52904,0.52904
2020-04-20 03:00:15,0.57983,0.57983
2020-04-20 03:00:45,0.30817,0.30817
2020-04-20 04:00:15,0.47464,0.47464
2020-04-20 04:00:45,0.55888,0.55888
2020-04-20 05:00:15,0.47625,0.47625
2020-04-20 05:00:45,0.33613,0.33613
2020-04-20 06:00:15,-1.4104,-1.4104
2020-04-20 06:00:45,-0.34712,-0.34712
2020-04-20 07:00:15,-0.74,-0.74
2020-04-20 07:00:45,-1.3919,-1.3919
2020-04-20 08:00:15,-2.7734,-2.7734
2020-04-20 08:00:45,-3.2527,-3.2527
2020-04-20 09:00:15,-3.4845,-3.4845
2020-04-20 09:00:45,-3.3135,-3.3135
2020-04-20 10:00:15,-1.8029,-1.8029
2020-04-20 10:00:45,-3.2445,-3.2445
2020-04-20 11:00:15,-2.0326,-2.0326
2020-04-20 11:00:45,-2.7787,-2.7787
2020-04-20 12:00:15,-3.025,-3.025
2020-04-20 12:00:45,-2.637,-2.637
2020-04-20 13:00:15,-1.3454,-1.3454
2020-04-20 13:00:45,-1.4449,-1.4449
2020-04-20 14:00:15,-2.0573,-2.0573
2020-04-20 14:00:45,-2.1754,-2.1754
2020-04-20 15:00:15,-2.0028,-2.0028
2020-04-20 15:00:45,-1.547,-1.547
2020-04-20 16:00:15,-1.1444,-1.1444
2020-04-20 16:00:45,-1.5851,-1.5851
2020-04-20 17:00:15,-0.7813,-0.7813
2020-04-20 17:00:45,0.089736,0.089736
2020-04-20 18:00:15,0.29273,0.29273
2020-04-20 18:00:45,-0.000843,-0.000843
2020-04-20 19:00:15,0.10055,0.10055
2020-04-20 19:00:45,0.10159,0.10159
2020-04-20 20:00:15,0.44172,0.44172
2020-04-20 20:00:45,-0.18504,-0.18504
2020-04-20 21:00:15,2.448,2.448
2020-04-20 21:00:45,0.2158,0.2158
2020-04-20 22:00:15,2.7204,2.7204
2020-04-20 22:00:45,0.32387,0.32387
2020-04-20 23:00:15,0.083335,0.083335
2020-04-20 23:00:45,0.42994,0.42994
2020-04-21 00:00:15,0.46996,0.46996
2020-04-21 00:00:45,0.21922,0.21922
2020-04-21 01:00:15,0.21033,0.21033
2020-04-21 01:00:45,0.30002,0.30002
2020-04-21 02:00:15,0.47964,0.47964
2020-04-21 02:00:45,0.29732,0.29732
2020-04-21 03:00:15,0.30462,0.30462
2020-04-21 03:00:45,0.48169,0.48169
2020-04-21 04:00:15,-0.15295,-0.15295
2020-04-21 04:00:45,-0.079408,-0.079408
2020-04-21 05:00:15,-0.035824,-0.035824
2020-04-21 05:00:45,-0.74755,-0.74755
2020-04-21 06:00:15,-0.70619,-0.70619
2020-04-21 06:00:45,-1.1825,-1.1825
2020-04-21 07:00:15,-1.4394,-1.4394
2020-04-21 07:00:45,-2.7817,-2.7817
2020-04-21 08:00:15,-1.0087,-1.0087
2020-04-21 08:00:45,-2.4573,-2.4573
2020-04-21 09:00:15,-2.1363,-2.1363
2020-04-21 09:00:45,-1.8645,-1.8645
2020-04-21 10:00:15,-3.8225,-3.8225
2020-04-21 10:00:45,-2.9179,-2.9179
2020-04-21 11:00:15,,-2.569154277500002
2020-04-21 11:00:45,-3.1643,-3.1643
2020-04-21 12:00:15,-3.3256,-3.3256
2020-04-21 12:00:45,-0.45237,-0.45237
2020-04-21 13:00:15,-2.981,-2.981
2020-04-21 13:00:45,-2.3427,-2.3427
2020-04-21 14:00:15,-2.2619,-2.2619
2020-04-21 14:00:45,-1.691,-1.691
2020-04-21 15:00:15,-0.78362,-0.78362
2020-04-21 15:00:45,-1.0401,-1.0401
2020-04-21 16:00:15,-0.85251,-0.85251
2020-04-21 16:00:45,-1.6605,-1.6605
2020-04-21 17:00:15,-0.19976,-0.19976
2020-04-21 17:00:45,0.72497,0.72497
2020-04-21 18:00:15,-0.003096,-0.003096
2020-04-21 18:00:45,0.39625,0.39625
2020-04-21 19:00:15,0.58821,0.58821
2020-04-21 19:00:45,0.53535,0.53535
2020-04-21 20:00:15,0.64675,0.64675
2020-04-21 20:00:45,0.72182,0.72182
2020-04-21 21:00:15,0.29252,0.29252
2020-04-21 21:00:45,0.27503,0.27503
2020-04-21 22:00:15,0.19742,0.19742
2020-04-21 22:00:45,0.22207,0.22207
2020-04-21 23:00:15,0.21064,0.21064
2020-04-21 23:00:45,0.12504,0.12504
2020-04-22 00:00:15,0.1583,0.1583
2020-04-22 00:00:45,0.040066,0.040066
2020-04-22 01:00:15,0.1558,0.1558
2020-04-22 01:00:45,0.020894,0.020894
2020-04-22 02:00:15,0.016161,0.016161
2020-04-22 02:00:45,-0.19613,-0.19613
2020-04-22 03:00:15,0.019799,0.019799
2020-04-22 03:00:45,0.27474,0.27474
2020-04-22 04:00:15,0.019155,0.019155
2020-04-22 04:00:45,0.071372,0.071372
2020-04-22 05:00:15,-0.004043,-0.004043
2020-04-22 05:00:45,0.14453,0.14453
2020-04-22 06:00:15,-0.84587,-0.84587
2020-04-22 06:00:45,-0.62013,-0.62013
2020-04-22 07:00:15,-0.76372,-0.76372
2020-04-22 07:00:45,-0.43863,-0.43863
2020-04-22 08:00:15,-0.24038,-0.24038
2020-04-22 08:00:45,-0.75308,-0.75308
2020-04-22 09:00:15,-0.48228,-0.48228
2020-04-22 09:00:45,-1.4839,-1.4839
2020-04-22 10:00:15,-1.1206,-1.1206
2020-04-22 10:00:45,-0.89373,-0.89373
2020-04-22 11:00:15,-2.301,-2.301
2020-04-22 11:00:45,-1.2742,-1.2742
2020-04-22 12:00:15,-0.64188,-0.64188
2020-04-22 12:00:45,-0.99188,-0.99188
2020-04-22 13:00:15,-1.0692,-1.0692
2020-04-22 13:00:45,-0.72694,-0.72694
2020-04-22 14:00:15,0.32074,0.32074
2020-04-22 14:00:45,0.21466,0.21466
2020-04-22 15:00:15,0.27201,0.27201
2020-04-22 15:00:45,-0.33554,-0.33554
2020-04-22 16:00:15,0.69859,0.69859
2020-04-22 16:00:45,-0.005878,-0.005878
2020-04-22 17:00:15,0.26666,0.26666
2020-04-22 17:00:45,0.37152,0.37152
2020-04-22 18:00:15,0.34356,0.34356
2020-04-22 18:00:45,0.31788,0.31788
2020-04-22 19:00:15,0.21238,0.21238
2020-04-22 19:00:45,0.30314,0.30314
2020-04-22 20:00:15,0.4701,0.4701
2020-04-22 20:00:45,0.1726,0.1726
2020-04-22 21:00:15,0.14992,0.14992
2020-04-22 21:00:45,-0.12539,-0.12539
2020-04-22 22:00:15,-0.19849,-0.19849
2020-04-22 22:00:45,0.28167,0.28167
2020-04-22 23:00:15,1.5e-05,1.5e-05
2020-04-22 23:00:45,0.15247,0.15247
2020-04-23 00:00:15,0.061341,0.061341
2020-04-23 00:00:45,,-0.011680144999999996
2020-04-23 01:00:15,-0.12694,-0.12694
2020-04-23 01:00:45,,-0.006537984999999997
2020-04-23 02:00:15,,-0.017674952500000004
2020-04-23 02:00:45,0.042127,0.042127
2020-04-23 03:00:15,-0.014116,-0.014116
2020-04-23 03:00:45,,-0.0022454149999999945
2020-04-23 04:00:15,0.022701,0.022701
2020-04-23 04:00:45,0.2781,0.2781
2020-04-23 05:00:15,-0.071525,-0.071525
2020-04-23 05:00:45,-0.41142,-0.41142
2020-04-23 06:00:15,-0.68198,-0.68198
2020-04-23 06:00:45,-1.2081,-1.2081
2020-04-23 07:00:15,-2.0211,-2.0211
2020-04-23 07:00:45,-1.232,-1.232
2020-04-23 08:00:15,-2.4694,-2.4694
2020-04-23 08:00:45,-1.6892,-1.6892
2020-04-23 09:00:15,-1.6178,-1.6178
2020-04-23 09:00:45,-1.1262,-1.1262
2020-04-23 10:00:15,-1.909,-1.909
2020-04-23 10:00:45,-1.9119,-1.9119
2020-04-23 11:00:15,1.6725,1.6725
2020-04-23 11:00:45,-0.26577,-0.26577
2020-04-23 12:00:15,0.1591,0.1591
2020-04-23 12:00:45,-0.15513,-0.15513
2020-04-23 13:00:15,-0.95301,-0.95301
2020-04-23 13:00:45,-0.60756,-0.60756
2020-04-23 14:00:15,0.33435,0.33435
2020-04-23 14:00:45,0.74943,0.74943
2020-04-23 15:00:15,1.0453,1.0453
2020-04-23 15:00:45,0.2534,0.2534
2020-04-23 16:00:15,0.4456,0.4456
2020-04-23 16:00:45,0.48954,0.48954
2020-04-23 17:00:15,0.46132,0.46132
2020-04-23 17:00:45,0.23981,0.23981
2020-04-23 18:00:15,0.003869,0.003869
2020-04-23 18:00:45,0.41812,0.41812
2020-04-23 19:00:15,0.46512,0.46512
2020-04-23 19:00:45,0.6047,0.6047
2020-04-23 20:00:15,0.56039,0.56039
2020-04-23 20:00:45,0.84236,0.84236
2020-04-23 21:00:15,0.28874,0.28874
2020-04-23 21:00:45,0.46393,0.46393
2020-04-23 22:00:15,0.36804,0.36804
2020-04-23 22:00:45,0.57716,0.57716
2020-04-23 23:00:15,0.42092,0.42092
2020-04-23 23:00:45,0.76267,0.76267
2020-04-24 00:00:15,0.52786,0.52786
2020-04-24 00:00:45,0.29738,0.29738
2020-04-24 01:00:15,-0.027513,-0.027513
2020-04-24 01:00:45,0.5716,0.5716
2020-04-24 02:00:15,0.74858,0.74858
2020-04-24 02:00:45,0.53313,0.53313
2020-04-24 03:00:15,,0.40375352500000017
2020-04-24 03:00:45,0.017373,0.017373
2020-04-24 04:00:15,0.19328,0.19328
2020-04-24 04:00:45,0.051944,0.051944
2020-04-24 05:00:15,-0.076134,-0.076134
2020-04-24 05:00:45,-0.24989,-0.24989
2020-04-24 06:00:15,-0.61353,-0.61353
2020-04-24 06:00:45,-1.2296,-1.2296
2020-04-24 07:00:15,-1.1515,-1.1515
2020-04-24 07:00:45,-1.0349,-1.0349
2020-04-24 08:00:15,-0.67579,-0.67579
2020-04-24 08:00:45,-0.87535,-0.87535
2020-04-24 09:00:15,-1.5253,-1.5253
2020-04-24 09:00:45,-1.5861,-1.5861
2020-04-24 10:00:15,-1.6797,-1.6797
2020-04-24 10:00:45,-1.8477,-1.8477
2020-04-24 11:00:15,1.4334,1.4334
2020-04-24 11:00:45,-0.4039,-0.4039
2020-04-24 12:00:15,0.092781,0.092781
2020-04-24 12:00:45,-1.2669,-1.2669
2020-04-24 13:00:15,0.91226,0.91226
2020-04-24 13:00:45,0.18875,0.18875
2020-04-24 14:00:15,0.14559,0.14559
2020-04-24 14:00:45,0.24279,0.24279
2020-04-24 15:00:15,-0.11797,-0.11797
2020-04-24 15:00:45,-0.18482,-0.18482
2020-04-24 16:00:15,0.22819,0.22819
2020-04-24 16:00:45,-0.29314,-0.29314
2020-04-24 17:00:15,-0.51617,-0.51617
2020-04-24 17:00:45,-0.39468,-0.39468
2020-04-24 18:00:15,-0.20548,-0.20548
2020-04-24 18:00:45,0.035394,0.035394
2020-04-24 19:00:15,0.1693,0.1693
2020-04-24 19:00:45,0.048223,0.048223
2020-04-24 20:00:15,-0.047684,-0.047684
2020-04-24 20:00:45,,0.2178840075
2020-04-24 21:00:15,0.088529,0.088529
2020-04-24 21:00:45,-0.068712,-0.068712
2020-04-24 22:00:15,0.19348,0.19348
2020-04-24 22:00:45,0.11519,0.11519
2020-04-24 23:00:15,-0.15878,-0.15878
2020-04-24 23:00:45,0.10936,0.10936
2020-04-25 00:00:15,0.15657,0.15657
2020-04-25 00:00:45,0.2392,0.2392
2020-04-25 01:00:15,0.079018,0.079018
2020-04-25 01:00:45,-0.076095,-0.076095
2020-04-25 02:00:15,0.18525,0.18525
2020-04-25 02:00:45,,0.042592355
2020-04-25 03:00:15,-0.06834,-0.06834
2020-04-25 03:00:45,,-0.010148309999999995
2020-04-25 04:00:15,-0.13923,-0.13923
2020-04-25 04:00:45,0.17988,0.17988
2020-04-25 05:00:15,-0.038059,-0.038059
2020-04-25 05:00:45,-0.2653,-0.2653
2020-04-25 06:00:15,-0.25122,-0.25122
2020-04-25 06:00:45,-1.2219,-1.2219
2020-04-25 07:00:15,-1.941,-1.941
2020-04-25 07:00:45,-2.1346,-2.1346
2020-04-25 08:00:15,-2.2521,-2.2521
2020-04-25 08:00:45,-2.1828,-2.1828
2020-04-25 09:00:15,-1.9511,-1.9511
2020-04-25 09:00:45,-2.1692,-2.1692
2020-04-25 10:00:15,-2.2644,-2.2644
2020-04-25 10:00:45,-2.9465,-2.9465
2020-04-25 11:00:15,0.39074,0.39074
2020-04-25 11:00:45,-3.2119,-3.2119
2020-04-25 12:00:15,-1.4214,-1.4214
2020-04-25 12:00:45,,-1.9677474424999999
2020-04-25 13:00:15,-2.6587,-2.6587
2020-04-25 13:00:45,-1.8525,-1.8525
2020-04-25 14:00:15,-1.7497,-1.7497
2020-04-25 14:00:45,-3.2418,-3.2418
2020-04-25 15:00:15,-3.029,-3.029
2020-04-25 15:00:45,-1.3347,-1.3347
2020-04-25 16:00:15,-1.7249,-1.7249
2020-04-25 16:00:45,-1.6437,-1.6437
2020-04-25 17:00:15,-0.92608,-0.92608
2020-04-25 17:00:45,-0.91088,-0.91088
2020-04-25 18:00:15,-0.56539,-0.56539
2020-04-25 18:00:45,-1.5639,-1.5639
2020-04-25 19:00:15,0.21947,0.21947
2020-04-25 19:00:45,0.036595,0.036595
2020-04-25 20:00:15,,0.0826907275
2020-04-25 20:00:45,0.14882,0.14882
2020-04-25 21:00:15,0.17632,0.17632
2020-04-25 21:00:45,,0.5514052500000002
2020-04-25 22:00:15,,0.10567805250000001
2020-04-25 22:00:45,0.095514,0.095514
2020-04-25 23:00:15,,0.1901092975
2020-04-25 23:00:45,0.20159,0.20159
2020-04-26 00:00:15,0.22704,0.22704
2020-04-26 00:00:45,,0.13759756499999998
2020-04-26 01:00:15,0.20722,0.20722
2020-04-26 01:00:45,-0.077129,-0.077129
2020-04-26 02:00:15,,0.0073118600000000025
2020-04-26 02:00:45,-0.014808,-0.014808
2020-04-26 03:00:15,-0.10082,-0.10082
2020-04-26 03:00:45,,-0.009924679999999998
2020-04-26 04:00:15,,-0.0157265775
2020-04-26 04:00:45,0.12222,0.12222
2020-04-26 05:00:15,0.042688,0.042688
2020-04-26 05:00:45,-0.025703,-0.025703
2020-04-26 06:00:15,-0.27801,-0.27801
2020-04-26 06:00:45,-1.6505,-1.6505
2020-04-26 07:00:15,-1.7927,-1.7927
2020-04-26 07:00:45,-2.066,-2.066
2020-04-26 08:00:15,-1.9764,-1.9764
2020-04-26 08:00:45,-2.5434,-2.5434
2020-04-26 09:00:15,-4.2647,-4.2647
2020-04-26 09:00:45,-3.3619,-3.3619
2020-04-26 10:00:15,-2.9032,-2.9032
2020-04-26 10:00:45,-2.8078,-2.8078
2020-04-26 11:00:15,-3.6008,-3.6008
2020-04-26 11:00:45,-2.6448,-2.6448
2020-04-26 12:00:15,-2.2268,-2.2268
2020-04-26 12:00:45,-1.28,-1.28
2020-04-26 13:00:15,-2.8816,-2.8816
2020-04-26 13:00:45,-1.8114,-1.8114
2020-04-26 14:00:15,-1.9883,-1.9883
2020-04-26 14:00:45,-1.8442,-1.8442
2020-04-26 15:00:15,-0.89046,-0.89046
2020-04-26 15:00:45,-1.2786,-1.2786
2020-04-26 16:00:15,-1.1411,-1.1411
2020-04-26 16:00:45,-0.85117,-0.85117
2020-04-26 17:00:15,-0.59366,-0.59366
2020-04-26 17:00:45,-0.45648,-0.45648
2020-04-26 18:00:15,0.2105,0.2105
2020-04-26 18:00:45,0.66275,0.66275
2020-04-26 19:00:15,0.40471,0.40471
2020-04-26 19:00:45,0.11645,0.11645
2020-04-26 20:00:15,,0.3398027549999999
2020-04-26 20:00:45,0.56945,0.56945
2020-04-26 21:00:15,0.4126,0.4126
2020-04-26 21:00:45,-0.12634,-0.12634
2020-04-26 22:00:15,0.1425,0.1425
2020-04-26 22:00:45,0.35038,0.35038
2020-04-26 23:00:15,0.099462,0.099462
2020-04-26 23:00:45,0.14869,0.14869
2020-04-27 00:00:15,0.33814,0.33814
2020-04-27 00:00:45,0.70577,0.70577
2020-04-27 01:00:15,0.10189,0.10189
2020-04-27 01:00:45,0.42183,0.42183
2020-04-27 02:00:15,0.6156,0.6156
2020-04-27 02:00:45,,0.28370258750000005
2020-04-27 03:00:15,0.53694,0.53694
2020-04-27 03:00:45,,0.37536597250000003
2020-04-27 04:00:15,0.24812,0.24812
2020-04-27 04:00:45,0.37906,0.37906
2020-04-27 05:00:15,,0.16793490249999998
2020-04-27 05:00:45,-0.44754,-0.44754
2020-04-27 06:00:15,-0.09797,-0.09797
2020-04-27 06:00:45,-0.22297,-0.22297
2020-04-27 07:00:15,-0.45199,-0.45199
2020-04-27 07:00:45,-0.9606,-0.9606
2020-04-27 08:00:15,-1.2968,-1.2968
2020-04-27 08:00:45,-1.8904,-1.8904
2020-04-27 09:00:15,-3.5402,-3.5402
2020-04-27 09:00:45,-4.6832,-4.6832
2020-04-27 10:00:15,-2.9436,-2.9436
2020-04-27 10:00:45,,-2.069664075
2020-04-27 11:00:15,-1.7021,-1.7021
2020-04-27 11:00:45,-2.8426,-2.8426
2020-04-27 12:00:15,-1.9016,-1.9016
2020-04-27 12:00:45,,-0.8995305950000001
2020-04-27 13:00:15,-1.8817,-1.8817
2020-04-27 13:00:45,-2.3271,-2.3271
2020-04-27 14:00:15,-1.933,-1.933
2020-04-27 14:00:45,-1.0937,-1.0937
2020-04-27 15:00:15,-1.2229,-1.2229
2020-04-27 15:00:45,1.283,1.283
2020-04-27 16:00:15,0.18311,0.18311
2020-04-27 16:00:45,-0.55532,-0.55532
2020-04-27 17:00:15,0.095499,0.095499
2020-04-27 17:00:45,-0.22664,-0.22664
2020-04-27 18:00:15,-0.36433,-0.36433
2020-04-27 18:00:45,0.4091,0.4091
2020-04-27 19:00:15,0.58564,0.58564
2020-04-27 19:00:45,0.27772,0.27772
2020-04-27 20:00:15,0.33488,0.33488
2020-04-27 20:00:45,0.2223,0.2223
2020-04-27 21:00:15,0.34174,0.34174
2020-04-27 21:00:45,0.30664,0.30664
2020-04-27 22:00:15,-0.089757,-0.089757
2020-04-27 22:00:45,-0.061325,-0.061325
2020-04-27 23:00:15,0.63345,0.63345
2020-04-27 23:00:45,,0.4508251024999999
2020-04-28 00:00:15,0.51028,0.51028
2020-04-28 00:00:45,0.42653,0.42653
2020-04-28 01:00:15,0.61891,0.61891
2020-04-28 01:00:45,0.62132,0.62132
2020-04-28 02:00:15,0.40863,0.40863
2020-04-28 02:00:45,0.060221,0.060221
2020-04-28 03:00:15,0.21865,0.21865
2020-04-28 03:00:45,0.079708,0.079708
2020-04-28 04:00:15,0.61224,0.61224
2020-04-28 04:00:45,-0.03458,-0.03458
2020-04-28 05:00:15,1.0813,1.0813
2020-04-28 05:00:45,-0.12966,-0.12966
2020-04-28 06:00:15,-0.71414,-0.71414
2020-04-28 06:00:45,-1.3199,-1.3199
2020-04-28 07:00:15,-1.6571,-1.6571
2020-04-28 07:00:45,-0.70147,-0.70147
2020-04-28 08:00:15,-1.0471,-1.0471
2020-04-28 08:00:45,-1.2101,-1.2101
2020-04-28 09:00:15,-1.2574,-1.2574
2020-04-28 09:00:45,-2.4089,-2.4089
2020-04-28 10:00:15,0.1839,0.1839
2020-04-28 10:00:45,-1.6152,-1.6152
2020-04-28 11:00:15,1.2743,1.2743
2020-04-28 11:00:45,-1.3989,-1.3989
2020-04-28 12:00:15,0.28403,0.28403
2020-04-28 12:00:45,1.5411,1.5411
2020-04-28 13:00:15,-0.50191,-0.50191
2020-04-28 13:00:45,-0.64966,-0.64966
2020-04-28 14:00:15,-0.61317,-0.61317
2020-04-28 14:00:45,0.54141,0.54141
2020-04-28 15:00:15,0.085796,0.085796
2020-04-28 15:00:45,0.040517,0.040517
2020-04-28 16:00:15,-0.091727,-0.091727
2020-04-28 16:00:45,-0.33386,-0.33386
2020-04-28 17:00:15,-0.12871,-0.12871
2020-04-28 17:00:45,-0.26441,-0.26441
2020-04-28 18:00:15,0.2808,0.2808
2020-04-28 18:00:45,0.32208,0.32208
2020-04-28 19:00:15,0.29811,0.29811
2020-04-28 19:00:45,0.36828,0.36828
2020-04-28 20:00:15,0.027731,0.027731
2020-04-28 20:00:45,0.16789,0.16789
2020-04-28 21:00:15,0.24026,0.24026
2020-04-28 21:00:45,0.29595,0.29595
2020-04-28 22:00:15,-0.005494,-0.005494
2020-04-28 22:00:45,-0.004869,-0.004869
2020-04-28 23:00:15,-0.05502,-0.05502
2020-04-28 23:00:45,0.25182,0.25182
2020-04-29 00:00:15,,0.11529822249999999
2020-04-29 00:00:45,-0.14569,-0.14569
2020-04-29 01:00:15,0.14625,0.14625
2020-04-29 01:00:45,1.9823,1.9823
2020-04-29 02:00:15,0.55214,0.55214
2020-04-29 02:00:45,0.48495,0.48495
2020-04-29 03:00:15,0.33533,0.33533
2020-04-29 03:00:45,0.099632,0.099632
2020-04-29 04:00:15,0.40175,0.40175
2020-04-29 04:00:45,0.46603,0.46603
2020-04-29 05:00:15,0.33285,0.33285
2020-04-29 05:00:45,-0.20786,-0.20786
2020-04-29 06:00:15,-0.74004,-0.74004
2020-04-29 06:00:45,-0.9649,-0.9649
2020-04-29 07:00:15,-1.2034,-1.2034
2020-04-29 07:00:45,-1.3786,-1.3786
2020-04-29 08:00:15,-1.4836,-1.4836
2020-04-29 08:00:45,2.097,2.097
2020-04-29 09:00:15,,-1.3488683250000004
2020-04-29 09:00:45,,-2.098387275
2020-04-29 10:00:15,,-2.15531939
2020-04-29 10:00:45,,-2.1386013724999997
2020-04-29 11:00:15,,-2.1869949724999995
2020-04-29 11:00:45,,-2.099773162499999
2020-04-29 12:00:15,,-1.9664285774999994
2020-04-29 12:00:45,,-1.8692089750000003
2020-04-29 13:00:15,,-1.6242725125000004
2020-04-29 13:00:45,-0.93022,-0.93022
2020-04-29 14:00:15,-1.5626,-1.5626
2020-04-29 14:00:45,-1.8172,-1.8172
2020-04-29 15:00:15,-1.8363,-1.8363
2020-04-29 15:00:45,-1.1282,-1.1282
2020-04-29 16:00:15,-1.5347,-1.5347
2020-04-29 16:00:45,-1.1641,-1.1641
2020-04-29 17:00:15,-1.1872,-1.1872
2020-04-29 17:00:45,-1.0882,-1.0882
2020-04-29 18:00:15,-0.51794,-0.51794
2020-04-29 18:00:45,0.11398,0.11398
2020-04-29 19:00:15,0.3131,0.3131
2020-04-29 19:00:45,0.74386,0.74386
2020-04-29 20:00:15,0.61766,0.61766
2020-04-29 20:00:45,0.71891,0.71891
2020-04-29 21:00:15,0.6698,0.6698
2020-04-29 21:00:45,0.54126,0.54126
2020-04-29 22:00:15,0.40598,0.40598
2020-04-29 22:00:45,0.7866,0.7866
2020-04-29 23:00:15,0.51687,0.51687
2020-04-29 23:00:45,0.53206,0.53206
2020-04-30 00:00:15,0.69679,0.69679
2020-04-30 00:00:45,0.71077,0.71077
2020-04-30 01:00:15,0.69983,0.69983
2020-04-30 01:00:45,0.63774,0.63774
2020-04-30 02:00:15,0.66885,0.66885
2020-04-30 02:00:45,0.71559,0.71559
2020-04-30 03:00:15,0.46076,0.46076
2020-04-30 03:00:45,0.57465,0.57465
2020-04-30 04:00:15,0.48588,0.48588
2020-04-30 04:00:45,0.41003,0.41003
2020-04-30 05:00:15,0.5047,0.5047
2020-04-30 05:00:45,-0.17845,-0.17845
2020-04-30 06:00:15,-0.76528,-0.76528
2020-04-30 06:00:45,-1.1492,-1.1492
2020-04-30 07:00:15,-0.97328,-0.97328
2020-04-30 07:00:45,-1.383,-1.383
2020-04-30 08:00:15,-1.3375,-1.3375
2020-04-30 08:00:45,-1.1825,-1.1825
2020-04-30 09:00:15,-1.0929,-1.0929
2020-04-30 09:00:45,-1.5711,-1.5711
2020-04-30 10:00:15,-1.2598,-1.2598
2020-04-30 10:00:45,-1.0228,-1.0228
2020-04-30 11:00:15,-1.4257,-1.4257
2020-04-30 11:00:45,-1.1752,-1.1752
2020-04-30 12:00:15,-1.0457,-1.0457
2020-04-30 12:00:45,-1.2111,-1.2111
2020-04-30 13:00:15,-1.6229,-1.6229
2020-04-30 13:00:45,-1.1574,-1.1574
2020-04-30 14:00:15,-1.1008,-1.1008
2020-04-30 14:00:45,-0.66684,-0.66684
2020-04-30 15:00:15,-1.3326,-1.3326
2020-04-30 15:00:45,-0.85588,-0.85588
2020-04-30 16:00:15,-0.50523,-0.50523
2020-04-30 16:00:45,-0.001894,-0.001894
2020-04-30 17:00:15,,0.20093584249999996
2020-04-30 17:00:45,0.43886,0.43886
2020-04-30 18:00:15,0.58539,0.58539
2020-04-30 18:00:45,0.70865,0.70865
2020-04-30 19:00:15,0.85535,0.85535
2020-04-30 19:00:45,0.9058,0.9058
2020-04-30 20:00:15,0.76521,0.76521
2020-04-30 20:00:45,0.77349,0.77349
2020-04-30 21:00:15,0.70555,0.70555
2020-04-30 21:00:45,0.37471,0.37471
2020-04-30 22:00:15,0.3614,0.3614
2020-04-30 22:00:45,0.24092,0.24092
2020-04-30 23:00:15,0.14039,0.14039
2020-04-30 23:00:45,0.12427,0.12427
2020-05-01 00:00:15,0.20373,0.20373
2020-05-01 00:00:45,0.25897,0.25897
2020-05-01 01:00:15,-0.078153,-0.078153
2020-05-01 01:00:45,-0.16643,-0.16643
2020-05-01 02:00:15,0.10363,0.10363
2020-05-01 02:00:45,0.12938,0.12938
2020-05-01 03:00:15,-0.19077,-0.19077
2020-05-01 03:00:45,0.18106,0.18106
2020-05-01 04:00:15,0.10764,0.10764
2020-05-01 04:00:45,0.056675,0.056675
2020-05-01 05:00:15,-0.17186,-0.17186
2020-05-01 05:00:45,-0.18597,-0.18597
2020-05-01 06:00:15,-0.95975,-0.95975
2020-05-01 06:00:45,-1.1622,-1.1622
2020-05-01 07:00:15,-1.3683,-1.3683
2020-05-01 07:00:45,-1.4502,-1.4502
2020-05-01 08:00:15,-1.5179,-1.5179
2020-05-01 08:00:45,-1.5361,-1.5361
2020-05-01 09:00:15,-0.54199,-0.54199
2020-05-01 09:00:45,-0.83593,-0.83593
2020-05-01 10:00:15,-1.4502,-1.4502
2020-05-01 10:00:45,-1.3361,-1.3361
2020-05-01 11:00:15,-1.2334,-1.2334
2020-05-01 11:00:45,-0.43683,-0.43683
2020-05-01 12:00:15,-1.2553,-1.2553
2020-05-01 12:00:45,-0.69275,-0.69275
2020-05-01 13:00:15,-0.82247,-0.82247
2020-05-01 13:00:45,-1.2519,-1.2519
2020-05-01 14:00:15,-0.97802,-0.97802
2020-05-01 14:00:45,-0.74536,-0.74536
2020-05-01 15:00:15,-1.2177,-1.2177
2020-05-01 15:00:45,-1.3944,-1.3944
2020-05-01 16:00:15,-1.3749,-1.3749
2020-05-01 16:00:45,-1.0279,-1.0279
2020-05-01 17:00:15,-0.87502,-0.87502
2020-05-01 17:00:45,-0.70904,-0.70904
2020-05-01 18:00:15,-0.38756,-0.38756
2020-05-01 18:00:45,-0.10803,-0.10803
2020-05-01 19:00:15,0.51498,0.51498
2020-05-01 19:00:45,0.50002,0.50002
2020-05-01 20:00:15,0.19485,0.19485
2020-05-01 20:00:45,0.38322,0.38322
2020-05-01 21:00:15,0.10653,0.10653
2020-05-01 21:00:45,0.11897,0.11897
2020-05-01 22:00:15,0.056689,0.056689
2020-05-01 22:00:45,0.067744,0.067744
2020-05-01 23:00:15,0.15481,0.15481
2020-05-01 23:00:45,-0.15222,-0.15222
2020-05-02 00:00:15,0.000984,0.000984
2020-05-02 00:00:45,,0.05072326500000002
2020-05-02 01:00:15,,0.06848834999999999
2020-05-02 01:00:45,,0.08833231
2020-05-02 02:00:15,0.1132,0.1132
2020-05-02 02:00:45,,0.12211198750000002
2020-05-02 03:00:15,,0.04678756000000002
2020-05-02 03:00:45,0.24005,0.24005
2020-05-02 04:00:15,0.1268,0.1268
2020-05-02 04:00:45,-0.011578,-0.011578
2020-05-02 05:00:15,-0.03423,-0.03423
2020-05-02 05:00:45,-0.26201,-0.26201
2020-05-02 06:00:15,-0.75158,-0.75158
2020-05-02 06:00:45,-1.2088,-1.2088
2020-05-02 07:00:15,-1.2207,-1.2207
2020-05-02 07:00:45,-1.1464,-1.1464
2020-05-02 08:00:15,-1.2836,-1.2836
2020-05-02 08:00:45,-0.99039,-0.99039
2020-05-02 09:00:15,-2.2158,-2.2158
2020-05-02 09:00:45,-0.8681,-0.8681
2020-05-02 10:00:15,-0.97588,-0.97588
2020-05-02 10:00:45,-1.3199,-1.3199
2020-05-02 11:00:15,-1.2644,-1.2644
2020-05-02 11:00:45,-1.4044,-1.4044
2020-05-02 12:00:15,-1.3374,-1.3374
2020-05-02 12:00:45,-1.8469,-1.8469
2020-05-02 13:00:15,-0.8732,-0.8732
2020-05-02 13:00:45,-1.2553,-1.2553
2020-05-02 14:00:15,-0.6887,-0.6887
2020-05-02 14:00:45,-1.224,-1.224
2020-05-02 15:00:15,-0.82558,-0.82558
2020-05-02 15:00:45,-1.1089,-1.1089
2020-05-02 16:00:15,-0.93145,-0.93145
2020-05-02 16:00:45,-0.97802,-0.97802
2020-05-02 17:00:15,-0.84672,-0.84672
2020-05-02 17:00:45,-0.75488,-0.75488
2020-05-02 18:00:15,-0.20167,-0.20167
2020-05-02 18:00:45,-0.18279,-0.18279
2020-05-02 19:00:15,0.59047,0.59047
2020-05-02 19:00:45,0.38438,0.38438
2020-05-02 20:00:15,0.10696,0.10696
2020-05-02 20:00:45,0.029077,0.029077
2020-05-02 21:00:15,0.082008,0.082008
2020-05-02 21:00:45,0.072349,0.072349
2020-05-02 22:00:15,0.080048,0.080048
2020-05-02 22:00:45,0.15711,0.15711
2020-05-02 23:00:15,0.1401,0.1401
2020-05-02 23:00:45,0.086069,0.086069
2020-05-03 00:00:15,0.3429,0.3429
2020-05-03 00:00:45,0.074072,0.074072
2020-05-03 01:00:15,-0.086656,-0.086656
2020-05-03 01:00:45,,0.0816503425
2020-05-03 02:00:15,-0.017633,-0.017633
2020-05-03 02:00:45,-0.077316,-0.077316
2020-05-03 03:00:15,0.008875,0.008875
2020-05-03 03:00:45,0.10213,0.10213
2020-05-03 04:00:15,,0.09869456250000001
2020-05-03 04:00:45,0.022366,0.022366
2020-05-03 05:00:15,,-0.0002411924999999905
2020-05-03 05:00:45,-0.31089,-0.31089
2020-05-03 06:00:15,-2.2181,-2.2181
2020-05-03 06:00:45,-1.2383,-1.2383
2020-05-03 07:00:15,-1.0452,-1.0452
2020-05-03 07:00:45,-0.89594,-0.89594
2020-05-03 08:00:15,-1.2598,-1.2598
2020-05-03 08:00:45,-1.1303,-1.1303
2020-05-03 09:00:15,-1.5305,-1.5305
2020-05-03 09:00:45,-0.91835,-0.91835
2020-05-03 10:00:15,-0.89663,-0.89663
2020-05-03 10:00:45,-1.4559,-1.4559
2020-05-03 11:00:15,-1.2359,-1.2359
2020-05-03 11:00:45,-1.2018,-1.2018
2020-05-03 12:00:15,-1.468,-1.468
2020-05-03 12:00:45,-1.4118,-1.4118
2020-05-03 13:00:15,-0.46748,-0.46748
2020-05-03 13:00:45,-0.9418,-0.9418
2020-05-03 14:00:15,-1.048,-1.048
2020-05-03 14:00:45,-1.1161,-1.1161
2020-05-03 15:00:15,-1.185,-1.185
2020-05-03 15:00:45,-0.88801,-0.88801
2020-05-03 16:00:15,-0.87174,-0.87174
2020-05-03 16:00:45,-0.41448,-0.41448
2020-05-03 17:00:15,-0.52633,-0.52633
2020-05-03 17:00:45,-0.052918,-0.052918
2020-05-03 18:00:15,-0.12727,-0.12727
2020-05-03 18:00:45,0.55113,0.55113
2020-05-03 19:00:15,0.54039,0.54039
2020-05-03 19:00:45,0.3266,0.3266
2020-05-03 20:00:15,0.26346,0.26346
2020-05-03 20:00:45,0.65232,0.65232
2020-05-03 21:00:15,0.60737,0.60737
2020-05-03 21:00:45,0.53664,0.53664
2020-05-03 22:00:15,0.12572,0.12572
2020-05-03 22:00:45,0.27323,0.27323
2020-05-03 23:00:15,0.20158,0.20158
2020-05-03 23:00:45,0.032928,0.032928
2020-05-04 00:00:15,0.11961,0.11961
2020-05-04 00:00:45,0.35223,0.35223
2020-05-04 01:00:15,0.27734,0.27734
2020-05-04 01:00:45,0.11433,0.11433
2020-05-04 02:00:15,,0.1693878375
2020-05-04 02:00:45,0.30972,0.30972
2020-05-04 03:00:15,-0.11156,-0.11156
2020-05-04 03:00:45,0.073598,0.073598
2020-05-04 04:00:15,0.34716,0.34716
2020-05-04 04:00:45,0.45937,0.45937
2020-05-04 05:00:15,0.25749,0.25749
2020-05-04 05:00:45,-0.66769,-0.66769
2020-05-04 06:00:15,-0.73488,-0.73488
2020-05-04 06:00:45,-0.71081,-0.71081
2020-05-04 07:00:15,-1.2682,-1.2682
2020-05-04 07:00:45,-1.293,-1.293
2020-05-04 08:00:15,-0.87779,-0.87779
2020-05-04 08:00:45,-1.0957,-1.0957
2020-05-04 09:00:15,-0.84797,-0.84797
2020-05-04 09:00:45,-0.80581,-0.80581
2020-05-04 10:00:15,-0.83307,-0.83307
2020-05-04 10:00:45,-1.0167,-1.0167
2020-05-04 11:00:15,-1.0556,-1.0556
2020-05-04 11:00:45,-0.88653,-0.88653
2020-05-04 12:00:15,-0.70905,-0.70905
2020-05-04 12:00:45,-0.89441,-0.89441
2020-05-04 13:00:15,-1.9353,-1.9353
2020-05-04 13:00:45,-1.3527,-1.3527
2020-05-04 14:00:15,-0.062521,-0.062521
2020-05-04 14:00:45,-0.48176,-0.48176
2020-05-04 15:00:15,-1.0314,-1.0314
2020-05-04 15:00:45,-0.8399,-0.8399
2020-05-04 16:00:15,-1.0741,-1.0741
2020-05-04 16:00:45,-1.0294,-1.0294
2020-05-04 17:00:15,-0.96133,-0.96133
2020-05-04 17:00:45,-0.6364,-0.6364
2020-05-04 18:00:15,-0.80778,-0.80778
2020-05-04 18:00:45,-0.031709,-0.031709
2020-05-04 19:00:15,0.038662,0.038662
2020-05-04 19:00:45,0.20614,0.20614
2020-05-04 20:00:15,0.016839,0.016839
2020-05-04 20:00:45,0.077023,0.077023
2020-05-04 21:00:15,0.19259,0.19259
2020-05-04 21:00:45,0.22305,0.22305
2020-05-04 22:00:15,0.22347,0.22347
2020-05-04 22:00:45,0.039391,0.039391
2020-05-04 23:00:15,0.19526,0.19526
2020-05-04 23:00:45,,0.13309916
2020-05-05 00:00:15,0.12445,0.12445
2020-05-05 00:00:45,0.09075,0.09075
2020-05-05 01:00:15,0.47642,0.47642
2020-05-05 01:00:45,-0.15039,-0.15039
2020-05-05 02:00:15,1.2031,1.2031
2020-05-05 02:00:45,0.91539,0.91539
2020-05-05 03:00:15,0.81609,0.81609
2020-05-05 03:00:45,0.93675,0.93675
2020-05-05 04:00:15,0.80097,0.80097
2020-05-05 04:00:45,0.70239,0.70239
2020-05-05 05:00:15,0.49741,0.49741
2020-05-05 05:00:45,-0.01075,-0.01075
2020-05-05 06:00:15,-0.78063,-0.78063
2020-05-05 06:00:45,-1.0732,-1.0732
2020-05-05 07:00:15,-1.2624,-1.2624
2020-05-05 07:00:45,-1.9803,-1.9803
2020-05-05 08:00:15,-1.6212,-1.6212
2020-05-05 08:00:45,-1.9237,-1.9237
2020-05-05 09:00:15,-2.0963,-2.0963
2020-05-05 09:00:45,-2.1378,-2.1378
2020-05-05 10:00:15,-1.9102,-1.9102
2020-05-05 10:00:45,-2.3772,-2.3772
2020-05-05 11:00:15,-2.3712,-2.3712
2020-05-05 11:00:45,-1.8723,-1.8723
2020-05-05 12:00:15,-2.0835,-2.0835
2020-05-05 12:00:45,-1.9638,-1.9638
2020-05-05 13:00:15,-1.2122,-1.2122
2020-05-05 13:00:45,-1.7288,-1.7288
2020-05-05 14:00:15,-2.2839,-2.2839
2020-05-05 14:00:45,-0.75838,-0.75838
2020-05-05 15:00:15,-3.251,-3.251
2020-05-05 15:00:45,-1.4669,-1.4669
2020-05-05 16:00:15,-1.039,-1.039
2020-05-05 16:00:45,-1.1549,-1.1549
2020-05-05 17:00:15,-1.376,-1.376
2020-05-05 17:00:45,-1.1417,-1.1417
2020-05-05 18:00:15,-0.81447,-0.81447
2020-05-05 18:00:45,-0.040681,-0.040681
2020-05-05 19:00:15,0.32046,0.32046
2020-05-05 19:00:45,0.62857,0.62857
2020-05-05 20:00:15,0.73054,0.73054
2020-05-05 20:00:45,0.72707,0.72707
2020-05-05 21:00:15,0.84468,0.84468
2020-05-05 21:00:45,0.46426,0.46426
2020-05-05 22:00:15,0.52984,0.52984
2020-05-05 22:00:45,0.46521,0.46521
2020-05-05 23:00:15,0.42531,0.42531
2020-05-05 23:00:45,0.4104,0.4104
2020-05-06 00:00:15,0.36351,0.36351
2020-05-06 00:00:45,0.44348,0.44348
2020-05-06 01:00:15,0.38798,0.38798
2020-05-06 01:00:45,0.15354,0.15354
2020-05-06 02:00:15,-0.063902,-0.063902
2020-05-06 02:00:45,-0.041002,-0.041002
2020-05-06 03:00:15,0.33763,0.33763
2020-05-06 03:00:45,-0.076984,-0.076984
2020-05-06 04:00:15,-0.018973,-0.018973
2020-05-06 04:00:45,-0.037556,-0.037556
2020-05-06 05:00:15,-0.15907,-0.15907
2020-05-06 05:00:45,-0.45659,-0.45659
2020-05-06 06:00:15,-1.2981,-1.2981
2020-05-06 06:00:45,-1.9414,-1.9414
2020-05-06 07:00:15,-1.1697,-1.1697
2020-05-06 07:00:45,-1.3003,-1.3003
2020-05-06 08:00:15,-1.387,-1.387
2020-05-06 08:00:45,-1.0408,-1.0408
2020-05-06 09:00:15,-1.4983,-1.4983
2020-05-06 09:00:45,-2.2836,-2.2836
2020-05-06 10:00:15,-1.3595,-1.3595
2020-05-06 10:00:45,-1.5234,-1.5234
2020-05-06 11:00:15,-1.6578,-1.6578
2020-05-06 11:00:45,-1.5161,-1.5161
2020-05-06 12:00:15,-1.5606,-1.5606
2020-05-06 12:00:45,-1.6202,-1.6202
2020-05-06 13:00:15,-0.82358,-0.82358
2020-05-06 13:00:45,-1.4072,-1.4072
2020-05-06 14:00:15,-1.8552,-1.8552
2020-05-06 14:00:45,-1.1789,-1.1789
2020-05-06 15:00:15,-1.2071,-1.2071
2020-05-06 15:00:45,-1.384,-1.384
2020-05-06 16:00:15,-0.62889,-0.62889
2020-05-06 16:00:45,-0.67109,-0.67109
2020-05-06 17:00:15,-0.57286,-0.57286
2020-05-06 17:00:45,0.51589,0.51589
2020-05-06 18:00:15,0.54978,0.54978
2020-05-06 18:00:45,0.61661,0.61661
2020-05-06 19:00:15,0.40849,0.40849
2020-05-06 19:00:45,0.80951,0.80951
2020-05-06 20:00:15,0.58596,0.58596
2020-05-06 20:00:45,0.38294,0.38294
2020-05-06 21:00:15,0.31301,0.31301
2020-05-06 21:00:45,0.44441,0.44441
2020-05-06 22:00:15,0.15144,0.15144
2020-05-06 22:00:45,0.26937,0.26937
2020-05-06 23:00:15,0.1907,0.1907
2020-05-06 23:00:45,0.26168,0.26168
2020-05-07 00:00:15,0.2049,0.2049
2020-05-07 00:00:45,0.208,0.208
2020-05-07 01:00:15,0.33417,0.33417
2020-05-07 01:00:45,0.24378,0.24378
2020-05-07 02:00:15,0.20442,0.20442
2020-05-07 02:00:45,0.095632,0.095632
2020-05-07 03:00:15,0.19279,0.19279
2020-05-07 03:00:45,0.13132,0.13132
2020-05-07 04:00:15,0.17565,0.17565
2020-05-07 04:00:45,0.17896,0.17896
2020-05-07 05:00:15,0.11491,0.11491
2020-05-07 05:00:45,-0.41555,-0.41555
2020-05-07 06:00:15,-1.0032,-1.0032
2020-05-07 06:00:45,-0.081897,-0.081897
2020-05-07 07:00:15,-1.1433,-1.1433
2020-05-07 07:00:45,-1.1606,-1.1606
2020-05-07 08:00:15,-1.0232,-1.0232
2020-05-07 08:00:45,-1.4254,-1.4254
2020-05-07 09:00:15,-1.2033,-1.2033
2020-05-07 09:00:45,-0.96736,-0.96736
2020-05-07 10:00:15,-0.96704,-0.96704
2020-05-07 10:00:45,-1.2392,-1.2392
2020-05-07 11:00:15,-1.0612,-1.0612
2020-05-07 11:00:45,-1.3135,-1.3135
2020-05-07 12:00:15,-1.4898,-1.4898
2020-05-07 12:00:45,-1.1871,-1.1871
2020-05-07 13:00:15,-0.58096,-0.58096
2020-05-07 13:00:45,-0.78052,-0.78052
2020-05-07 14:00:15,-0.17206,-0.17206
2020-05-07 14:00:45,-0.84671,-0.84671
2020-05-07 15:00:15,-1.0648,-1.0648
2020-05-07 15:00:45,-0.80813,-0.80813
2020-05-07 16:00:15,-0.23857,-0.23857
2020-05-07 16:00:45,-0.51687,-0.51687
2020-05-07 17:00:15,-0.74187,-0.74187
2020-05-07 17:00:45,-0.57102,-0.57102
2020-05-07 18:00:15,-0.17927,-0.17927
2020-05-07 18:00:45,-0.009863,-0.009863
2020-05-07 19:00:15,0.31489,0.31489
2020-05-07 19:00:45,0.5054,0.5054
2020-05-07 20:00:15,0.011248,0.011248
2020-05-07 20:00:45,-0.027426,-0.027426
2020-05-07 21:00:15,0.52008,0.52008
2020-05-07 21:00:45,0.053218,0.053218
2020-05-07 22:00:15,-0.1249,-0.1249
2020-05-07 22:00:45,0.11034,0.11034
2020-05-07 23:00:15,0.1581,0.1581
2020-05-07 23:00:45,0.11826,0.11826
2020-05-08 00:00:15,-0.14545,-0.14545
2020-05-08 00:00:45,-0.024015,-0.024015
2020-05-08 01:00:15,0.016072,0.016072
2020-05-08 01:00:45,,0.2044876975
2020-05-08 02:00:15,0.77593,0.77593
2020-05-08 02:00:45,0.99126,0.99126
2020-05-08 03:00:15,1.1595,1.1595
2020-05-08 03:00:45,0.63952,0.63952
2020-05-08 04:00:15,0.51006,0.51006
2020-05-08 04:00:45,0.78671,0.78671
2020-05-08 05:00:15,0.73517,0.73517
2020-05-08 05:00:45,-0.056553,-0.056553
2020-05-08 06:00:15,-0.76943,-0.76943
2020-05-08 06:00:45,-0.99103,-0.99103
2020-05-08 07:00:15,-1.0285,-1.0285
2020-05-08 07:00:45,-1.2532,-1.2532
2020-05-08 08:00:15,-0.89667,-0.89667
2020-05-08 08:00:45,-0.37445,-0.37445
2020-05-08 09:00:15,-1.564,-1.564
2020-05-08 09:00:45,-2.0986,-2.0986
2020-05-08 10:00:15,-1.838,-1.838
2020-05-08 10:00:45,-1.8264,-1.8264
2020-05-08 11:00:15,-1.5358,-1.5358
2020-05-08 11:00:45,-1.9693,-1.9693
2020-05-08 12:00:15,-2.494,-2.494
2020-05-08 12:00:45,-2.2804,-2.2804
2020-05-08 13:00:15,-2.0129,-2.0129
2020-05-08 13:00:45,-2.4931,-2.4931
2020-05-08 14:00:15,-2.1162,-2.1162
2020-05-08 14:00:45,-1.8139,-1.8139
2020-05-08 15:00:15,-1.9159,-1.9159
2020-05-08 15:00:45,-1.6572,-1.6572
2020-05-08 16:00:15,-1.6714,-1.6714
2020-05-08 16:00:45,-1.7421,-1.7421
2020-05-08 17:00:15,-1.4481,-1.4481
2020-05-08 17:00:45,-1.3264,-1.3264
2020-05-08 18:00:15,-0.70979,-0.70979
2020-05-08 18:00:45,0.003387,0.003387
2020-05-08 19:00:15,0.86062,0.86062
2020-05-08 19:00:45,1.2885,1.2885
2020-05-08 20:00:15,0.86354,0.86354
2020-05-08 20:00:45,0.7667,0.7667
2020-05-08 21:00:15,0.75401,0.75401
2020-05-08 21:00:45,0.78968,0.78968
2020-05-08 22:00:15,0.90261,0.90261
2020-05-08 22:00:45,0.84087,0.84087
2020-05-08 23:00:15,0.90447,0.90447
2020-05-08 23:00:45,1.0043,1.0043
2020-05-09 00:00:15,0.89238,0.89238
2020-05-09 00:00:45,0.80132,0.80132
2020-05-09 01:00:15,0.93735,0.93735
2020-05-09 01:00:45,0.74296,0.74296
2020-05-09 02:00:15,0.44012,0.44012
2020-05-09 02:00:45,0.34785,0.34785
2020-05-09 03:00:15,0.3752,0.3752
2020-05-09 03:00:45,0.18759,0.18759
2020-05-09 04:00:15,0.14499,0.14499
2020-05-09 04:00:45,0.15855,0.15855
2020-05-09 05:00:15,0.007109,0.007109
2020-05-09 05:00:45,-0.47839,-0.47839
2020-05-09 06:00:15,-1.3765,-1.3765
2020-05-09 06:00:45,-0.97368,-0.97368
2020-05-09 07:00:15,-1.9253,-1.9253
2020-05-09 07:00:45,-0.4275,-0.4275
2020-05-09 08:00:15,-1.6925,-1.6925
2020-05-09 08:00:45,-1.8026,-1.8026
2020-05-09 09:00:15,-1.6771,-1.6771
2020-05-09 09:00:45,-1.8583,-1.8583
2020-05-09 10:00:15,-1.5652,-1.5652
2020-05-09 10:00:45,-1.6044,-1.6044
2020-05-09 11:00:15,-1.667,-1.667
2020-05-09 11:00:45,-2.8407,-2.8407
2020-05-09 12:00:15,,-0.9649163300000001
2020-05-09 12:00:45,-0.81413,-0.81413
2020-05-09 13:00:15,-0.95452,-0.95452
2020-05-09 13:00:45,-0.43437,-0.43437
2020-05-09 14:00:15,-0.31104,-0.31104
2020-05-09 14:00:45,-0.1577,-0.1577
2020-05-09 15:00:15,,-1.4513354300000008
2020-05-09 15:00:45,-1.8241,-1.8241
2020-05-09 16:00:15,-1.2554,-1.2554
2020-05-09 16:00:45,-1.3822,-1.3822
2020-05-09 17:00:15,-0.82599,-0.82599
2020-05-09 17:00:45,-0.81792,-0.81792
2020-05-09 18:00:15,-0.33275,-0.33275
2020-05-09 18:00:45,-0.32169,-0.32169
2020-05-09 19:00:15,-0.18123,-0.18123
2020-05-09 19:00:45,0.21978,0.21978
2020-05-09 20:00:15,0.68798,0.68798
2020-05-09 20:00:45,0.70226,0.70226
2020-05-09 21:00:15,0.49188,0.49188
2020-05-09 21:00:45,0.30925,0.30925
2020-05-09 22:00:15,0.52727,0.52727
2020-05-09 22:00:45,0.77544,0.77544
2020-05-09 23:00:15,,0.5108676975
2020-05-09 23:00:45,0.69207,0.69207
2020-05-10 00:00:15,0.54392,0.54392
2020-05-10 00:00:45,-0.12807,-0.12807
2020-05-10 01:00:15,0.23085,0.23085
2020-05-10 01:00:45,0.48856,0.48856
2020-05-10 02:00:15,0.49213,0.49213
2020-05-10 02:00:45,0.3785,0.3785
2020-05-10 03:00:15,0.14012,0.14012
2020-05-10 03:00:45,0.11196,0.11196
2020-05-10 04:00:15,0.5084,0.5084
2020-05-10 04:00:45,1.1113,1.1113
2020-05-10 05:00:15,0.50829,0.50829
2020-05-10 05:00:45,-0.2815,-0.2815
2020-05-10 06:00:15,-0.86366,-0.86366
2020-05-10 06:00:45,-1.0052,-1.0052
2020-05-10 07:00:15,-1.3523,-1.3523
2020-05-10 07:00:45,-1.9993,-1.9993
2020-05-10 08:00:15,-1.8705,-1.8705
2020-05-10 08:00:45,-2.083,-2.083
2020-05-10 09:00:15,-2.1715,-2.1715
2020-05-10 09:00:45,-2.1559,-2.1559
2020-05-10 10:00:15,-2.612,-2.612
2020-05-10 10:00:45,-2.8038,-2.8038
2020-05-10 11:00:15,-2.5749,-2.5749
2020-05-10 11:00:45,-2.4685,-2.4685
2020-05-10 12:00:15,-1.7149,-1.7149
2020-05-10 12:00:45,-1.7797,-1.7797
2020-05-10 13:00:15,-1.803,-1.803
2020-05-10 13:00:45,-2.0659,-2.0659
2020-05-10 14:00:15,-1.6695,-1.6695
2020-05-10 14:00:45,-1.9129,-1.9129
2020-05-10 15:00:15,-1.4937,-1.4937
2020-05-10 15:00:45,-1.308,-1.308
2020-05-10 16:00:15,-1.7203,-1.7203
2020-05-10 16:00:45,-1.2722,-1.2722
2020-05-10 17:00:15,-1.0355,-1.0355
2020-05-10 17:00:45,-0.64776,-0.64776
2020-05-10 18:00:15,0.029531,0.029531
2020-05-10 18:00:45,0.3408,0.3408
2020-05-10 19:00:15,0.63586,0.63586
2020-05-10 19:00:45,0.4831,0.4831
2020-05-10 20:00:15,0.57265,0.57265
2020-05-10 20:00:45,0.41978,0.41978
2020-05-10 21:00:15,0.49253,0.49253
2020-05-10 21:00:45,0.62518,0.62518
2020-05-10 22:00:15,0.17478,0.17478
2020-05-10 22:00:45,0.017654,0.017654
2020-05-10 23:00:15,,0.18497332500000002
2020-05-10 23:00:45,0.21889,0.21889
2020-05-11 00:00:15,0.16271,0.16271
2020-05-11 00:00:45,0.23217,0.23217
2020-05-11 01:00:15,0.37871,0.37871
2020-05-11 01:00:45,0.48539,0.48539
2020-05-11 02:00:15,,0.2251137625
2020-05-11 02:00:45,0.33824,0.33824
2020-05-11 03:00:15,0.49803,0.49803
2020-05-11 03:00:45,0.54798,0.54798
2020-05-11 04:00:15,0.63149,0.63149
2020-05-11 04:00:45,0.64718,0.64718
2020-05-11 05:00:15,0.14503,0.14503
2020-05-11 05:00:45,0.052847,0.052847
2020-05-11 06:00:15,-1.5911,-1.5911
2020-05-11 06:00:45,-3.5731,-3.5731
2020-05-11 07:00:15,,-1.2240965574999998
2020-05-11 07:00:45,,-0.014759852499999995
2020-05-11 08:00:15,-0.54432,-0.54432
2020-05-11 08:00:45,-1.0482,-1.0482
2020-05-11 09:00:15,-1.6006,-1.6006
2020-05-11 09:00:45,-2.1697,-2.1697
2020-05-11 10:00:15,-1.6512,-1.6512
2020-05-11 10:00:45,-1.3355,-1.3355
2020-05-11 11:00:15,-1.3318,-1.3318
2020-05-11 11:00:45,-1.8127,-1.8127
2020-05-11 12:00:15,-0.11155,-0.11155
2020-05-11 12:00:45,,-0.18636650749999997
2020-05-11 13:00:15,,-0.8672842074999999
2020-05-11 13:00:45,1.0967,1.0967
2020-05-11 14:00:15,-0.10895,-0.10895
2020-05-11 14:00:45,-1.2153,-1.2153
2020-05-11 15:00:15,-1.1148,-1.1148
2020-05-11 15:00:45,0.83868,0.83868
2020-05-11 16:00:15,,-0.0644193525
2020-05-11 16:00:45,,-0.005979659999999994
2020-05-11 17:00:15,,-0.9089360274999998
2020-05-11 17:00:45,-0.25405,-0.25405
2020-05-11 18:00:15,-0.32894,-0.32894
2020-05-11 18:00:45,0.11402,0.11402
2020-05-11 19:00:15,0.46695,0.46695
2020-05-11 19:00:45,0.10561,0.10561
2020-05-11 20:00:15,0.02699,0.02699
2020-05-11 20:00:45,0.09332,0.09332
2020-05-11 21:00:15,0.025503,0.025503
2020-05-11 21:00:45,0.080013,0.080013
2020-05-11 22:00:15,0.057163,0.057163
2020-05-11 22:00:45,0.033718,0.033718
2020-05-11 23:00:15,0.019816,0.019816
2020-05-11 23:00:45,0.10014,0.10014
2020-05-12 00:00:15,0.17711,0.17711
2020-05-12 00:00:45,-0.026653,-0.026653
2020-05-12 01:00:15,0.22154,0.22154
2020-05-12 01:00:45,0.068272,0.068272
2020-05-12 02:00:15,-0.092465,-0.092465
2020-05-12 02:00:45,-0.044097,-0.044097
2020-05-12 03:00:15,,0.051927009999999996
2020-05-12 03:00:45,-0.018392,-0.018392
2020-05-12 04:00:15,0.20188,0.20188
2020-05-12 04:00:45,-0.16087,-0.16087
2020-05-12 05:00:15,-0.022398,-0.022398
2020-05-12 05:00:45,-0.40123,-0.40123
2020-05-12 06:00:15,-1.1689,-1.1689
2020-05-12 06:00:45,-1.4991,-1.4991
2020-05-12 07:00:15,-1.362,-1.362
2020-05-12 07:00:45,-1.3425,-1.3425
2020-05-12 08:00:15,-1.5966,-1.5966
2020-05-12 08:00:45,-0.98861,-0.98861
2020-05-12 09:00:15,-1.757,-1.757
2020-05-12 09:00:45,-0.90354,-0.90354
2020-05-12 10:00:15,-1.2644,-1.2644
2020-05-12 10:00:45,-1.4003,-1.4003
2020-05-12 11:00:15,-0.83702,-0.83702
2020-05-12 11:00:45,-1.0647,-1.0647
2020-05-12 12:00:15,-1.4854,-1.4854
2020-05-12 12:00:45,-1.5955,-1.5955
2020-05-12 13:00:15,-1.3424,-1.3424
2020-05-12 13:00:45,-1.4577,-1.4577
2020-05-12 14:00:15,-1.7291,-1.7291
2020-05-12 14:00:45,-0.75027,-0.75027
2020-05-12 15:00:15,-0.21959,-0.21959
2020-05-12 15:00:45,-0.31236,-0.31236
2020-05-12 16:00:15,-0.01277,-0.01277
2020-05-12 16:00:45,-0.090234,-0.090234
2020-05-12 17:00:15,0.026043,0.026043
2020-05-12 17:00:45,0.55739,0.55739
2020-05-12 18:00:15,-0.70579,-0.70579
2020-05-12 18:00:45,0.12139,0.12139
2020-05-12 19:00:15,0.90175,0.90175
2020-05-12 19:00:45,0.46908,0.46908
2020-05-12 20:00:15,0.21232,0.21232
2020-05-12 20:00:45,0.19598,0.19598
2020-05-12 21:00:15,0.1032,0.1032
2020-05-12 21:00:45,-0.10793,-0.10793
2020-05-12 22:00:15,0.008208,0.008208
2020-05-12 22:00:45,-0.1899,-0.1899
2020-05-12 23:00:15,,0.015967315
2020-05-12 23:00:45,,0.173842365
2020-05-13 00:00:15,0.03891,0.03891
2020-05-13 00:00:45,-0.037082,-0.037082
2020-05-13 01:00:15,0.041927,0.041927
2020-05-13 01:00:45,-0.050342,-0.050342
2020-05-13 02:00:15,0.090483,0.090483
2020-05-13 02:00:45,0.10001,0.10001
2020-05-13 03:00:15,0.020122,0.020122
2020-05-13 03:00:45,0.00696,0.00696
2020-05-13 04:00:15,,0.12193330000000001
2020-05-13 04:00:45,0.054265,0.054265
2020-05-13 05:00:15,-0.001817,-0.001817
2020-05-13 05:00:45,-0.39273,-0.39273
2020-05-13 06:00:15,-1.1761,-1.1761
2020-05-13 06:00:45,-1.4241,-1.4241
2020-05-13 07:00:15,-1.0524,-1.0524
2020-05-13 07:00:45,-1.0569,-1.0569
2020-05-13 08:00:15,-1.192,-1.192
2020-05-13 08:00:45,-0.82602,-0.82602
2020-05-13 09:00:15,-1.3271,-1.3271
2020-05-13 09:00:45,-1.3252,-1.3252
2020-05-13 10:00:15,-1.5283,-1.5283
2020-05-13 10:00:45,-1.4143,-1.4143
2020-05-13 11:00:15,-1.5625,-1.5625
2020-05-13 11:00:45,-1.0245,-1.0245
2020-05-13 12:00:15,-2.1855,-2.1855
2020-05-13 12:00:45,-1.2371,-1.2371
2020-05-13 13:00:15,-1.8305,-1.8305
2020-05-13 13:00:45,-1.4807,-1.4807
2020-05-13 14:00:15,-0.72828,-0.72828
2020-05-13 14:00:45,-1.2068,-1.2068
2020-05-13 15:00:15,-1.2933,-1.2933
2020-05-13 15:00:45,-0.99959,-0.99959
2020-05-13 16:00:15,-1.265,-1.265
2020-05-13 16:00:45,-0.9859,-0.9859
2020-05-13 17:00:15,-1.0485,-1.0485
2020-05-13 17:00:45,-0.92164,-0.92164
2020-05-13 18:00:15,-0.74074,-0.74074
2020-05-13 18:00:45,-0.57741,-0.57741
2020-05-13 19:00:15,0.012201,0.012201
2020-05-13 19:00:45,0.18392,0.18392
2020-05-13 20:00:15,0.26046,0.26046
2020-05-13 20:00:45,0.45757,0.45757
2020-05-13 21:00:15,-0.018314,-0.018314
2020-05-13 21:00:45,-0.040492,-0.040492
2020-05-13 22:00:15,-0.061712,-0.061712
2020-05-13 22:00:45,-0.039911,-0.039911
2020-05-13 23:00:15,0.007481,0.007481
2020-05-13 23:00:45,-0.062928,-0.062928
2020-05-14 00:00:15,0.042073,0.042073
2020-05-14 00:00:45,-0.001928,-0.001928
2020-05-14 01:00:15,-0.13211,-0.13211
2020-05-14 01:00:45,0.042355,0.042355
2020-05-14 02:00:15,-0.03491,-0.03491
2020-05-14 02:00:45,-0.050689,-0.050689
2020-05-14 03:00:15,0.019718,0.019718
2020-05-14 03:00:45,,-0.01767193000000001
2020-05-14 04:00:15,-0.17645,-0.17645
2020-05-14 04:00:45,-0.17062,-0.17062
2020-05-14 05:00:15,-0.033863,-0.033863
2020-05-14 05:00:45,-0.55741,-0.55741
2020-05-14 06:00:15,-1.0149,-1.0149
2020-05-14 06:00:45,-1.1277,-1.1277
2020-05-14 07:00:15,-1.4716,-1.4716
2020-05-14 07:00:45,-1.2395,-1.2395
2020-05-14 08:00:15,-1.1716,-1.1716
2020-05-14 08:00:45,-1.5858,-1.5858
2020-05-14 09:00:15,-1.1904,-1.1904
2020-05-14 09:00:45,-1.7542,-1.7542
2020-05-14 10:00:15,-1.8359,-1.8359
2020-05-14 10:00:45,-1.2052,-1.2052
2020-05-14 11:00:15,-1.726,-1.726
2020-05-14 11:00:45,-2.8888,-2.8888
2020-05-14 12:00:15,-1.4971,-1.4971
2020-05-14 12:00:45,-1.6202,-1.6202
2020-05-14 13:00:15,-1.2527,-1.2527
2020-05-14 13:00:45,-1.9248,-1.9248
2020-05-14 14:00:15,-0.14362,-0.14362
2020-05-14 14:00:45,-1.3531,-1.3531
2020-05-14 15:00:15,-1.7495,-1.7495
2020-05-14 15:00:45,-1.3699,-1.3699
2020-05-14 16:00:15,-1.5095,-1.5095
2020-05-14 16:00:45,-1.3729,-1.3729
2020-05-14 17:00:15,-0.99551,-0.99551
2020-05-14 17:00:45,-0.9877,-0.9877
2020-05-14 18:00:15,-0.55056,-0.55056
2020-05-14 18:00:45,0.084326,0.084326
2020-05-14 19:00:15,0.050198,0.050198
2020-05-14 19:00:45,0.1026,0.1026
2020-05-14 20:00:15,0.16243,0.16243
2020-05-14 20:00:45,0.21159,0.21159
2020-05-14 21:00:15,0.10216,0.10216
2020-05-14 21:00:45,0.10978,0.10978
2020-05-14 22:00:15,-0.18298,-0.18298
2020-05-14 22:00:45,0.027907,0.027907
2020-05-14 23:00:15,0.072566,0.072566
2020-05-14 23:00:45,0.035561,0.035561
2020-05-15 00:00:15,0.17288,0.17288
2020-05-15 00:00:45,0.16416,0.16416
2020-05-15 01:00:15,0.011265,0.011265
2020-05-15 01:00:45,-0.10779,-0.10779
2020-05-15 02:00:15,-0.13637,-0.13637
2020-05-15 02:00:45,-0.081216,-0.081216
2020-05-15 03:00:15,0.018853,0.018853
2020-05-15 03:00:45,-0.05808,-0.05808
2020-05-15 04:00:15,-0.060103,-0.060103
2020-05-15 04:00:45,-0.13168,-0.13168
2020-05-15 05:00:15,-0.23636,-0.23636
2020-05-15 05:00:45,-0.32922,-0.32922
2020-05-15 06:00:15,-1.2403,-1.2403
2020-05-15 06:00:45,-1.0667,-1.0667
2020-05-15 07:00:15,-1.3001,-1.3001
2020-05-15 07:00:45,-0.42779,-0.42779
2020-05-15 08:00:15,-1.0913,-1.0913
2020-05-15 08:00:45,-0.75918,-0.75918
2020-05-15 09:00:15,-0.96451,-0.96451
2020-05-15 09:00:45,-1.3251,-1.3251
2020-05-15 10:00:15,0.019043,0.019043
2020-05-15 10:00:45,-0.59197,-0.59197
2020-05-15 11:00:15,-0.18512,-0.18512
2020-05-15 11:00:45,-0.70359,-0.70359
2020-05-15 12:00:15,-0.98808,-0.98808
2020-05-15 12:00:45,-0.54212,-0.54212
2020-05-15 13:00:15,-2.6825,-2.6825
2020-05-15 13:00:45,0.57454,0.57454
2020-05-15 14:00:15,0.55626,0.55626
2020-05-15 14:00:45,-0.92658,-0.92658
2020-05-15 15:00:15,-1.4692,-1.4692
2020-05-15 15:00:45,-1.1827,-1.1827
2020-05-15 16:00:15,-0.14568,-0.14568
2020-05-15 16:00:45,-0.887,-0.887
2020-05-15 17:00:15,-0.93944,-0.93944
2020-05-15 17:00:45,-0.82015,-0.82015
2020-05-15 18:00:15,-0.58575,-0.58575
2020-05-15 18:00:45,-0.35487,-0.35487
2020-05-15 19:00:15,0.010503,0.010503
2020-05-15 19:00:45,0.026783,0.026783
2020-05-15 20:00:15,0.12023,0.12023
2020-05-15 20:00:45,-0.080372,-0.080372
2020-05-15 21:00:15,,0.010002302499999999
2020-05-15 21:00:45,0.044051,0.044051
2020-05-15 22:00:15,-0.14333,-0.14333
2020-05-15 22:00:45,,-0.02489246249999999
2020-05-15 23:00:15,-0.023658,-0.023658
2020-05-15 23:00:45,0.021927,0.021927
2020-05-16 00:00:15,-0.023864,-0.023864
2020-05-16 00:00:45,-0.13847,-0.13847
2020-05-16 01:00:15,,-0.0008997174999999997
2020-05-16 01:00:45,0.12297,0.12297
2020-05-16 02:00:15,-0.092279,-0.092279
2020-05-16 02:00:45,0.008545,0.008545
2020-05-16 03:00:15,,-0.010643570000000003
2020-05-16 03:00:45,-0.19984,-0.19984
2020-05-16 04:00:15,-0.046942,-0.046942
2020-05-16 04:00:45,0.052939,0.052939
2020-05-16 05:00:15,-0.10176,-0.10176
2020-05-16 05:00:45,-0.4256,-0.4256
2020-05-16 06:00:15,-1.7455,-1.7455
2020-05-16 06:00:45,-2.4218,-2.4218
2020-05-16 07:00:15,-1.2869,-1.2869
2020-05-16 07:00:45,-1.1367,-1.1367
2020-05-16 08:00:15,-1.9217,-1.9217
2020-05-16 08:00:45,-1.4495,-1.4495
2020-05-16 09:00:15,-1.031,-1.031
2020-05-16 09:00:45,-0.92479,-0.92479
2020-05-16 10:00:15,-0.70092,-0.70092
2020-05-16 10:00:45,-0.53493,-0.53493
2020-05-16 11:00:15,-0.7173,-0.7173
2020-05-16 11:00:45,-0.413,-0.413
2020-05-16 12:00:15,-0.90893,-0.90893
2020-05-16 12:00:45,0.13175,0.13175
2020-05-16 13:00:15,1.3034,1.3034
2020-05-16 13:00:45,-0.12956,-0.12956
2020-05-16 14:00:15,-0.14226,-0.14226
2020-05-16 14:00:45,-0.72425,-0.72425
2020-05-16 15:00:15,-0.3331,-0.3331
2020-05-16 15:00:45,-0.89597,-0.89597
2020-05-16 16:00:15,-0.74694,-0.74694
2020-05-16 16:00:45,-0.71436,-0.71436
2020-05-16 17:00:15,-0.92418,-0.92418
2020-05-16 17:00:45,-0.73418,-0.73418
2020-05-16 18:00:15,-0.93839,-0.93839
2020-05-16 18:00:45,-0.18839,-0.18839
2020-05-16 19:00:15,-0.018667,-0.018667
2020-05-16 19:00:45,-0.02738,-0.02738
2020-05-16 20:00:15,0.32253,0.32253
2020-05-16 20:00:45,0.02777,0.02777
2020-05-16 21:00:15,0.15516,0.15516
2020-05-16 21:00:45,0.085066,0.085066
2020-05-16 22:00:15,0.1669,0.1669
2020-05-16 22:00:45,0.030331,0.030331
2020-05-16 23:00:15,-0.094924,-0.094924
2020-05-16 23:00:45,-0.01821,-0.01821
2020-05-17 00:00:15,-0.12389,-0.12389
2020-05-17 00:00:45,,-0.021242205
2020-05-17 01:00:15,0.22347,0.22347
2020-05-17 01:00:45,0.26334,0.26334
2020-05-17 02:00:15,0.17094,0.17094
2020-05-17 02:00:45,0.057147,0.057147
2020-05-17 03:00:15,0.097092,0.097092
2020-05-17 03:00:45,0.097062,0.097062
2020-05-17 04:00:15,-0.073937,-0.073937
2020-05-17 04:00:45,,0.09857051500000003
2020-05-17 05:00:15,-0.003693,-0.003693
2020-05-17 05:00:45,-0.48111,-0.48111
2020-05-17 06:00:15,-0.67162,-0.67162
2020-05-17 06:00:45,-1.2001,-1.2001
2020-05-17 07:00:15,-1.0468,-1.0468
2020-05-17 07:00:45,-0.81194,-0.81194
2020-05-17 08:00:15,-0.97593,-0.97593
2020-05-17 08:00:45,-1.5267,-1.5267
2020-05-17 09:00:15,-0.73871,-0.73871
2020-05-17 09:00:45,-0.0884,-0.0884
2020-05-17 10:00:15,-0.90885,-0.90885
2020-05-17 10:00:45,-0.63564,-0.63564
2020-05-17 11:00:15,-2.0814,-2.0814
2020-05-17 11:00:45,-0.48402,-0.48402
2020-05-17 12:00:15,-1.4202,-1.4202
2020-05-17 12:00:45,-0.90325,-0.90325
2020-05-17 13:00:15,-0.63631,-0.63631
2020-05-17 13:00:45,-0.36573,-0.36573
2020-05-17 14:00:15,-0.91577,-0.91577
2020-05-17 14:00:45,-1.1113,-1.1113
2020-05-17 15:00:15,-1.1347,-1.1347
2020-05-17 15:00:45,-0.89516,-0.89516
2020-05-17 16:00:15,-1.1487,-1.1487
2020-05-17 16:00:45,-0.78926,-0.78926
2020-05-17 17:00:15,-0.95255,-0.95255
2020-05-17 17:00:45,-0.35702,-0.35702
2020-05-17 18:00:15,-0.078436,-0.078436
2020-05-17 18:00:45,0.009728,0.009728
2020-05-17 19:00:15,0.14485,0.14485
2020-05-17 19:00:45,0.42161,0.42161
2020-05-17 20:00:15,0.16882,0.16882
2020-05-17 20:00:45,0.17327,0.17327
2020-05-17 21:00:15,0.27989,0.27989
2020-05-17 21:00:45,0.51871,0.51871
2020-05-17 22:00:15,0.48389,0.48389
2020-05-17 22:00:45,0.18184,0.18184
2020-05-17 23:00:15,0.22533,0.22533
2020-05-17 23:00:45,0.13223,0.13223
2020-05-18 00:00:15,0.26902,0.26902
2020-05-18 00:00:45,-0.002335,-0.002335
2020-05-18 01:00:15,0.16817,0.16817
2020-05-18 01:00:45,0.073964,0.073964
2020-05-18 02:00:15,0.11476,0.11476
2020-05-18 02:00:45,,0.3903089350000001
2020-05-18 03:00:15,-0.17546,-0.17546
2020-05-18 03:00:45,0.029954,0.029954
2020-05-18 04:00:15,-0.062639,-0.062639
2020-05-18 04:00:45,-0.090756,-0.090756
2020-05-18 05:00:15,0.32108,0.32108
2020-05-18 05:00:45,0.005887,0.005887
2020-05-18 06:00:15,-1.4546,-1.4546
2020-05-18 06:00:45,-1.2796,-1.2796
2020-05-18 07:00:15,-1.4576,-1.4576
2020-05-18 07:00:45,-1.6371,-1.6371
2020-05-18 08:00:15,-0.96511,-0.96511
2020-05-18 08:00:45,-0.97417,-0.97417
2020-05-18 09:00:15,-0.82149,-0.82149
2020-05-18 09:00:45,-1.5728,-1.5728
2020-05-18 10:00:15,-0.037174,-0.037174
2020-05-18 10:00:45,-0.65218,-0.65218
2020-05-18 11:00:15,-1.0409,-1.0409
2020-05-18 11:00:45,-0.21403,-0.21403
2020-05-18 12:00:15,-0.8709,-0.8709
2020-05-18 12:00:45,-1.3411,-1.3411
2020-05-18 13:00:15,-0.84038,-0.84038
2020-05-18 13:00:45,-0.64891,-0.64891
2020-05-18 14:00:15,-0.40885,-0.40885
2020-05-18 14:00:45,-0.69592,-0.69592
2020-05-18 15:00:15,-0.46753,-0.46753
2020-05-18 15:00:45,-0.50515,-0.50515
2020-05-18 16:00:15,-0.39496,-0.39496
2020-05-18 16:00:45,-0.56394,-0.56394
2020-05-18 17:00:15,-0.22435,-0.22435
2020-05-18 17:00:45,-0.05758,-0.05758
2020-05-18 18:00:15,0.068958,0.068958
2020-05-18 18:00:45,0.23713,0.23713
2020-05-18 19:00:15,0.39645,0.39645
2020-05-18 19:00:45,0.62124,0.62124
2020-05-18 20:00:15,0.26418,0.26418
2020-05-18 20:00:45,0.18037,0.18037
2020-05-18 21:00:15,0.18746,0.18746
2020-05-18 21:00:45,0.17119,0.17119
2020-05-18 22:00:15,0.15361,0.15361
2020-05-18 22:00:45,0.34895,0.34895
2020-05-18 23:00:15,,0.12043781499999999
2020-05-18 23:00:45,,-0.008663432500000002
2020-05-19 00:00:15,-0.008357,-0.008357
2020-05-19 00:00:45,-0.085362,-0.085362
2020-05-19 01:00:15,,0.13099813500000002
2020-05-19 01:00:45,,0.06977435249999997
2020-05-19 02:00:15,,0.020677130000000002
2020-05-19 02:00:45,,0.23979400750000004
2020-05-19 03:00:15,-0.008289,-0.008289
2020-05-19 03:00:45,0.10555,0.10555
2020-05-19 04:00:15,-0.029927,-0.029927
2020-05-19 04:00:45,0.03854,0.03854
2020-05-19 05:00:15,-0.058897,-0.058897
2020-05-19 05:00:45,-0.12774,-0.12774
2020-05-19 06:00:15,-1.2009,-1.2009
2020-05-19 06:00:45,-0.33455,-0.33455
2020-05-19 07:00:15,-0.83103,-0.83103
2020-05-19 07:00:45,-1.4933,-1.4933
2020-05-19 08:00:15,-1.7441,-1.7441
2020-05-19 08:00:45,,-1.7807811675000005
2020-05-19 09:00:15,-1.2827,-1.2827
2020-05-19 09:00:45,-1.4821,-1.4821
2020-05-19 10:00:15,-1.6948,-1.6948
2020-05-19 10:00:45,-1.5053,-1.5053
2020-05-19 11:00:15,-1.923,-1.923
2020-05-19 11:00:45,-1.3423,-1.3423
2020-05-19 12:00:15,-1.2428,-1.2428
2020-05-19 12:00:45,-1.7421,-1.7421
2020-05-19 13:00:15,-1.7871,-1.7871
2020-05-19 13:00:45,-0.92433,-0.92433
2020-05-19 14:00:15,-0.77546,-0.77546
2020-05-19 14:00:45,-0.73849,-0.73849
2020-05-19 15:00:15,-0.60218,-0.60218
2020-05-19 15:00:45,-0.69701,-0.69701
2020-05-19 16:00:15,-0.61865,-0.61865
2020-05-19 16:00:45,-0.52615,-0.52615
2020-05-19 17:00:15,-0.10248,-0.10248
2020-05-19 17:00:45,0.21328,0.21328
2020-05-19 18:00:15,0.18819,0.18819
2020-05-19 18:00:45,0.41644,0.41644
2020-05-19 19:00:15,1.0611,1.0611
2020-05-19 19:00:45,0.88878,0.88878
2020-05-19 20:00:15,0.68021,0.68021
2020-05-19 20:00:45,0.72934,0.72934
2020-05-19 21:00:15,0.39742,0.39742
2020-05-19 21:00:45,0.14031,0.14031
2020-05-19 22:00:15,0.13272,0.13272
2020-05-19 22:00:45,-0.018982,-0.018982
2020-05-19 23:00:15,-0.062484,-0.062484
2020-05-19 23:00:45,-0.072084,-0.072084
2020-05-20 00:00:15,0.032881,0.032881
2020-05-20 00:00:45,-0.007861,-0.007861
2020-05-20 01:00:15,0.27346,0.27346
2020-05-20 01:00:45,-0.0672,-0.0672
2020-05-20 02:00:15,0.055505,0.055505
2020-05-20 02:00:45,0.007365,0.007365
2020-05-20 03:00:15,0.14857,0.14857
2020-05-20 03:00:45,-0.059127,-0.059127
2020-05-20 04:00:15,-0.13682,-0.13682
2020-05-20 04:00:45,-0.038215,-0.038215
2020-05-20 05:00:15,-0.073916,-0.073916
2020-05-20 05:00:45,-0.2865,-0.2865
2020-05-20 06:00:15,-0.74206,-0.74206
2020-05-20 06:00:45,-1.4771,-1.4771
2020-05-20 07:00:15,-1.0981,-1.0981
2020-05-20 07:00:45,-0.91109,-0.91109
2020-05-20 08:00:15,-1.6855,-1.6855
2020-05-20 08:00:45,-1.7003,-1.7003
2020-05-20 09:00:15,-2.0243,-2.0243
2020-05-20 09:00:45,-2.0408,-2.0408
2020-05-20 10:00:15,-1.7415,-1.7415
2020-05-20 10:00:45,-1.6228,-1.6228
2020-05-20 11:00:15,-2.2947,-2.2947
2020-05-20 11:00:45,-1.4166,-1.4166
2020-05-20 12:00:15,-1.0314,-1.0314
2020-05-20 12:00:45,-0.93599,-0.93599
2020-05-20 13:00:15,-2.3797,-2.3797
2020-05-20 13:00:45,-1.2914,-1.2914
2020-05-20 14:00:15,-1.1996,-1.1996
2020-05-20 14:00:45,-1.3728,-1.3728
2020-05-20 15:00:15,-1.615,-1.615
2020-05-20 15:00:45,-1.6987,-1.6987
2020-05-20 16:00:15,-0.85647,-0.85647
2020-05-20 16:00:45,-1.3718,-1.3718
2020-05-20 17:00:15,-1.1136,-1.1136
2020-05-20 17:00:45,-0.6508,-0.6508
2020-05-20 18:00:15,-0.66503,-0.66503
2020-05-20 18:00:45,-0.43414,-0.43414
2020-05-20 19:00:15,0.005921,0.005921
2020-05-20 19:00:45,0.1161,0.1161
2020-05-20 20:00:15,0.19729,0.19729
2020-05-20 20:00:45,,-0.020109154999999986
2020-05-20 21:00:15,,-0.0447939
2020-05-20 21:00:45,,-0.0096869575
2020-05-20 22:00:15,0.075741,0.075741
2020-05-20 22:00:45,0.68065,0.68065
2020-05-20 23:00:15,-0.11331,-0.11331
2020-05-20 23:00:45,-0.073218,-0.073218
2020-05-21 00:00:15,-0.16827,-0.16827
2020-05-21 00:00:45,-0.17648,-0.17648
2020-05-21 01:00:15,-0.16034,-0.16034
2020-05-21 01:00:45,-0.1772,-0.1772
2020-05-21 02:00:15,-0.076604,-0.076604
2020-05-21 02:00:45,-0.16297,-0.16297
2020-05-21 03:00:15,-0.066211,-0.066211
2020-05-21 03:00:45,-0.11291,-0.11291
2020-05-21 04:00:15,-0.056174,-0.056174
2020-05-21 04:00:45,-0.12386,-0.12386
2020-05-21 05:00:15,-0.14363,-0.14363
2020-05-21 05:00:45,-0.63895,-0.63895
2020-05-21 06:00:15,-0.86054,-0.86054
2020-05-21 06:00:45,-1.3298,-1.3298
2020-05-21 07:00:15,-1.201,-1.201
2020-05-21 07:00:45,0.1756,0.1756
2020-05-21 08:00:15,-1.1699,-1.1699
2020-05-21 08:00:45,-1.1753,-1.1753
2020-05-21 09:00:15,-1.1036,-1.1036
2020-05-21 09:00:45,-0.77163,-0.77163
2020-05-21 10:00:15,-1.6043,-1.6043
2020-05-21 10:00:45,-1.7967,-1.7967
2020-05-21 11:00:15,-1.1485,-1.1485
2020-05-21 11:00:45,-0.90018,-0.90018
2020-05-21 12:00:15,-0.049846,-0.049846
2020-05-21 12:00:45,-3.1366,-3.1366
2020-05-21 13:00:15,-2.8201,-2.8201
2020-05-21 13:00:45,-0.8222,-0.8222
2020-05-21 14:00:15,0.67458,0.67458
2020-05-21 14:00:45,-0.40539,-0.40539
2020-05-21 15:00:15,-1.3356,-1.3356
2020-05-21 15:00:45,-1.2498,-1.2498
2020-05-21 16:00:15,-1.3881,-1.3881
2020-05-21 16:00:45,-1.2927,-1.2927
2020-05-21 17:00:15,-1.3442,-1.3442
2020-05-21 17:00:45,-0.89454,-0.89454
2020-05-21 18:00:15,-0.5077,-0.5077
2020-05-21 18:00:45,-0.43324,-0.43324
2020-05-21 19:00:15,-0.08865,-0.08865
2020-05-21 19:00:45,-0.072602,-0.072602
2020-05-21 20:00:15,-0.009938,-0.009938
2020-05-21 20:00:45,-0.077361,-0.077361
2020-05-21 21:00:15,0.017698,0.017698
2020-05-21 21:00:45,-0.045864,-0.045864
2020-05-21 22:00:15,-0.10946,-0.10946
2020-05-21 22:00:45,0.018909,0.018909
2020-05-21 23:00:15,-0.088738,-0.088738
2020-05-21 23:00:45,-0.009035,-0.009035
2020-05-22 00:00:15,0.031729,0.031729
2020-05-22 00:00:45,-0.012975,-0.012975
2020-05-22 01:00:15,0.94582,0.94582
2020-05-22 01:00:45,,-0.0308406375
2020-05-22 02:00:15,,-0.04064772249999999
2020-05-22 02:00:45,-0.000763,-0.000763
2020-05-22 03:00:15,-0.058865,-0.058865
2020-05-22 03:00:45,-0.054506,-0.054506
2020-05-22 04:00:15,-0.12715,-0.12715
2020-05-22 04:00:45,-0.086937,-0.086937
2020-05-22 05:00:15,-0.18092,-0.18092
2020-05-22 05:00:45,-0.49886,-0.49886
2020-05-22 06:00:15,-1.4961,-1.4961
2020-05-22 06:00:45,-0.55662,-0.55662
2020-05-22 07:00:15,-1.1134,-1.1134
2020-05-22 07:00:45,-0.98174,-0.98174
2020-05-22 08:00:15,-0.62114,-0.62114
2020-05-22 08:00:45,-1.1708,-1.1708
2020-05-22 09:00:15,-1.8078,-1.8078
2020-05-22 09:00:45,-0.91463,-0.91463
2020-05-22 10:00:15,-2.0197,-2.0197
2020-05-22 10:00:45,-3.0586,-3.0586
2020-05-22 11:00:15,-2.1047,-2.1047
2020-05-22 11:00:45,-1.3243,-1.3243
2020-05-22 12:00:15,-1.1893,-1.1893
2020-05-22 12:00:45,-1.984,-1.984
2020-05-22 13:00:15,-2.7862,-2.7862
2020-05-22 13:00:45,-2.1792,-2.1792
2020-05-22 14:00:15,-1.5585,-1.5585
2020-05-22 14:00:45,-0.92316,-0.92316
2020-05-22 15:00:15,-1.1773,-1.1773
2020-05-22 15:00:45,-1.364,-1.364
2020-05-22 16:00:15,-1.1522,-1.1522
2020-05-22 16:00:45,-0.89799,-0.89799
2020-05-22 17:00:15,-0.77777,-0.77777
2020-05-22 17:00:45,-0.38552,-0.38552
2020-05-22 18:00:15,0.18105,0.18105
2020-05-22 18:00:45,0.40765,0.40765
2020-05-22 19:00:15,0.74204,0.74204
2020-05-22 19:00:45,0.84931,0.84931
2020-05-22 20:00:15,0.31247,0.31247
2020-05-22 20:00:45,0.26154,0.26154
2020-05-22 21:00:15,0.42961,0.42961
2020-05-22 21:00:45,0.2466,0.2466
2020-05-22 22:00:15,0.14679,0.14679
2020-05-22 22:00:45,-0.11544,-0.11544
2020-05-22 23:00:15,-0.012316,-0.012316
2020-05-22 23:00:45,-0.005586,-0.005586
2020-05-23 00:00:15,-0.074894,-0.074894
2020-05-23 00:00:45,,-0.038260094999999994
2020-05-23 01:00:15,,0.04621596000000001
2020-05-23 01:00:45,,0.18985088000000006
2020-05-23 02:00:15,-0.09187,-0.09187
2020-05-23 02:00:45,-0.036634,-0.036634
2020-05-23 03:00:15,-0.083129,-0.083129
2020-05-23 03:00:45,-0.049839,-0.049839
2020-05-23 04:00:15,-0.053303,-0.053303
2020-05-23 04:00:45,-0.098487,-0.098487
2020-05-23 05:00:15,-0.87312,-0.87312
2020-05-23 05:00:45,-1.1995,-1.1995
2020-05-23 06:00:15,-1.4299,-1.4299
2020-05-23 06:00:45,-0.90001,-0.90001
2020-05-23 07:00:15,-0.98791,-0.98791
2020-05-23 07:00:45,-1.197,-1.197
2020-05-23 08:00:15,-0.59848,-0.59848
2020-05-23 08:00:45,-0.51641,-0.51641
2020-05-23 09:00:15,-1.2546,-1.2546
2020-05-23 09:00:45,-1.0691,-1.0691
2020-05-23 10:00:15,-1.0211,-1.0211
2020-05-23 10:00:45,-1.2894,-1.2894
2020-05-23 11:00:15,-1.0688,-1.0688
2020-05-23 11:00:45,-1.4828,-1.4828
2020-05-23 12:00:15,-1.4027,-1.4027
2020-05-23 12:00:45,-1.2801,-1.2801
2020-05-23 13:00:15,-0.89746,-0.89746
2020-05-23 13:00:45,-2.0432,-2.0432
2020-05-23 14:00:15,-0.98898,-0.98898
2020-05-23 14:00:45,-1.4558,-1.4558
2020-05-23 15:00:15,-1.6613,-1.6613
2020-05-23 15:00:45,-0.86595,-0.86595
2020-05-23 16:00:15,-0.73885,-0.73885
2020-05-23 16:00:45,-0.98775,-0.98775
2020-05-23 17:00:15,-0.75692,-0.75692
2020-05-23 17:00:45,-0.92387,-0.92387
2020-05-23 18:00:15,-0.60244,-0.60244
2020-05-23 18:00:45,-0.25025,-0.25025
2020-05-23 19:00:15,0.12806,0.12806
2020-05-23 19:00:45,0.20164,0.20164
2020-05-23 20:00:15,0.28219,0.28219
2020-05-23 20:00:45,0.221,0.221
2020-05-23 21:00:15,0.12523,0.12523
2020-05-23 21:00:45,0.006776,0.006776
2020-05-23 22:00:15,-0.035528,-0.035528
2020-05-23 22:00:45,-0.095271,-0.095271
2020-05-23 23:00:15,-0.035292,-0.035292
2020-05-23 23:00:45,0.003274,0.003274
2020-05-24 00:00:15,,0.12576438999999998
2020-05-24 00:00:45,0.14382,0.14382
2020-05-24 01:00:15,0.009172,0.009172
2020-05-24 01:00:45,0.094554,0.094554
2020-05-24 02:00:15,0.13448,0.13448
2020-05-24 02:00:45,0.082712,0.082712
2020-05-24 03:00:15,0.15149,0.15149
2020-05-24 03:00:45,0.16874,0.16874
2020-05-24 04:00:15,0.17214,0.17214
2020-05-24 04:00:45,0.047774,0.047774
2020-05-24 05:00:15,-0.032718,-0.032718
2020-05-24 05:00:45,-0.44275,-0.44275
2020-05-24 06:00:15,-0.63548,-0.63548
2020-05-24 06:00:45,-0.92558,-0.92558
2020-05-24 07:00:15,-1.1769,-1.1769
2020-05-24 07:00:45,-1.0952,-1.0952
2020-05-24 08:00:15,-1.1289,-1.1289
2020-05-24 08:00:45,-1.0932,-1.0932
2020-05-24 09:00:15,-1.2364,-1.2364
2020-05-24 09:00:45,-1.43,-1.43
2020-05-24 10:00:15,-1.5144,-1.5144
2020-05-24 10:00:45,-2.1004,-2.1004
2020-05-24 11:00:15,-1.369,-1.369
2020-05-24 11:00:45,-1.5606,-1.5606
2020-05-24 12:00:15,-1.3847,-1.3847
2020-05-24 12:00:45,-1.4237,-1.4237
2020-05-24 13:00:15,-2.1159,-2.1159
2020-05-24 13:00:45,-0.94829,-0.94829
2020-05-24 14:00:15,-1.475,-1.475
2020-05-24 14:00:45,-2.7482,-2.7482
2020-05-24 15:00:15,-1.0658,-1.0658
2020-05-24 15:00:45,-0.79604,-0.79604
2020-05-24 16:00:15,-1.1853,-1.1853
2020-05-24 16:00:45,-0.71867,-0.71867
2020-05-24 17:00:15,-0.55351,-0.55351
2020-05-24 17:00:45,-0.78606,-0.78606
2020-05-24 18:00:15,-0.49779,-0.49779
2020-05-24 18:00:45,-0.24796,-0.24796
2020-05-24 19:00:15,0.096332,0.096332
2020-05-24 19:00:45,0.062339,0.062339
2020-05-24 20:00:15,-0.057774,-0.057774
2020-05-24 20:00:45,0.1563,0.1563
2020-05-24 21:00:15,-0.008394,-0.008394
2020-05-24 21:00:45,,0.06587864999999998
2020-05-24 22:00:15,0.04297,0.04297
2020-05-24 22:00:45,0.2041,0.2041
2020-05-24 23:00:15,0.24109,0.24109
2020-05-24 23:00:45,0.35859,0.35859
2020-05-25 00:00:15,0.09147,0.09147
2020-05-25 00:00:45,0.10931,0.10931
2020-05-25 01:00:15,0.01209,0.01209
2020-05-25 01:00:45,-0.046083,-0.046083
2020-05-25 02:00:15,0.013523,0.013523
2020-05-25 02:00:45,-0.094631,-0.094631
2020-05-25 03:00:15,0.062378,0.062378
2020-05-25 03:00:45,0.25506,0.25506
2020-05-25 04:00:15,0.42205,0.42205
2020-05-25 04:00:45,0.10627,0.10627
2020-05-25 05:00:15,0.16982,0.16982
2020-05-25 05:00:45,-0.37392,-0.37392
2020-05-25 06:00:15,-0.75512,-0.75512
2020-05-25 06:00:45,-0.42366,-0.42366
2020-05-25 07:00:15,-0.49296,-0.49296
2020-05-25 07:00:45,-0.48166,-0.48166
2020-05-25 08:00:15,-0.98836,-0.98836
2020-05-25 08:00:45,-0.93746,-0.93746
2020-05-25 09:00:15,-0.89432,-0.89432
2020-05-25 09:00:45,-1.506,-1.506
2020-05-25 10:00:15,-1.7473,-1.7473
2020-05-25 10:00:45,-1.7509,-1.7509
2020-05-25 11:00:15,-1.859,-1.859
2020-05-25 11:00:45,-1.0303,-1.0303
2020-05-25 12:00:15,-1.3538,-1.3538
2020-05-25 12:00:45,,-1.8325632875000004
2020-05-25 13:00:15,-0.82653,-0.82653
2020-05-25 13:00:45,-2.3528,-2.3528
2020-05-25 14:00:15,,-1.1066810275
2020-05-25 14:00:45,0.10721,0.10721
2020-05-25 15:00:15,-1.1408,-1.1408
2020-05-25 15:00:45,-1.4962,-1.4962
2020-05-25 16:00:15,-0.63167,-0.63167
2020-05-25 16:00:45,-1.0378,-1.0378
2020-05-25 17:00:15,-0.91171,-0.91171
2020-05-25 17:00:45,-0.75253,-0.75253
2020-05-25 18:00:15,-0.62916,-0.62916
2020-05-25 18:00:45,-0.2302,-0.2302
2020-05-25 19:00:15,0.22806,0.22806
2020-05-25 19:00:45,0.34836,0.34836
2020-05-25 20:00:15,0.49799,0.49799
2020-05-25 20:00:45,0.4704,0.4704
2020-05-25 21:00:15,0.54945,0.54945
2020-05-25 21:00:45,0.71576,0.71576
2020-05-25 22:00:15,0.59555,0.59555
2020-05-25 22:00:45,0.64218,0.64218
2020-05-25 23:00:15,0.41999,0.41999
2020-05-25 23:00:45,0.41695,0.41695
2020-05-26 00:00:15,0.4567,0.4567
2020-05-26 00:00:45,0.080684,0.080684
2020-05-26 01:00:15,0.32336,0.32336
2020-05-26 01:00:45,0.057078,0.057078
2020-05-26 02:00:15,0.064206,0.064206
2020-05-26 02:00:45,,0.090897625
2020-05-26 03:00:15,-0.13221,-0.13221
2020-05-26 03:00:45,-0.055986,-0.055986
2020-05-26 04:00:15,-0.077859,-0.077859
2020-05-26 04:00:45,-0.041475,-0.041475
2020-05-26 05:00:15,-0.31647,-0.31647
2020-05-26 05:00:45,-0.85297,-0.85297
2020-05-26 06:00:15,-1.0906,-1.0906
2020-05-26 06:00:45,-1.4799,-1.4799
2020-05-26 07:00:15,-1.3183,-1.3183
2020-05-26 07:00:45,0.40914,0.40914
2020-05-26 08:00:15,-2.6919,-2.6919
2020-05-26 08:00:45,-1.0368,-1.0368
2020-05-26 09:00:15,-1.4003,-1.4003
2020-05-26 09:00:45,-1.8164,-1.8164
2020-05-26 10:00:15,-2.7174,-2.7174
2020-05-26 10:00:45,-1.0979,-1.0979
2020-05-26 11:00:15,-1.1889,-1.1889
2020-05-26 11:00:45,-1.5915,-1.5915
2020-05-26 12:00:15,-1.0525,-1.0525
2020-05-26 12:00:45,-0.81617,-0.81617
2020-05-26 13:00:15,1.0345,1.0345
2020-05-26 13:00:45,-1.3679,-1.3679
2020-05-26 14:00:15,-2.121,-2.121
2020-05-26 14:00:45,-0.46247,-0.46247
2020-05-26 15:00:15,-0.88953,-0.88953
2020-05-26 15:00:45,-0.88212,-0.88212
2020-05-26 16:00:15,-1.2435,-1.2435
2020-05-26 16:00:45,-0.65493,-0.65493
2020-05-26 17:00:15,-0.9299,-0.9299
2020-05-26 17:00:45,-0.91827,-0.91827
2020-05-26 18:00:15,-0.49067,-0.49067
2020-05-26 18:00:45,-0.28404,-0.28404
2020-05-26 19:00:15,0.010219,0.010219
2020-05-26 19:00:45,-0.048041,-0.048041
2020-05-26 20:00:15,0.006065,0.006065
2020-05-26 20:00:45,-0.068476,-0.068476
2020-05-26 21:00:15,0.030271,0.030271
2020-05-26 21:00:45,0.035713,0.035713
2020-05-26 22:00:15,0.14471,0.14471
2020-05-26 22:00:45,0.29766,0.29766
2020-05-26 23:00:15,-0.084972,-0.084972
2020-05-26 23:00:45,,-0.010103652499999996
2020-05-27 00:00:15,-0.064574,-0.064574
2020-05-27 00:00:45,0.26796,0.26796
2020-05-27 01:00:15,,0.07880329499999998
2020-05-27 01:00:45,-0.042968,-0.042968
2020-05-27 02:00:15,-0.097184,-0.097184
2020-05-27 02:00:45,,-0.03148452250000001
2020-05-27 03:00:15,-0.093063,-0.093063
2020-05-27 03:00:45,0.043946,0.043946
2020-05-27 04:00:15,-0.005843,-0.005843
2020-05-27 04:00:45,-0.069855,-0.069855
2020-05-27 05:00:15,-0.49592,-0.49592
2020-05-27 05:00:45,-0.96672,-0.96672
2020-05-27 06:00:15,-0.84712,-0.84712
2020-05-27 06:00:45,-0.40119,-0.40119
2020-05-27 07:00:15,-0.26879,-0.26879
2020-05-27 07:00:45,-0.63477,-0.63477
2020-05-27 08:00:15,0.23185,0.23185
2020-05-27 08:00:45,-0.42454,-0.42454
2020-05-27 09:00:15,-0.76627,-0.76627
2020-05-27 09:00:45,0.15925,0.15925
2020-05-27 10:00:15,-0.72765,-0.72765
2020-05-27 10:00:45,-0.48372,-0.48372
2020-05-27 11:00:15,0.44881,0.44881
2020-05-27 11:00:45,-0.49346,-0.49346
2020-05-27 12:00:15,0.76078,0.76078
2020-05-27 12:00:45,-0.42652,-0.42652
2020-05-27 13:00:15,1.1681,1.1681
2020-05-27 13:00:45,-0.96458,-0.96458
2020-05-27 14:00:15,-0.48055,-0.48055
2020-05-27 14:00:45,0.075808,0.075808
2020-05-27 15:00:15,0.059709,0.059709
2020-05-27 15:00:45,-0.77536,-0.77536
2020-05-27 16:00:15,-0.4513,-0.4513
2020-05-27 16:00:45,-0.33897,-0.33897
2020-05-27 17:00:15,-0.649,-0.649
2020-05-27 17:00:45,-0.070549,-0.070549
2020-05-27 18:00:15,-0.38914,-0.38914
2020-05-27 18:00:45,-0.045885,-0.045885
2020-05-27 19:00:15,-0.067046,-0.067046
2020-05-27 19:00:45,0.64818,0.64818
2020-05-27 20:00:15,0.44519,0.44519
2020-05-27 20:00:45,0.31338,0.31338
2020-05-27 21:00:15,0.59341,0.59341
2020-05-27 21:00:45,0.21778,0.21778
2020-05-27 22:00:15,-0.12796,-0.12796
2020-05-27 22:00:45,0.013813,0.013813
2020-05-27 23:00:15,-0.10484,-0.10484
2020-05-27 23:00:45,-0.15039,-0.15039
2020-05-28 00:00:15,0.015789,0.015789
2020-05-28 00:00:45,,0.4794860325
2020-05-28 01:00:15,0.20899,0.20899
2020-05-28 01:00:45,0.003867,0.003867
2020-05-28 02:00:15,0.19743,0.19743
2020-05-28 02:00:45,,0.2687207100000001
2020-05-28 03:00:15,0.3276,0.3276
2020-05-28 03:00:45,0.069451,0.069451
2020-05-28 04:00:15,0.88499,0.88499
2020-05-28 04:00:45,0.20665,0.20665
2020-05-28 05:00:15,-0.44624,-0.44624
2020-05-28 05:00:45,-0.63382,-0.63382
2020-05-28 06:00:15,-0.27246,-0.27246
2020-05-28 06:00:45,-0.61671,-0.61671
2020-05-28 07:00:15,-0.81134,-0.81134
2020-05-28 07:00:45,,-1.5200477750000005
2020-05-28 08:00:15,-0.72058,-0.72058
2020-05-28 08:00:45,-0.82616,-0.82616
2020-05-28 09:00:15,-0.72043,-0.72043
2020-05-28 09:00:45,-0.73824,-0.73824
2020-05-28 10:00:15,-0.45994,-0.45994
2020-05-28 10:00:45,-0.89573,-0.89573
2020-05-28 11:00:15,-1.0467,-1.0467
2020-05-28 11:00:45,-1.3888,-1.3888
2020-05-28 12:00:15,-0.75178,-0.75178
2020-05-28 12:00:45,-0.070926,-0.070926
2020-05-28 13:00:15,0.013256,0.013256
2020-05-28 13:00:45,-0.3133,-0.3133
2020-05-28 14:00:15,,-0.5038752699999999
2020-05-28 14:00:45,,-0.812851045
2020-05-28 15:00:15,-0.81542,-0.81542
2020-05-28 15:00:45,0.080406,0.080406
2020-05-28 16:00:15,-1.0746,-1.0746
2020-05-28 16:00:45,-0.8803,-0.8803
2020-05-28 17:00:15,-1.0382,-1.0382
2020-05-28 17:00:45,-1.1444,-1.1444
2020-05-28 18:00:15,-0.76375,-0.76375
2020-05-28 18:00:45,0.17351,0.17351
2020-05-28 19:00:15,0.35681,0.35681
2020-05-28 19:00:45,0.55402,0.55402
2020-05-28 20:00:15,0.62316,0.62316
2020-05-28 20:00:45,0.73729,0.73729
2020-05-28 21:00:15,0.42578,0.42578
2020-05-28 21:00:45,0.80105,0.80105
2020-05-28 22:00:15,0.43928,0.43928
2020-05-28 22:00:45,1.0001,1.0001
2020-05-28 23:00:15,0.40834,0.40834
2020-05-28 23:00:45,0.46369,0.46369
2020-05-29 00:00:15,0.40071,0.40071
2020-05-29 00:00:45,0.5234,0.5234
2020-05-29 01:00:15,0.43771,0.43771
2020-05-29 01:00:45,0.1053,0.1053
2020-05-29 02:00:15,0.33582,0.33582
2020-05-29 02:00:45,0.56177,0.56177
2020-05-29 03:00:15,0.35904,0.35904
2020-05-29 03:00:45,0.36587,0.36587
2020-05-29 04:00:15,0.43108,0.43108
2020-05-29 04:00:45,0.31609,0.31609
2020-05-29 05:00:15,0.14562,0.14562
2020-05-29 05:00:45,-0.099425,-0.099425
2020-05-29 06:00:15,-0.99325,-0.99325
2020-05-29 06:00:45,-1.0879,-1.0879
2020-05-29 07:00:15,-0.74755,-0.74755
2020-05-29 07:00:45,-0.97883,-0.97883
2020-05-29 08:00:15,-0.93334,-0.93334
2020-05-29 08:00:45,-1.0793,-1.0793
2020-05-29 09:00:15,-1.2323,-1.2323
2020-05-29 09:00:45,-0.75621,-0.75621
2020-05-29 10:00:15,-1.5111,-1.5111
2020-05-29 10:00:45,-1.5552,-1.5552
2020-05-29 11:00:15,-0.80452,-0.80452
2020-05-29 11:00:45,-2.9373,-2.9373
2020-05-29 12:00:15,-1.309,-1.309
2020-05-29 12:00:45,-1.3154,-1.3154
2020-05-29 13:00:15,-0.85183,-0.85183
2020-05-29 13:00:45,-1.2834,-1.2834
2020-05-29 14:00:15,-0.5764,-0.5764
2020-05-29 14:00:45,-1.1883,-1.1883
2020-05-29 15:00:15,-1.5986,-1.5986
2020-05-29 15:00:45,-0.95408,-0.95408
2020-05-29 16:00:15,-1.5226,-1.5226
2020-05-29 16:00:45,-1.0596,-1.0596
2020-05-29 17:00:15,-0.61243,-0.61243
2020-05-29 17:00:45,-0.009408,-0.009408
2020-05-29 18:00:15,0.01961,0.01961
2020-05-29 18:00:45,0.28654,0.28654
2020-05-29 19:00:15,-0.19344,-0.19344
2020-05-29 19:00:45,0.079845,0.079845
2020-05-29 20:00:15,0.52205,0.52205
2020-05-29 20:00:45,0.58243,0.58243
2020-05-29 21:00:15,0.01369,0.01369
2020-05-29 21:00:45,0.062307,0.062307
2020-05-29 22:00:15,0.18956,0.18956
2020-05-29 22:00:45,0.39935,0.39935
2020-05-29 23:00:15,0.46645,0.46645
2020-05-29 23:00:45,0.49888,0.49888
2020-05-30 00:00:15,0.46174,0.46174
2020-05-30 00:00:45,0.38642,0.38642
2020-05-30 01:00:15,0.52557,0.52557
2020-05-30 01:00:45,0.20921,0.20921
2020-05-30 02:00:15,0.10034,0.10034
2020-05-30 02:00:45,0.11563,0.11563
2020-05-30 03:00:15,0.053567,0.053567
2020-05-30 03:00:45,0.19068,0.19068
2020-05-30 04:00:15,0.26127,0.26127
2020-05-30 04:00:45,0.18329,0.18329
2020-05-30 05:00:15,-0.068573,-0.068573
2020-05-30 05:00:45,-0.34332,-0.34332
2020-05-30 06:00:15,-0.32482,-0.32482
2020-05-30 06:00:45,-0.34507,-0.34507
2020-05-30 07:00:15,-0.19553,-0.19553
2020-05-30 07:00:45,-0.80592,-0.80592
2020-05-30 08:00:15,-0.74765,-0.74765
2020-05-30 08:00:45,-1.1916,-1.1916
2020-05-30 09:00:15,-1.0214,-1.0214
2020-05-30 09:00:45,-1.1963,-1.1963
2020-05-30 10:00:15,-1.6444,-1.6444
2020-05-30 10:00:45,-1.5525,-1.5525
2020-05-30 11:00:15,-1.6998,-1.6998
2020-05-30 11:00:45,-1.3638,-1.3638
2020-05-30 12:00:15,-0.62097,-0.62097
2020-05-30 12:00:45,-1.5319,-1.5319
2020-05-30 13:00:15,-0.83365,-0.83365
2020-05-30 13:00:45,-0.9485,-0.9485
2020-05-30 14:00:15,-0.81962,-0.81962
2020-05-30 14:00:45,-1.1224,-1.1224
2020-05-30 15:00:15,-1.0056,-1.0056
2020-05-30 15:00:45,-1.0303,-1.0303
2020-05-30 16:00:15,-0.95279,-0.95279
2020-05-30 16:00:45,-0.7269,-0.7269
2020-05-30 17:00:15,-0.6989,-0.6989
2020-05-30 17:00:45,-0.81368,-0.81368
2020-05-30 18:00:15,-0.16458,-0.16458
2020-05-30 18:00:45,0.14197,0.14197
2020-05-30 19:00:15,0.34916,0.34916
2020-05-30 19:00:45,0.31826,0.31826
2020-05-30 20:00:15,,0.4515113375000001
2020-05-30 20:00:45,0.31753,0.31753
2020-05-30 21:00:15,0.36617,0.36617
2020-05-30 21:00:45,0.31295,0.31295
2020-05-30 22:00:15,0.32043,0.32043
2020-05-30 22:00:45,,0.39351473000000003
2020-05-30 23:00:15,0.51828,0.51828
2020-05-30 23:00:45,0.80754,0.80754
2020-05-31 00:00:15,0.48303,0.48303
2020-05-31 00:00:45,0.23872,0.23872
2020-05-31 01:00:15,-0.10936,-0.10936
2020-05-31 01:00:45,-0.073995,-0.073995
2020-05-31 02:00:15,,0.032690399999999994
2020-05-31 02:00:45,-0.16464,-0.16464
2020-05-31 03:00:15,-0.061267,-0.061267
2020-05-31 03:00:45,0.051944,0.051944
2020-05-31 04:00:15,0.60091,0.60091
2020-05-31 04:00:45,0.13899,0.13899
2020-05-31 05:00:15,-0.022947,-0.022947
2020-05-31 05:00:45,-0.26129,-0.26129
2020-05-31 06:00:15,-1.0836,-1.0836
2020-05-31 06:00:45,-1.4209,-1.4209
2020-05-31 07:00:15,-1.4296,-1.4296
2020-05-31 07:00:45,-1.1695,-1.1695
2020-05-31 08:00:15,-1.0578,-1.0578
2020-05-31 08:00:45,-1.0657,-1.0657
2020-05-31 09:00:15,-1.3393,-1.3393
2020-05-31 09:00:45,-1.3265,-1.3265
2020-05-31 10:00:15,-1.4858,-1.4858
2020-05-31 10:00:45,-1.6447,-1.6447
2020-05-31 11:00:15,-0.93316,-0.93316
2020-05-31 11:00:45,-1.5934,-1.5934
2020-05-31 12:00:15,-0.79372,-0.79372
2020-05-31 12:00:45,-0.8652,-0.8652
2020-05-31 13:00:15,-1.0898,-1.0898
2020-05-31 13:00:45,-0.77997,-0.77997
2020-05-31 14:00:15,-0.46695,-0.46695
2020-05-31 14:00:45,-0.61389,-0.61389
2020-05-31 15:00:15,-0.79746,-0.79746
2020-05-31 15:00:45,-1.3055,-1.3055
2020-05-31 16:00:15,-0.66569,-0.66569
2020-05-31 16:00:45,-1.5176,-1.5176
2020-05-31 17:00:15,-1.4981,-1.4981
2020-05-31 17:00:45,-1.1498,-1.1498
2020-05-31 18:00:15,-0.23511,-0.23511
2020-05-31 18:00:45,0.42727,0.42727
2020-05-31 19:00:15,0.1613,0.1613
2020-05-31 19:00:45,0.31032,0.31032
2020-05-31 20:00:15,0.33639,0.33639
2020-05-31 20:00:45,0.83915,0.83915
2020-05-31 21:00:15,0.42194,0.42194
2020-05-31 21:00:45,0.6375,0.6375
2020-05-31 22:00:15,0.47373,0.47373
2020-05-31 22:00:45,-0.008936,-0.008936
2020-05-31 23:00:15,0.22379,0.22379
2020-05-31 23:00:45,0.16527,0.16527
2020-06-01 00:00:15,0.15965,0.15965
2020-06-01 00:00:45,0.41909,0.41909
2020-06-01 01:00:15,0.040747,0.040747
2020-06-01 01:00:45,-0.013657,-0.013657
2020-06-01 02:00:15,,0.2164790925
2020-06-01 02:00:45,-0.005784,-0.005784
2020-06-01 03:00:15,-0.081681,-0.081681
2020-06-01 03:00:45,0.0749,0.0749
2020-06-01 04:00:15,0.53624,0.53624
2020-06-01 04:00:45,-0.054107,-0.054107
2020-06-01 05:00:15,-0.10098,-0.10098
2020-06-01 05:00:45,-1.0661,-1.0661
2020-06-01 06:00:15,-0.62471,-0.62471
2020-06-01 06:00:45,-1.0925,-1.0925
2020-06-01 07:00:15,-1.2939,-1.2939
2020-06-01 07:00:45,-0.65201,-0.65201
2020-06-01 08:00:15,-1.4369,-1.4369
2020-06-01 08:00:45,-1.3834,-1.3834
2020-06-01 09:00:15,-1.2424,-1.2424
2020-06-01 09:00:45,-0.77247,-0.77247
2020-06-01 10:00:15,-0.86847,-0.86847
2020-06-01 10:00:45,-0.56088,-0.56088
2020-06-01 11:00:15,-1.4035,-1.4035
2020-06-01 11:00:45,-1.4221,-1.4221
2020-06-01 12:00:15,-0.4324,-0.4324
2020-06-01 12:00:45,-1.3011,-1.3011
2020-06-01 13:00:15,0.79266,0.79266
2020-06-01 13:00:45,-1.0937,-1.0937
2020-06-01 14:00:15,-0.47052,-0.47052
2020-06-01 14:00:45,-1.0128,-1.0128
2020-06-01 15:00:15,-1.0763,-1.0763
2020-06-01 15:00:45,-1.6145,-1.6145
2020-06-01 16:00:15,,-0.7388903499999999
2020-06-01 16:00:45,,0.16804679499999997
2020-06-01 17:00:15,-0.95617,-0.95617
2020-06-01 17:00:45,,0.7879254425
2020-06-01 18:00:15,,0.92520324
2020-06-01 18:00:45,,0.7740132750000001
2020-06-01 19:00:15,,0.8859084175
2020-06-01 19:00:45,1.0701,1.0701
2020-06-01 20:00:15,1.2771,1.2771
2020-06-01 20:00:45,0.87861,0.87861
2020-06-01 21:00:15,0.64127,0.64127
2020-06-01 21:00:45,0.65381,0.65381
2020-06-01 22:00:15,0.49874,0.49874
2020-06-01 22:00:45,0.97224,0.97224
2020-06-01 23:00:15,,0.4988293225000002
2020-06-01 23:00:45,0.25681,0.25681
2020-06-02 00:00:15,0.41739,0.41739
2020-06-02 00:00:45,0.56412,0.56412
2020-06-02 01:00:15,,0.47158242999999994
2020-06-02 01:00:45,0.2502,0.2502
2020-06-02 02:00:15,0.14651,0.14651
2020-06-02 02:00:45,0.070029,0.070029
2020-06-02 03:00:15,-0.026615,-0.026615
2020-06-02 03:00:45,,0.15696165250000002
2020-06-02 04:00:15,,0.326198475
2020-06-02 04:00:45,0.33972,0.33972
2020-06-02 05:00:15,0.40441,0.40441
2020-06-02 05:00:45,-0.036037,-0.036037
2020-06-02 06:00:15,-0.05256,-0.05256
2020-06-02 06:00:45,-0.84794,-0.84794
2020-06-02 07:00:15,-2.0165,-2.0165
2020-06-02 07:00:45,-0.54574,-0.54574
2020-06-02 08:00:15,-0.69858,-0.69858
2020-06-02 08:00:45,0.06633,0.06633
2020-06-02 09:00:15,-0.5053,-0.5053
2020-06-02 09:00:45,0.30918,0.30918
2020-06-02 10:00:15,-0.46983,-0.46983
2020-06-02 10:00:45,0.001153,0.001153
2020-06-02 11:00:15,0.066905,0.066905
2020-06-02 11:00:45,-0.19178,-0.19178
2020-06-02 12:00:15,-0.078597,-0.078597
2020-06-02 12:00:45,-0.002484,-0.002484
2020-06-02 13:00:15,0.78848,0.78848
2020-06-02 13:00:45,0.10753,0.10753
2020-06-02 14:00:15,0.39677,0.39677
2020-06-02 14:00:45,-0.87725,-0.87725
2020-06-02 15:00:15,-0.80361,-0.80361
2020-06-02 15:00:45,-0.42505,-0.42505
2020-06-02 16:00:15,-0.35025,-0.35025
2020-06-02 16:00:45,-0.18945,-0.18945
2020-06-02 17:00:15,-0.75629,-0.75629
2020-06-02 17:00:45,-0.039186,-0.039186
2020-06-02 18:00:15,-0.28917,-0.28917
2020-06-02 18:00:45,-0.61744,-0.61744
2020-06-02 19:00:15,,0.7468101675
2020-06-02 19:00:45,,1.1616783550000003
2020-06-02 20:00:15,,1.0253135800000002
2020-06-02 20:00:45,,0.8899836800000002
2020-06-02 21:00:15,,1.2120902525000001
2020-06-02 21:00:45,1.7526,1.7526
2020-06-02 22:00:15,,0.5613250250000003
2020-06-02 22:00:45,-0.12736,-0.12736
2020-06-02 23:00:15,0.073823,0.073823
2020-06-02 23:00:45,0.67083,0.67083
2020-06-03 00:00:15,1.1865,1.1865
2020-06-03 00:00:45,1.1779,1.1779
2020-06-03 01:00:15,1.1167,1.1167
2020-06-03 01:00:45,0.96373,0.96373
2020-06-03 02:00:15,0.31988,0.31988
2020-06-03 02:00:45,0.90476,0.90476
2020-06-03 03:00:15,0.97523,0.97523
2020-06-03 03:00:45,0.18354,0.18354
2020-06-03 04:00:15,0.25922,0.25922
2020-06-03 04:00:45,1.0725,1.0725
2020-06-03 05:00:15,-1.3692,-1.3692
2020-06-03 05:00:45,0.074383,0.074383
2020-06-03 06:00:15,0.32811,0.32811
2020-06-03 06:00:45,0.7283,0.7283
2020-06-03 07:00:15,0.36739,0.36739
2020-06-03 07:00:45,0.9706,0.9706
2020-06-03 08:00:15,1.4044,1.4044
2020-06-03 08:00:45,1.6557,1.6557
2020-06-03 09:00:15,1.7148,1.7148
2020-06-03 09:00:45,2.1986,2.1986
2020-06-03 10:00:15,1.9829,1.9829
2020-06-03 10:00:45,2.3903,2.3903
2020-06-03 11:00:15,2.3841,2.3841
2020-06-03 11:00:45,2.2934,2.2934
2020-06-03 12:00:15,,-0.1109267625
2020-06-03 12:00:45,2.0828,2.0828
2020-06-03 13:00:15,-0.26235,-0.26235
2020-06-03 13:00:45,2.3937,2.3937
2020-06-03 14:00:15,3.3065,3.3065
2020-06-03 14:00:45,1.6915,1.6915
2020-06-03 15:00:15,1.342,1.342
2020-06-03 15:00:45,0.25339,0.25339
2020-06-03 16:00:15,0.15207,0.15207
2020-06-03 16:00:45,0.45788,0.45788
2020-06-03 17:00:15,0.58403,0.58403
2020-06-03 17:00:45,0.9474,0.9474
2020-06-03 18:00:15,0.99736,0.99736
2020-06-03 18:00:45,-0.055775,-0.055775
2020-06-03 19:00:15,,0.24194001
2020-06-03 19:00:45,,0.2781490550000001
2020-06-03 20:00:15,0.35596,0.35596
2020-06-03 20:00:45,,0.07208305000000001
2020-06-03 21:00:15,-0.057846,-0.057846
2020-06-03 21:00:45,0.11777,0.11777
2020-06-03 22:00:15,0.34277,0.34277
2020-06-03 22:00:45,0.43474,0.43474
2020-06-03 23:00:15,0.18669,0.18669
2020-06-03 23:00:45,0.31181,0.31181
2020-06-04 00:00:15,0.79708,0.79708
2020-06-04 00:00:45,0.41642,0.41642
2020-06-04 01:00:15,-0.16273,-0.16273
2020-06-04 01:00:45,-0.012567,-0.012567
2020-06-04 02:00:15,0.074268,0.074268
2020-06-04 02:00:45,0.058399,0.058399
2020-06-04 03:00:15,-0.055319,-0.055319
2020-06-04 03:00:45,0.032351,0.032351
2020-06-04 04:00:15,,0.12684773749999997
2020-06-04 04:00:45,,0.074346
2020-06-04 05:00:15,0.001988,0.001988
2020-06-04 05:00:45,-1.0005,-1.0005
2020-06-04 06:00:15,-1.1357,-1.1357
2020-06-04 06:00:45,-1.8768,-1.8768
2020-06-04 07:00:15,-0.59318,-0.59318
2020-06-04 07:00:45,-0.64723,-0.64723
2020-06-04 08:00:15,-0.60927,-0.60927
2020-06-04 08:00:45,-0.37956,-0.37956
2020-06-04 09:00:15,0.20131,0.20131
2020-06-04 09:00:45,-0.89657,-0.89657
2020-06-04 10:00:15,-0.32048,-0.32048
2020-06-04 10:00:45,-0.089185,-0.089185
2020-06-04 11:00:15,1.5328,1.5328
2020-06-04 11:00:45,-1.48,-1.48
2020-06-04 12:00:15,0.1203,0.1203
2020-06-04 12:00:45,-0.41181,-0.41181
2020-06-04 13:00:15,1.7378,1.7378
2020-06-04 13:00:45,0.18218,0.18218
2020-06-04 14:00:15,-1.0883,-1.0883
2020-06-04 14:00:45,0.25547,0.25547
2020-06-04 15:00:15,0.027093,0.027093
2020-06-04 15:00:45,0.084563,0.084563
2020-06-04 16:00:15,0.23573,0.23573
2020-06-04 16:00:45,0.037044,0.037044
2020-06-04 17:00:15,0.3203,0.3203
2020-06-04 17:00:45,0.047563,0.047563
2020-06-04 18:00:15,0.17813,0.17813
2020-06-04 18:00:45,0.20853,0.20853
2020-06-04 19:00:15,0.34172,0.34172
2020-06-04 19:00:45,0.14004,0.14004
2020-06-04 20:00:15,0.16742,0.16742
2020-06-04 20:00:45,0.054421,0.054421
2020-06-04 21:00:15,0.129,0.129
2020-06-04 21:00:45,0.14364,0.14364
2020-06-04 22:00:15,0.10367,0.10367
2020-06-04 22:00:45,0.062273,0.062273
2020-06-04 23:00:15,0.11538,0.11538
2020-06-04 23:00:45,0.009224,0.009224
2020-06-05 00:00:15,,0.1282815075
2020-06-05 00:00:45,0.096569,0.096569
2020-06-05 01:00:15,0.096648,0.096648
2020-06-05 01:00:45,-0.061533,-0.061533
2020-06-05 02:00:15,0.030023,0.030023
2020-06-05 02:00:45,,-0.012706490000000003
2020-06-05 03:00:15,0.022755,0.022755
2020-06-05 03:00:45,0.19009,0.19009
2020-06-05 04:00:15,,0.5674932774999999
2020-06-05 04:00:45,,0.06495660249999999
2020-06-05 05:00:15,0.020174,0.020174
2020-06-05 05:00:45,0.43457,0.43457
2020-06-05 06:00:15,-0.41023,-0.41023
2020-06-05 06:00:45,-1.159,-1.159
2020-06-05 07:00:15,-0.49655,-0.49655
2020-06-05 07:00:45,-0.11464,-0.11464
2020-06-05 08:00:15,1.9738,1.9738
2020-06-05 08:00:45,-0.68662,-0.68662
2020-06-05 09:00:15,-0.68508,-0.68508
2020-06-05 09:00:45,-2.6908,-2.6908
2020-06-05 10:00:15,0.066359,0.066359
2020-06-05 10:00:45,0.32617,0.32617
2020-06-05 11:00:15,-0.97976,-0.97976
2020-06-05 11:00:45,-0.37388,-0.37388
2020-06-05 12:00:15,0.62815,0.62815
2020-06-05 12:00:45,-0.072517,-0.072517
2020-06-05 13:00:15,-0.63733,-0.63733
2020-06-05 13:00:45,0.78766,0.78766
2020-06-05 14:00:15,-1.5302,-1.5302
2020-06-05 14:00:45,-0.60196,-0.60196
2020-06-05 15:00:15,-0.2749,-0.2749
2020-06-05 15:00:45,-0.14717,-0.14717
2020-06-05 16:00:15,1.1848,1.1848
2020-06-05 16:00:45,0.64967,0.64967
2020-06-05 17:00:15,0.57892,0.57892
2020-06-05 17:00:45,0.075286,0.075286
2020-06-05 18:00:15,-0.011971,-0.011971
2020-06-05 18:00:45,0.33903,0.33903
2020-06-05 19:00:15,0.32872,0.32872
2020-06-05 19:00:45,0.34671,0.34671
2020-06-05 20:00:15,0.44323,0.44323
2020-06-05 20:00:45,0.80514,0.80514
2020-06-05 21:00:15,,0.5909449375
2020-06-05 21:00:45,,1.018625415
2020-06-05 22:00:15,0.35881,0.35881
2020-06-05 22:00:45,1.3547,1.3547
2020-06-05 23:00:15,,1.05187948
2020-06-05 23:00:45,,1.1024197999999996
2020-06-06 00:00:15,,0.9637765250000001
2020-06-06 00:00:45,1.2016,1.2016
2020-06-06 01:00:15,0.72221,0.72221
2020-06-06 01:00:45,0.90258,0.90258
2020-06-06 02:00:15,0.88731,0.88731
2020-06-06 02:00:45,0.62876,0.62876
2020-06-06 03:00:15,0.2713,0.2713
2020-06-06 03:00:45,1.0609,1.0609
2020-06-06 04:00:15,0.87608,0.87608
2020-06-06 04:00:45,0.39847,0.39847
2020-06-06 05:00:15,0.006025,0.006025
2020-06-06 05:00:45,-1.1338,-1.1338
2020-06-06 06:00:15,,0.4716922224999999
2020-06-06 06:00:45,,0.65469159
2020-06-06 07:00:15,,0.38237091
2020-06-06 07:00:45,,0.29035765
2020-06-06 08:00:15,0.40758,0.40758
2020-06-06 08:00:45,-0.71718,-0.71718
2020-06-06 09:00:15,0.58314,0.58314
2020-06-06 09:00:45,0.016411,0.016411
2020-06-06 10:00:15,-0.056263,-0.056263
2020-06-06 10:00:45,-0.47163,-0.47163
2020-06-06 11:00:15,-0.61841,-0.61841
2020-06-06 11:00:45,0.26073,0.26073
2020-06-06 12:00:15,-0.31979,-0.31979
2020-06-06 12:00:45,-1.2333,-1.2333
2020-06-06 13:00:15,-0.19539,-0.19539
2020-06-06 13:00:45,0.39341,0.39341
2020-06-06 14:00:15,-0.22694,-0.22694
2020-06-06 14:00:45,1.0826,1.0826
2020-06-06 15:00:15,0.94297,0.94297
2020-06-06 15:00:45,0.31665,0.31665
2020-06-06 16:00:15,0.89736,0.89736
2020-06-06 16:00:45,0.85307,0.85307
2020-06-06 17:00:15,1.0641,1.0641
2020-06-06 17:00:45,0.59794,0.59794
2020-06-06 18:00:15,0.43575,0.43575
2020-06-06 18:00:45,0.27633,0.27633
2020-06-06 19:00:15,0.64899,0.64899
2020-06-06 19:00:45,0.32813,0.32813
2020-06-06 20:00:15,0.13508,0.13508
2020-06-06 20:00:45,-0.011224,-0.011224
2020-06-06 21:00:15,-0.056212,-0.056212
2020-06-06 21:00:45,0.005984,0.005984
2020-06-06 22:00:15,-0.024265,-0.024265
2020-06-06 22:00:45,-0.060035,-0.060035
2020-06-06 23:00:15,-0.069983,-0.069983
2020-06-06 23:00:45,-0.16859,-0.16859
2020-06-07 00:00:15,-0.059398,-0.059398
2020-06-07 00:00:45,-0.031486,-0.031486
2020-06-07 01:00:15,-0.13769,-0.13769
2020-06-07 01:00:45,-0.098128,-0.098128
2020-06-07 02:00:15,0.011568,0.011568
2020-06-07 02:00:45,-0.000362,-0.000362
2020-06-07 03:00:15,0.027887,0.027887
2020-06-07 03:00:45,-0.087984,-0.087984
2020-06-07 04:00:15,-0.17066,-0.17066
2020-06-07 04:00:45,-0.082632,-0.082632
2020-06-07 05:00:15,-0.41243,-0.41243
2020-06-07 05:00:45,-0.090639,-0.090639
2020-06-07 06:00:15,-0.96446,-0.96446
2020-06-07 06:00:45,-0.76756,-0.76756
2020-06-07 07:00:15,-1.4927,-1.4927
2020-06-07 07:00:45,-0.562,-0.562
2020-06-07 08:00:15,-0.36652,-0.36652
2020-06-07 08:00:45,-1.3607,-1.3607
2020-06-07 09:00:15,-0.7623,-0.7623
2020-06-07 09:00:45,-1.0076,-1.0076
2020-06-07 10:00:15,-1.0686,-1.0686
2020-06-07 10:00:45,-1.4328,-1.4328
2020-06-07 11:00:15,-1.2828,-1.2828
2020-06-07 11:00:45,-1.5638,-1.5638
2020-06-07 12:00:15,-1.5211,-1.5211
2020-06-07 12:00:45,-1.0426,-1.0426
2020-06-07 13:00:15,0.36571,0.36571
2020-06-07 13:00:45,-0.42442,-0.42442
2020-06-07 14:00:15,-0.80241,-0.80241
2020-06-07 14:00:45,-0.59662,-0.59662
2020-06-07 15:00:15,0.076518,0.076518
2020-06-07 15:00:45,0.044457,0.044457
2020-06-07 16:00:15,-0.59785,-0.59785
2020-06-07 16:00:45,-0.56897,-0.56897
2020-06-07 17:00:15,-0.30698,-0.30698
2020-06-07 17:00:45,0.12806,0.12806
2020-06-07 18:00:15,-0.091477,-0.091477
2020-06-07 18:00:45,-0.24719,-0.24719
2020-06-07 19:00:15,0.10116,0.10116
2020-06-07 19:00:45,0.12665,0.12665
2020-06-07 20:00:15,0.19779,0.19779
2020-06-07 20:00:45,0.2452,0.2452
2020-06-07 21:00:15,0.17244,0.17244
2020-06-07 21:00:45,0.24448,0.24448
2020-06-07 22:00:15,0.29592,0.29592
2020-06-07 22:00:45,0.31154,0.31154
2020-06-07 23:00:15,0.29552,0.29552
2020-06-07 23:00:45,0.17823,0.17823
2020-06-08 00:00:15,0.23446,0.23446
2020-06-08 00:00:45,0.27035,0.27035
2020-06-08 01:00:15,0.38238,0.38238
2020-06-08 01:00:45,0.24787,0.24787
2020-06-08 02:00:15,-0.047979,-0.047979
2020-06-08 02:00:45,-0.064156,-0.064156
2020-06-08 03:00:15,0.063411,0.063411
2020-06-08 03:00:45,,0.1294973175
2020-06-08 04:00:15,0.39381,0.39381
2020-06-08 04:00:45,-0.029219,-0.029219
2020-06-08 05:00:15,0.06264,0.06264
2020-06-08 05:00:45,-0.66974,-0.66974
2020-06-08 06:00:15,-0.74827,-0.74827
2020-06-08 06:00:45,-0.52244,-0.52244
2020-06-08 07:00:15,-0.64866,-0.64866
2020-06-08 07:00:45,-0.82206,-0.82206
2020-06-08 08:00:15,-0.76869,-0.76869
2020-06-08 08:00:45,-0.46975,-0.46975
2020-06-08 09:00:15,-0.8407,-0.8407
2020-06-08 09:00:45,-0.75457,-0.75457
2020-06-08 10:00:15,-0.33927,-0.33927
2020-06-08 10:00:45,-0.85269,-0.85269
2020-06-08 11:00:15,-1.3994,-1.3994
2020-06-08 11:00:45,-0.97605,-0.97605
2020-06-08 12:00:15,-1.2267,-1.2267
2020-06-08 12:00:45,-1.5767,-1.5767
2020-06-08 13:00:15,-1.9739,-1.9739
2020-06-08 13:00:45,-0.60538,-0.60538
2020-06-08 14:00:15,-0.65568,-0.65568
2020-06-08 14:00:45,,-0.24091627000000002
2020-06-08 15:00:15,,-0.28556549000000003
2020-06-08 15:00:45,,-0.12930842
2020-06-08 16:00:15,,-0.20680190500000006
2020-06-08 16:00:45,,-0.27897751249999997
2020-06-08 17:00:15,,-0.301699755
2020-06-08 17:00:45,,-0.217397915
2020-06-08 18:00:15,,-0.2916570249999999
2020-06-08 18:00:45,,-0.27898687749999995
2020-06-08 19:00:15,,-0.25593749750000006
2020-06-08 19:00:45,,-0.2846081525
2020-06-08 20:00:15,,-0.25848912499999993
2020-06-08 20:00:45,,-0.1297383975
2020-06-08 21:00:15,,-0.0808097125
2020-06-08 21:00:45,,-0.05482765999999999
2020-06-08 22:00:15,,0.11370567749999999
2020-06-08 22:00:45,,0.1551008925
2020-06-08 23:00:15,,0.18746487500000003
2020-06-08 23:00:45,,0.3427053925
2020-06-09 00:00:15,0.28702,0.28702
2020-06-09 00:00:45,0.062333,0.062333
2020-06-09 01:00:15,-0.11614,-0.11614
2020-06-09 01:00:45,-0.12402,-0.12402
2020-06-09 02:00:15,,-0.003692057499999994
2020-06-09 02:00:45,,0.014154407500000002
2020-06-09 03:00:15,,0.018763785
2020-06-09 03:00:45,,0.006755402500000003
2020-06-09 04:00:15,,-0.010426485000000001
2020-06-09 04:00:45,,0.14232045749999997
2020-06-09 05:00:15,0.069292,0.069292
2020-06-09 05:00:45,0.13266,0.13266
2020-06-09 06:00:15,0.18693,0.18693
2020-06-09 06:00:45,0.10896,0.10896
2020-06-09 07:00:15,0.13374,0.13374
2020-06-09 07:00:45,-0.049973,-0.049973
2020-06-09 08:00:15,0.13182,0.13182
2020-06-09 08:00:45,0.18457,0.18457
2020-06-09 09:00:15,0.16555,0.16555
2020-06-09 09:00:45,0.49886,0.49886
2020-06-09 10:00:15,0.53729,0.53729
2020-06-09 10:00:45,0.43912,0.43912
2020-06-09 11:00:15,0.52466,0.52466
2020-06-09 11:00:45,0.41837,0.41837
2020-06-09 12:00:15,-0.25245,-0.25245
2020-06-09 12:00:45,-0.94941,-0.94941
2020-06-09 13:00:15,-1.4423,-1.4423
2020-06-09 13:00:45,-0.5658,-0.5658
2020-06-09 14:00:15,-0.28862,-0.28862
2020-06-09 14:00:45,-0.096499,-0.096499
2020-06-09 15:00:15,-0.3592,-0.3592
2020-06-09 15:00:45,-0.21687,-0.21687
2020-06-09 16:00:15,-0.045329,-0.045329
2020-06-09 16:00:45,-0.34475,-0.34475
2020-06-09 17:00:15,-0.035765,-0.035765
2020-06-09 17:00:45,-0.27461,-0.27461
2020-06-09 18:00:15,-0.32429,-0.32429
2020-06-09 18:00:45,-0.41248,-0.41248
2020-06-09 19:00:15,-0.16778,-0.16778
2020-06-09 19:00:45,-0.058289,-0.058289
2020-06-09 20:00:15,-0.061267,-0.061267
2020-06-09 20:00:45,0.08242,0.08242
2020-06-09 21:00:15,0.081969,0.081969
2020-06-09 21:00:45,-0.12413,-0.12413
2020-06-09 22:00:15,,-0.0180597375
2020-06-09 22:00:45,0.02863,0.02863
2020-06-09 23:00:15,-0.037571,-0.037571
2020-06-09 23:00:45,-0.074216,-0.074216
2020-06-10 00:00:15,-0.089966,-0.089966
2020-06-10 00:00:45,-0.11533,-0.11533
2020-06-10 01:00:15,0.2542,0.2542
2020-06-10 01:00:45,0.99664,0.99664
2020-06-10 02:00:15,-0.13872,-0.13872
2020-06-10 02:00:45,,0.040049652500000005
2020-06-10 03:00:15,-0.057357,-0.057357
2020-06-10 03:00:45,,0.1359602775
2020-06-10 04:00:15,0.24255,0.24255
2020-06-10 04:00:45,0.23744,0.23744
2020-06-10 05:00:15,-0.019407,-0.019407
2020-06-10 05:00:45,-0.70234,-0.70234
2020-06-10 06:00:15,-0.19174,-0.19174
2020-06-10 06:00:45,-1.7538,-1.7538
2020-06-10 07:00:15,-0.81201,-0.81201
2020-06-10 07:00:45,-0.44517,-0.44517
2020-06-10 08:00:15,-0.17032,-0.17032
2020-06-10 08:00:45,0.29008,0.29008
2020-06-10 09:00:15,0.22919,0.22919
2020-06-10 09:00:45,0.35451,0.35451
2020-06-10 10:00:15,-0.10523,-0.10523
2020-06-10 10:00:45,-0.47578,-0.47578
2020-06-10 11:00:15,-0.72285,-0.72285
2020-06-10 11:00:45,-1.1784,-1.1784
2020-06-10 12:00:15,0.010519,0.010519
2020-06-10 12:00:45,-0.22273,-0.22273
2020-06-10 13:00:15,0.95023,0.95023
2020-06-10 13:00:45,-0.68804,-0.68804
2020-06-10 14:00:15,-0.05015,-0.05015
2020-06-10 14:00:45,-1.0505,-1.0505
2020-06-10 15:00:15,-1.1436,-1.1436
2020-06-10 15:00:45,-0.81267,-0.81267
2020-06-10 16:00:15,-0.83475,-0.83475
2020-06-10 16:00:45,-1.0842,-1.0842
2020-06-10 17:00:15,-0.99943,-0.99943
2020-06-10 17:00:45,-0.80388,-0.80388
2020-06-10 18:00:15,-0.53323,-0.53323
2020-06-10 18:00:45,-0.36283,-0.36283
2020-06-10 19:00:15,,-0.13536956749999995
2020-06-10 19:00:45,,-0.035611779999999996
2020-06-10 20:00:15,-0.13415,-0.13415
2020-06-10 20:00:45,-0.14334,-0.14334
2020-06-10 21:00:15,0.035638,0.035638
2020-06-10 21:00:45,0.21632,0.21632
2020-06-10 22:00:15,0.24127,0.24127
2020-06-10 22:00:45,0.48455,0.48455
2020-06-10 23:00:15,-0.05759,-0.05759
2020-06-10 23:00:45,-0.092307,-0.092307
2020-06-11 00:00:15,-0.019355,-0.019355
2020-06-11 00:00:45,0.16737,0.16737
2020-06-11 01:00:15,-0.10206,-0.10206
2020-06-11 01:00:45,0.063077,0.063077
2020-06-11 02:00:15,,0.027488159999999998
2020-06-11 02:00:45,-0.091736,-0.091736
2020-06-11 03:00:15,0.14112,0.14112
2020-06-11 03:00:45,-0.16737,-0.16737
2020-06-11 04:00:15,-0.11083,-0.11083
2020-06-11 04:00:45,,0.201394685
2020-06-11 05:00:15,-0.1791,-0.1791
2020-06-11 05:00:45,-0.28317,-0.28317
2020-06-11 06:00:15,-1.1342,-1.1342
2020-06-11 06:00:45,-0.98742,-0.98742
2020-06-11 07:00:15,-1.053,-1.053
2020-06-11 07:00:45,0.43746,0.43746
2020-06-11 08:00:15,2.2765,2.2765
2020-06-11 08:00:45,-0.39096,-0.39096
2020-06-11 09:00:15,-0.56053,-0.56053
2020-06-11 09:00:45,-0.79332,-0.79332
2020-06-11 10:00:15,-0.50114,-0.50114
2020-06-11 10:00:45,-1.0681,-1.0681
2020-06-11 11:00:15,-0.47321,-0.47321
2020-06-11 11:00:45,-0.1138,-0.1138
2020-06-11 12:00:15,-0.49931,-0.49931
2020-06-11 12:00:45,-0.006802,-0.006802
2020-06-11 13:00:15,-0.37513,-0.37513
2020-06-11 13:00:45,-0.45413,-0.45413
2020-06-11 14:00:15,1.2506,1.2506
2020-06-11 14:00:45,0.084362,0.084362
2020-06-11 15:00:15,-0.4426,-0.4426
2020-06-11 15:00:45,-0.42712,-0.42712
2020-06-11 16:00:15,-0.55705,-0.55705
2020-06-11 16:00:45,0.3445,0.3445
2020-06-11 17:00:15,1.1597,1.1597
2020-06-11 17:00:45,0.70234,0.70234
2020-06-11 18:00:15,0.11289,0.11289
2020-06-11 18:00:45,0.48106,0.48106
2020-06-11 19:00:15,0.5229,0.5229
2020-06-11 19:00:45,0.52641,0.52641
2020-06-11 20:00:15,0.71226,0.71226
2020-06-11 20:00:45,1.0859,1.0859
2020-06-11 21:00:15,0.91167,0.91167
2020-06-11 21:00:45,0.58239,0.58239
2020-06-11 22:00:15,0.55098,0.55098
2020-06-11 22:00:45,0.74596,0.74596
2020-06-11 23:00:15,0.64568,0.64568
2020-06-11 23:00:45,0.33499,0.33499
2020-06-12 00:00:15,0.40892,0.40892
2020-06-12 00:00:45,0.37415,0.37415
2020-06-12 01:00:15,0.31748,0.31748
2020-06-12 01:00:45,0.34036,0.34036
2020-06-12 02:00:15,0.39529,0.39529
2020-06-12 02:00:45,0.35178,0.35178
2020-06-12 03:00:15,0.30443,0.30443
2020-06-12 03:00:45,0.11521,0.11521
2020-06-12 04:00:15,0.21405,0.21405
2020-06-12 04:00:45,0.072832,0.072832
2020-06-12 05:00:15,-0.029437,-0.029437
2020-06-12 05:00:45,-1.1343,-1.1343
2020-06-12 06:00:15,-0.72517,-0.72517
2020-06-12 06:00:45,-0.73763,-0.73763
2020-06-12 07:00:15,-1.3015,-1.3015
2020-06-12 07:00:45,-0.97604,-0.97604
2020-06-12 08:00:15,-0.86475,-0.86475
2020-06-12 08:00:45,-0.91516,-0.91516
2020-06-12 09:00:15,-0.85414,-0.85414
2020-06-12 09:00:45,-0.95088,-0.95088
2020-06-12 10:00:15,-1.2264,-1.2264
2020-06-12 10:00:45,-0.90586,-0.90586
2020-06-12 11:00:15,-1.1962,-1.1962
2020-06-12 11:00:45,-1.0455,-1.0455
2020-06-12 12:00:15,-1.1013,-1.1013
2020-06-12 12:00:45,-1.0928,-1.0928
2020-06-12 13:00:15,-0.31929,-0.31929
2020-06-12 13:00:45,-0.80707,-0.80707
2020-06-12 14:00:15,-0.79556,-0.79556
2020-06-12 14:00:45,-1.2641,-1.2641
2020-06-12 15:00:15,-0.72369,-0.72369
2020-06-12 15:00:45,-0.98502,-0.98502
2020-06-12 16:00:15,-0.47058,-0.47058
2020-06-12 16:00:45,1.4974,1.4974
2020-06-12 17:00:15,0.19609,0.19609
2020-06-12 17:00:45,0.068194,0.068194
2020-06-12 18:00:15,-0.96005,-0.96005
2020-06-12 18:00:45,-0.44353,-0.44353
2020-06-12 19:00:15,-0.10588,-0.10588
2020-06-12 19:00:45,0.091086,0.091086
2020-06-12 20:00:15,-0.03313,-0.03313
2020-06-12 20:00:45,0.071972,0.071972
2020-06-12 21:00:15,-0.039316,-0.039316
2020-06-12 21:00:45,0.61996,0.61996
2020-06-12 22:00:15,0.085158,0.085158
2020-06-12 22:00:45,,0.14636762250000007
2020-06-12 23:00:15,0.041378,0.041378
2020-06-12 23:00:45,0.029819,0.029819
2020-06-13 00:00:15,0.63752,0.63752
2020-06-13 00:00:45,0.52515,0.52515
2020-06-13 01:00:15,0.67549,0.67549
2020-06-13 01:00:45,0.55076,0.55076
2020-06-13 02:00:15,0.16066,0.16066
2020-06-13 02:00:45,0.16955,0.16955
2020-06-13 03:00:15,0.22431,0.22431
2020-06-13 03:00:45,0.26036,0.26036
2020-06-13 04:00:15,0.1476,0.1476
2020-06-13 04:00:45,0.44956,0.44956
2020-06-13 05:00:15,-0.10515,-0.10515
2020-06-13 05:00:45,-0.8871,-0.8871
2020-06-13 06:00:15,-0.94512,-0.94512
2020-06-13 06:00:45,-0.78795,-0.78795
2020-06-13 07:00:15,-0.84179,-0.84179
2020-06-13 07:00:45,-1.1638,-1.1638
2020-06-13 08:00:15,-0.96029,-0.96029
2020-06-13 08:00:45,-0.52954,-0.52954
2020-06-13 09:00:15,-0.69451,-0.69451
2020-06-13 09:00:45,-0.86318,-0.86318
2020-06-13 10:00:15,-0.78308,-0.78308
2020-06-13 10:00:45,-0.80569,-0.80569
2020-06-13 11:00:15,-0.70048,-0.70048
2020-06-13 11:00:45,-0.71933,-0.71933
2020-06-13 12:00:15,-0.49693,-0.49693
2020-06-13 12:00:45,-0.96279,-0.96279
2020-06-13 13:00:15,-0.84897,-0.84897
2020-06-13 13:00:45,-0.82033,-0.82033
2020-06-13 14:00:15,-0.62158,-0.62158
2020-06-13 14:00:45,-0.19176,-0.19176
2020-06-13 15:00:15,0.17173,0.17173
2020-06-13 15:00:45,0.1562,0.1562
2020-06-13 16:00:15,0.15615,0.15615
2020-06-13 16:00:45,0.093285,0.093285
2020-06-13 17:00:15,0.18188,0.18188
2020-06-13 17:00:45,1.0106,1.0106
2020-06-13 18:00:15,1.9047,1.9047
2020-06-13 18:00:45,,0.6278562124999998
2020-06-13 19:00:15,,0.7957502099999998
2020-06-13 19:00:45,,1.052631935
2020-06-13 20:00:15,,0.8570985174999999
2020-06-13 20:00:45,,1.0286583399999998
2020-06-13 21:00:15,,0.9176108824999998
2020-06-13 21:00:45,1.0529,1.0529
2020-06-13 22:00:15,0.86866,0.86866
2020-06-13 22:00:45,1.9487,1.9487
2020-06-13 23:00:15,0.57829,0.57829
2020-06-13 23:00:45,0.48402,0.48402
2020-06-14 00:00:15,0.43388,0.43388
2020-06-14 00:00:45,0.20883,0.20883
2020-06-14 01:00:15,0.10923,0.10923
2020-06-14 01:00:45,0.32007,0.32007
2020-06-14 02:00:15,0.24196,0.24196
2020-06-14 02:00:45,0.10149,0.10149
2020-06-14 03:00:15,0.078605,0.078605
2020-06-14 03:00:45,,0.29823655000000004
2020-06-14 04:00:15,,0.27277635499999997
2020-06-14 04:00:45,0.001613,0.001613
2020-06-14 05:00:15,-0.35823,-0.35823
2020-06-14 05:00:45,-0.4939,-0.4939
2020-06-14 06:00:15,-2.4585,-2.4585
2020-06-14 06:00:45,,-0.928342065
2020-06-14 07:00:15,-0.40407,-0.40407
2020-06-14 07:00:45,-0.50181,-0.50181
2020-06-14 08:00:15,-0.70668,-0.70668
2020-06-14 08:00:45,-0.37756,-0.37756
2020-06-14 09:00:15,-0.32363,-0.32363
2020-06-14 09:00:45,-0.6277,-0.6277
2020-06-14 10:00:15,-0.32616,-0.32616
2020-06-14 10:00:45,-0.88876,-0.88876
2020-06-14 11:00:15,-0.95426,-0.95426
2020-06-14 11:00:45,-0.90402,-0.90402
2020-06-14 12:00:15,-0.67073,-0.67073
2020-06-14 12:00:45,-1.1974,-1.1974
2020-06-14 13:00:15,-0.84484,-0.84484
2020-06-14 13:00:45,-0.82278,-0.82278
2020-06-14 14:00:15,-0.61852,-0.61852
2020-06-14 14:00:45,,0.05084892499999999
2020-06-14 15:00:15,-0.069539,-0.069539
2020-06-14 15:00:45,-0.70107,-0.70107
2020-06-14 16:00:15,-0.59743,-0.59743
2020-06-14 16:00:45,-0.47177,-0.47177
2020-06-14 17:00:15,-0.48311,-0.48311
2020-06-14 17:00:45,0.055666,0.055666
2020-06-14 18:00:15,-0.13182,-0.13182
2020-06-14 18:00:45,-0.012619,-0.012619
2020-06-14 19:00:15,0.14864,0.14864
2020-06-14 19:00:45,0.21217,0.21217
2020-06-14 20:00:15,0.45314,0.45314
2020-06-14 20:00:45,0.68241,0.68241
2020-06-14 21:00:15,0.46877,0.46877
2020-06-14 21:00:45,0.36434,0.36434
2020-06-14 22:00:15,0.17188,0.17188
2020-06-14 22:00:45,0.12993,0.12993
2020-06-14 23:00:15,0.26153,0.26153
2020-06-14 23:00:45,0.29321,0.29321
2020-06-15 00:00:15,0.17943,0.17943
2020-06-15 00:00:45,0.38141,0.38141
2020-06-15 01:00:15,0.24452,0.24452
2020-06-15 01:00:45,0.51922,0.51922
2020-06-15 02:00:15,0.042964,0.042964
2020-06-15 02:00:45,0.11975,0.11975
2020-06-15 03:00:15,0.065463,0.065463
2020-06-15 03:00:45,0.060086,0.060086
2020-06-15 04:00:15,-0.088647,-0.088647
2020-06-15 04:00:45,0.12403,0.12403
2020-06-15 05:00:15,0.13151,0.13151
2020-06-15 05:00:45,-0.23054,-0.23054
2020-06-15 06:00:15,-0.45906,-0.45906
2020-06-15 06:00:45,-0.60805,-0.60805
2020-06-15 07:00:15,-0.67745,-0.67745
2020-06-15 07:00:45,-0.80433,-0.80433
2020-06-15 08:00:15,-0.77159,-0.77159
2020-06-15 08:00:45,-1.0684,-1.0684
2020-06-15 09:00:15,-0.40337,-0.40337
2020-06-15 09:00:45,-0.65044,-0.65044
2020-06-15 10:00:15,-1.027,-1.027
2020-06-15 10:00:45,-0.62575,-0.62575
2020-06-15 11:00:15,-0.79974,-0.79974
2020-06-15 11:00:45,-0.85062,-0.85062
2020-06-15 12:00:15,-0.39505,-0.39505
2020-06-15 12:00:45,-0.8539,-0.8539
2020-06-15 13:00:15,-0.7946,-0.7946
2020-06-15 13:00:45,-0.39984,-0.39984
2020-06-15 14:00:15,-0.37805,-0.37805
2020-06-15 14:00:45,-0.49493,-0.49493
2020-06-15 15:00:15,-0.46641,-0.46641
2020-06-15 15:00:45,-0.36618,-0.36618
2020-06-15 16:00:15,-0.024771,-0.024771
2020-06-15 16:00:45,,0.5458986449999998
2020-06-15 17:00:15,1.5014,1.5014
2020-06-15 17:00:45,0.075716,0.075716
2020-06-15 18:00:15,-0.010572,-0.010572
2020-06-15 18:00:45,-0.23869,-0.23869
2020-06-15 19:00:15,0.15564,0.15564
2020-06-15 19:00:45,0.22767,0.22767
2020-06-15 20:00:15,0.048329,0.048329
2020-06-15 20:00:45,0.041127,0.041127
2020-06-15 21:00:15,-0.000804,-0.000804
2020-06-15 21:00:45,0.15268,0.15268
2020-06-15 22:00:15,0.19583,0.19583
2020-06-15 22:00:45,0.092103,0.092103
2020-06-15 23:00:15,0.32103,0.32103
2020-06-15 23:00:45,0.061121,0.061121
2020-06-16 00:00:15,-0.074777,-0.074777
2020-06-16 00:00:45,-0.042996,-0.042996
2020-06-16 01:00:15,,0.09183703749999998
2020-06-16 01:00:45,0.014104,0.014104
2020-06-16 02:00:15,0.15346,0.15346
2020-06-16 02:00:45,0.058436,0.058436
2020-06-16 03:00:15,0.18096,0.18096
2020-06-16 03:00:45,0.052521,0.052521
2020-06-16 04:00:15,-0.007055,-0.007055
2020-06-16 04:00:45,,0.15530586999999996
2020-06-16 05:00:15,-0.42886,-0.42886
2020-06-16 05:00:45,-0.35094,-0.35094
2020-06-16 06:00:15,-0.49248,-0.49248
2020-06-16 06:00:45,-0.82752,-0.82752
2020-06-16 07:00:15,-0.51985,-0.51985
2020-06-16 07:00:45,-0.81616,-0.81616
2020-06-16 08:00:15,-1.0482,-1.0482
2020-06-16 08:00:45,-0.95777,-0.95777
2020-06-16 09:00:15,-0.91855,-0.91855
2020-06-16 09:00:45,-1.2386,-1.2386
2020-06-16 10:00:15,-0.82264,-0.82264
2020-06-16 10:00:45,-0.66117,-0.66117
2020-06-16 11:00:15,-0.91221,-0.91221
2020-06-16 11:00:45,-1.2371,-1.2371
2020-06-16 12:00:15,-0.94339,-0.94339
2020-06-16 12:00:45,-0.79991,-0.79991
2020-06-16 13:00:15,-1.6846,-1.6846
2020-06-16 13:00:45,-0.99681,-0.99681
2020-06-16 14:00:15,0.61721,0.61721
2020-06-16 14:00:45,-0.21132,-0.21132
2020-06-16 15:00:15,-0.74586,-0.74586
2020-06-16 15:00:45,,0.062213755000000016
2020-06-16 16:00:15,1.5193,1.5193
2020-06-16 16:00:45,-0.11906,-0.11906
2020-06-16 17:00:15,-0.64518,-0.64518
2020-06-16 17:00:45,-0.28414,-0.28414
2020-06-16 18:00:15,-0.71213,-0.71213
2020-06-16 18:00:45,0.19673,0.19673
2020-06-16 19:00:15,0.030536,0.030536
2020-06-16 19:00:45,0.03774,0.03774
2020-06-16 20:00:15,-0.00434,-0.00434
2020-06-16 20:00:45,0.087044,0.087044
2020-06-16 21:00:15,0.54747,0.54747
2020-06-16 21:00:45,0.003559,0.003559
2020-06-16 22:00:15,0.088269,0.088269
2020-06-16 22:00:45,0.008434,0.008434
2020-06-16 23:00:15,0.1319,0.1319
2020-06-16 23:00:45,-0.004129,-0.004129
2020-06-17 00:00:15,0.19057,0.19057
2020-06-17 00:00:45,0.1264,0.1264
2020-06-17 01:00:15,-0.056118,-0.056118
2020-06-17 01:00:45,-0.010089,-0.010089
2020-06-17 02:00:15,-0.031931,-0.031931
2020-06-17 02:00:45,0.01596,0.01596
2020-06-17 03:00:15,-0.12946,-0.12946
2020-06-17 03:00:45,-0.12709,-0.12709
2020-06-17 04:00:15,-0.057335,-0.057335
2020-06-17 04:00:45,-0.060664,-0.060664
2020-06-17 05:00:15,-0.17152,-0.17152
2020-06-17 05:00:45,-0.53226,-0.53226
2020-06-17 06:00:15,-0.77075,-0.77075
2020-06-17 06:00:45,-0.58607,-0.58607
2020-06-17 07:00:15,-0.65144,-0.65144
2020-06-17 07:00:45,-0.40148,-0.40148
2020-06-17 08:00:15,-0.34492,-0.34492
2020-06-17 08:00:45,-0.57351,-0.57351
2020-06-17 09:00:15,-0.84543,-0.84543
2020-06-17 09:00:45,-0.31304,-0.31304
2020-06-17 10:00:15,-0.10764,-0.10764
2020-06-17 10:00:45,-0.60316,-0.60316
2020-06-17 11:00:15,-0.69947,-0.69947
2020-06-17 11:00:45,-0.51263,-0.51263
2020-06-17 12:00:15,-0.28947,-0.28947
2020-06-17 12:00:45,0.14689,0.14689
2020-06-17 13:00:15,0.26317,0.26317
2020-06-17 13:00:45,-0.19824,-0.19824
2020-06-17 14:00:15,-0.69233,-0.69233
2020-06-17 14:00:45,0.008948,0.008948
2020-06-17 15:00:15,-0.010131,-0.010131
2020-06-17 15:00:45,-0.15351,-0.15351
2020-06-17 16:00:15,0.001963,0.001963
2020-06-17 16:00:45,-0.33372,-0.33372
2020-06-17 17:00:15,-0.35396,-0.35396
2020-06-17 17:00:45,-0.46477,-0.46477
2020-06-17 18:00:15,-0.26497,-0.26497
2020-06-17 18:00:45,-0.57353,-0.57353
2020-06-17 19:00:15,-0.44863,-0.44863
2020-06-17 19:00:45,-0.12287,-0.12287
2020-06-17 20:00:15,,-0.043162400000000004
2020-06-17 20:00:45,-0.04768,-0.04768
2020-06-17 21:00:15,0.031646,0.031646
2020-06-17 21:00:45,0.56183,0.56183
2020-06-17 22:00:15,0.10575,0.10575
2020-06-17 22:00:45,0.036766,0.036766
2020-06-17 23:00:15,-0.16082,-0.16082
2020-06-17 23:00:45,-0.18781,-0.18781
2020-06-18 00:00:15,,0.027901460000000003
2020-06-18 00:00:45,,-0.034649860000000005
2020-06-18 01:00:15,0.10719,0.10719
2020-06-18 01:00:45,-0.035211,-0.035211
2020-06-18 02:00:15,,-0.05293924500000002
2020-06-18 02:00:45,-0.049496,-0.049496
2020-06-18 03:00:15,0.019506,0.019506
2020-06-18 03:00:45,-0.009449,-0.009449
2020-06-18 04:00:15,-0.056236,-0.056236
2020-06-18 04:00:45,-0.17381,-0.17381
2020-06-18 05:00:15,-0.22073,-0.22073
2020-06-18 05:00:45,-0.13327,-0.13327
2020-06-18 06:00:15,-0.32955,-0.32955
2020-06-18 06:00:45,-0.39901,-0.39901
2020-06-18 07:00:15,-0.51298,-0.51298
2020-06-18 07:00:45,-0.57157,-0.57157
2020-06-18 08:00:15,-0.46951,-0.46951
2020-06-18 08:00:45,-0.80843,-0.80843
2020-06-18 09:00:15,-0.37082,-0.37082
2020-06-18 09:00:45,-0.28447,-0.28447
2020-06-18 10:00:15,0.26505,0.26505
2020-06-18 10:00:45,-0.33672,-0.33672
2020-06-18 11:00:15,,-0.6470446925000001
2020-06-18 11:00:45,-1.1125,-1.1125
2020-06-18 12:00:15,0.22428,0.22428
2020-06-18 12:00:45,-0.98358,-0.98358
2020-06-18 13:00:15,,-0.33829479250000005
2020-06-18 13:00:45,-0.77306,-0.77306
2020-06-18 14:00:15,-0.80804,-0.80804
2020-06-18 14:00:45,0.033533,0.033533
2020-06-18 15:00:15,-1.2533,-1.2533
2020-06-18 15:00:45,-1.0046,-1.0046
2020-06-18 16:00:15,-0.76828,-0.76828
2020-06-18 16:00:45,-0.75553,-0.75553
2020-06-18 17:00:15,-0.61425,-0.61425
2020-06-18 17:00:45,-0.74258,-0.74258
2020-06-18 18:00:15,-0.5171,-0.5171
2020-06-18 18:00:45,-0.37493,-0.37493
2020-06-18 19:00:15,-0.091984,-0.091984
2020-06-18 19:00:45,-0.13239,-0.13239
2020-06-18 20:00:15,-0.13985,-0.13985
2020-06-18 20:00:45,-0.009232,-0.009232
2020-06-18 21:00:15,-0.097489,-0.097489
2020-06-18 21:00:45,-0.08205,-0.08205
2020-06-18 22:00:15,-0.13656,-0.13656
2020-06-18 22:00:45,-0.14014,-0.14014
2020-06-18 23:00:15,,-0.07707610999999999
2020-06-18 23:00:45,-0.097296,-0.097296
2020-06-19 00:00:15,-0.15923,-0.15923
2020-06-19 00:00:45,0.048978,0.048978
2020-06-19 01:00:15,-0.089412,-0.089412
2020-06-19 01:00:45,-0.07756,-0.07756
2020-06-19 02:00:15,,0.12007240750000002
2020-06-19 02:00:45,-0.12588,-0.12588
2020-06-19 03:00:15,-0.036695,-0.036695
2020-06-19 03:00:45,-0.026962,-0.026962
2020-06-19 04:00:15,0.007306,0.007306
2020-06-19 04:00:45,-0.060513,-0.060513
2020-06-19 05:00:15,-0.033087,-0.033087
2020-06-19 05:00:45,-0.23684,-0.23684
2020-06-19 06:00:15,-0.58082,-0.58082
2020-06-19 06:00:45,-0.44607,-0.44607
2020-06-19 07:00:15,-0.070507,-0.070507
2020-06-19 07:00:45,-1.3292,-1.3292
2020-06-19 08:00:15,-0.092306,-0.092306
2020-06-19 08:00:45,0.52091,0.52091
2020-06-19 09:00:15,0.26539,0.26539
2020-06-19 09:00:45,-0.14517,-0.14517
2020-06-19 10:00:15,-0.10482,-0.10482
2020-06-19 10:00:45,-0.75142,-0.75142
2020-06-19 11:00:15,-0.34648,-0.34648
2020-06-19 11:00:45,-0.33189,-0.33189
2020-06-19 12:00:15,-1.1865,-1.1865
2020-06-19 12:00:45,0.11455,0.11455
2020-06-19 13:00:15,-0.59383,-0.59383
2020-06-19 13:00:45,-0.66742,-0.66742
2020-06-19 14:00:15,-0.84038,-0.84038
2020-06-19 14:00:45,-0.47425,-0.47425
2020-06-19 15:00:15,-0.78659,-0.78659
2020-06-19 15:00:45,-0.70848,-0.70848
2020-06-19 16:00:15,-0.8024,-0.8024
2020-06-19 16:00:45,-0.69991,-0.69991
2020-06-19 17:00:15,-0.52446,-0.52446
2020-06-19 17:00:45,-0.62126,-0.62126
2020-06-19 18:00:15,-0.50986,-0.50986
2020-06-19 18:00:45,-0.42817,-0.42817
2020-06-19 19:00:15,-0.18263,-0.18263
2020-06-19 19:00:45,-0.19711,-0.19711
2020-06-19 20:00:15,,0.02308408500000001
2020-06-19 20:00:45,,0.020692322500000013
2020-06-19 21:00:15,,0.008805022499999999
2020-06-19 21:00:45,-0.038374,-0.038374
2020-06-19 22:00:15,0.10302,0.10302
2020-06-19 22:00:45,0.090352,0.090352
2020-06-19 23:00:15,-0.19922,-0.19922
2020-06-19 23:00:45,-0.020631,-0.020631
2020-06-20 00:00:15,,0.009429212499999999
2020-06-20 00:00:45,-0.13484,-0.13484
2020-06-20 01:00:15,0.99886,0.99886
2020-06-20 01:00:45,-0.031875,-0.031875
2020-06-20 02:00:15,1.2202,1.2202
2020-06-20 02:00:45,0.041655,0.041655
2020-06-20 03:00:15,-0.045949,-0.045949
2020-06-20 03:00:45,0.000418,0.000418
2020-06-20 04:00:15,0.033066,0.033066
2020-06-20 04:00:45,0.75062,0.75062
2020-06-20 05:00:15,-0.032897,-0.032897
2020-06-20 05:00:45,,-0.55865186
2020-06-20 06:00:15,-0.73653,-0.73653
2020-06-20 06:00:45,0.095349,0.095349
2020-06-20 07:00:15,0.01222,0.01222
2020-06-20 07:00:45,0.018642,0.018642
2020-06-20 08:00:15,-0.75699,-0.75699
2020-06-20 08:00:45,-1.9067,-1.9067
2020-06-20 09:00:15,-1.5972,-1.5972
2020-06-20 09:00:45,-0.19409,-0.19409
2020-06-20 10:00:15,-0.34776,-0.34776
2020-06-20 10:00:45,1.2359,1.2359
2020-06-20 11:00:15,-0.054402,-0.054402
2020-06-20 11:00:45,0.72927,0.72927
2020-06-20 12:00:15,-0.2549,-0.2549
2020-06-20 12:00:45,-0.87957,-0.87957
2020-06-20 13:00:15,0.42842,0.42842
2020-06-20 13:00:45,-0.65606,-0.65606
2020-06-20 14:00:15,-0.98723,-0.98723
2020-06-20 14:00:45,-0.9729,-0.9729
2020-06-20 15:00:15,-1.1631,-1.1631
2020-06-20 15:00:45,-0.91327,-0.91327
2020-06-20 16:00:15,-0.57637,-0.57637
2020-06-20 16:00:45,-0.73428,-0.73428
2020-06-20 17:00:15,-0.72631,-0.72631
2020-06-20 17:00:45,-0.71798,-0.71798
2020-06-20 18:00:15,-0.31699,-0.31699
2020-06-20 18:00:45,-0.50009,-0.50009
2020-06-20 19:00:15,-0.13585,-0.13585
2020-06-20 19:00:45,-0.098346,-0.098346
2020-06-20 20:00:15,,-0.07354023
2020-06-20 20:00:45,-0.11051,-0.11051
2020-06-20 21:00:15,-0.18754,-0.18754
2020-06-20 21:00:45,-0.14824,-0.14824
2020-06-20 22:00:15,-0.017887,-0.017887
2020-06-20 22:00:45,0.06123,0.06123
2020-06-20 23:00:15,-0.14742,-0.14742
2020-06-20 23:00:45,-0.002341,-0.002341
2020-06-21 00:00:15,-0.006702,-0.006702
2020-06-21 00:00:45,-0.13162,-0.13162
2020-06-21 01:00:15,,-0.017899864999999994
2020-06-21 01:00:45,-0.074896,-0.074896
2020-06-21 02:00:15,-0.028792,-0.028792
2020-06-21 02:00:45,-0.13476,-0.13476
2020-06-21 03:00:15,-0.13918,-0.13918
2020-06-21 03:00:45,-0.17822,-0.17822
2020-06-21 04:00:15,-0.14266,-0.14266
2020-06-21 04:00:45,-0.15065,-0.15065
2020-06-21 05:00:15,-0.20597,-0.20597
2020-06-21 05:00:45,-0.44747,-0.44747
2020-06-21 06:00:15,-0.45678,-0.45678
2020-06-21 06:00:45,-0.46855,-0.46855
2020-06-21 07:00:15,-0.4132,-0.4132
2020-06-21 07:00:45,0.31652,0.31652
2020-06-21 08:00:15,-0.31691,-0.31691
2020-06-21 08:00:45,-0.15883,-0.15883
2020-06-21 09:00:15,0.2489,0.2489
2020-06-21 09:00:45,-0.22721,-0.22721
2020-06-21 10:00:15,0.3604,0.3604
2020-06-21 10:00:45,0.5158,0.5158
2020-06-21 11:00:15,1.1875,1.1875
2020-06-21 11:00:45,-0.32595,-0.32595
2020-06-21 12:00:15,0.37291,0.37291
2020-06-21 12:00:45,-0.090772,-0.090772
2020-06-21 13:00:15,,0.20164269000000004
2020-06-21 13:00:45,0.16518,0.16518
2020-06-21 14:00:15,-0.19661,-0.19661
2020-06-21 14:00:45,-0.004353,-0.004353
2020-06-21 15:00:15,-0.58065,-0.58065
2020-06-21 15:00:45,-0.23666,-0.23666
2020-06-21 16:00:15,-0.42875,-0.42875
2020-06-21 16:00:45,-0.8195,-0.8195
2020-06-21 17:00:15,-0.35468,-0.35468
2020-06-21 17:00:45,-0.45644,-0.45644
2020-06-21 18:00:15,-0.32233,-0.32233
2020-06-21 18:00:45,-0.28899,-0.28899
2020-06-21 19:00:15,-0.079177,-0.079177
2020-06-21 19:00:45,0.046278,0.046278
2020-06-21 20:00:15,0.036897,0.036897
2020-06-21 20:00:45,-0.051264,-0.051264
2020-06-21 21:00:15,-0.044525,-0.044525
2020-06-21 21:00:45,-0.066091,-0.066091
2020-06-21 22:00:15,-0.1646,-0.1646
2020-06-21 22:00:45,0.17098,0.17098
2020-06-21 23:00:15,0.01078,0.01078
2020-06-21 23:00:45,-0.16996,-0.16996
2020-06-22 00:00:15,-0.094637,-0.094637
2020-06-22 00:00:45,-0.075326,-0.075326
2020-06-22 01:00:15,-0.040574,-0.040574
2020-06-22 01:00:45,-0.12675,-0.12675
2020-06-22 02:00:15,,-0.019554705000000006
2020-06-22 02:00:45,0.52474,0.52474
2020-06-22 03:00:15,,0.065069825
2020-06-22 03:00:45,0.049363,0.049363
2020-06-22 04:00:15,-0.040261,-0.040261
2020-06-22 04:00:45,,-0.024584289999999995
2020-06-22 05:00:15,0.065133,0.065133
2020-06-22 05:00:45,-0.41852,-0.41852
2020-06-22 06:00:15,-0.87873,-0.87873
2020-06-22 06:00:45,-0.2133,-0.2133
2020-06-22 07:00:15,-0.32892,-0.32892
2020-06-22 07:00:45,0.032784,0.032784
2020-06-22 08:00:15,-0.36638,-0.36638
2020-06-22 08:00:45,-0.92681,-0.92681
2020-06-22 09:00:15,-0.17502,-0.17502
2020-06-22 09:00:45,-0.94267,-0.94267
2020-06-22 10:00:15,,-0.7714427850000002
2020-06-22 10:00:45,0.57456,0.57456
2020-06-22 11:00:15,0.3383,0.3383
2020-06-22 11:00:45,0.33555,0.33555
2020-06-22 12:00:15,0.34516,0.34516
2020-06-22 12:00:45,0.84407,0.84407
2020-06-22 13:00:15,-1.942,-1.942
2020-06-22 13:00:45,1.1507,1.1507
2020-06-22 14:00:15,-1.3425,-1.3425
2020-06-22 14:00:45,-0.17443,-0.17443
2020-06-22 15:00:15,0.26807,0.26807
2020-06-22 15:00:45,-1.5457,-1.5457
2020-06-22 16:00:15,0.19186,0.19186
2020-06-22 16:00:45,0.41762,0.41762
2020-06-22 17:00:15,-0.13843,-0.13843
2020-06-22 17:00:45,-0.24904,-0.24904
2020-06-22 18:00:15,-0.23357,-0.23357
2020-06-22 18:00:45,-0.12095,-0.12095
2020-06-22 19:00:15,0.27023,0.27023
2020-06-22 19:00:45,0.058711,0.058711
2020-06-22 20:00:15,-0.01926,-0.01926
2020-06-22 20:00:45,-0.17453,-0.17453
2020-06-22 21:00:15,-0.060017,-0.060017
2020-06-22 21:00:45,-0.19757,-0.19757
2020-06-22 22:00:15,0.15037,0.15037
2020-06-22 22:00:45,0.01565,0.01565
2020-06-22 23:00:15,0.073045,0.073045
2020-06-22 23:00:45,1.2505,1.2505
2020-06-23 00:00:15,0.80575,0.80575
2020-06-23 00:00:45,1.4469,1.4469
2020-06-23 01:00:15,0.75619,0.75619
2020-06-23 01:00:45,0.74973,0.74973
2020-06-23 02:00:15,0.42088,0.42088
2020-06-23 02:00:45,0.50133,0.50133
2020-06-23 03:00:15,-0.11178,-0.11178
2020-06-23 03:00:45,0.02605,0.02605
2020-06-23 04:00:15,-0.16373,-0.16373
2020-06-23 04:00:45,-0.020647,-0.020647
2020-06-23 05:00:15,0.056311,0.056311
2020-06-23 05:00:45,-0.44918,-0.44918
2020-06-23 06:00:15,-0.53087,-0.53087
2020-06-23 06:00:45,-0.36422,-0.36422
2020-06-23 07:00:15,-0.40627,-0.40627
2020-06-23 07:00:45,-0.43934,-0.43934
2020-06-23 08:00:15,-0.69122,-0.69122
2020-06-23 08:00:45,-0.5869,-0.5869
2020-06-23 09:00:15,-0.99761,-0.99761
2020-06-23 09:00:45,-1.5067,-1.5067
2020-06-23 10:00:15,-0.90378,-0.90378
2020-06-23 10:00:45,-0.34457,-0.34457
2020-06-23 11:00:15,-1.0235,-1.0235
2020-06-23 11:00:45,-0.24437,-0.24437
2020-06-23 12:00:15,-0.5761,-0.5761
2020-06-23 12:00:45,-0.51235,-0.51235
2020-06-23 13:00:15,0.62019,0.62019
2020-06-23 13:00:45,-0.69181,-0.69181
2020-06-23 14:00:15,-0.28147,-0.28147
2020-06-23 14:00:45,0.26403,0.26403
2020-06-23 15:00:15,,0.24221297249999998
2020-06-23 15:00:45,,0.2952623100000001
2020-06-23 16:00:15,0.38191,0.38191
2020-06-23 16:00:45,-0.11573,-0.11573
2020-06-23 17:00:15,,-0.38666205249999996
2020-06-23 17:00:45,-0.44861,-0.44861
2020-06-23 18:00:15,-0.52405,-0.52405
2020-06-23 18:00:45,-0.30938,-0.30938
2020-06-23 19:00:15,-0.42526,-0.42526
2020-06-23 19:00:45,-0.049667,-0.049667
2020-06-23 20:00:15,0.48236,0.48236
2020-06-23 20:00:45,0.085583,0.085583
2020-06-23 21:00:15,-0.093376,-0.093376
2020-06-23 21:00:45,0.27787,0.27787
2020-06-23 22:00:15,0.034137,0.034137
2020-06-23 22:00:45,0.13587,0.13587
2020-06-23 23:00:15,-0.015008,-0.015008
2020-06-23 23:00:45,-0.04393,-0.04393
2020-06-24 00:00:15,0.060538,0.060538
2020-06-24 00:00:45,,0.21799978750000004
2020-06-24 01:00:15,-0.16926,-0.16926
2020-06-24 01:00:45,0.028605,0.028605
2020-06-24 02:00:15,0.67612,0.67612
2020-06-24 02:00:45,-0.12795,-0.12795
2020-06-24 03:00:15,-0.095212,-0.095212
2020-06-24 03:00:45,-0.15552,-0.15552
2020-06-24 04:00:15,0.035515,0.035515
2020-06-24 04:00:45,0.12591,0.12591
2020-06-24 05:00:15,0.062986,0.062986
2020-06-24 05:00:45,-0.49074,-0.49074
2020-06-24 06:00:15,-0.71365,-0.71365
2020-06-24 06:00:45,-1.4072,-1.4072
2020-06-24 07:00:15,-1.1147,-1.1147
2020-06-24 07:00:45,0.52855,0.52855
2020-06-24 08:00:15,1.3981,1.3981
2020-06-24 08:00:45,-0.95554,-0.95554
2020-06-24 09:00:15,-0.78505,-0.78505
2020-06-24 09:00:45,-0.86503,-0.86503
2020-06-24 10:00:15,-0.8241,-0.8241
2020-06-24 10:00:45,-1.0402,-1.0402
2020-06-24 11:00:15,-0.67088,-0.67088
2020-06-24 11:00:45,-0.91839,-0.91839
2020-06-24 12:00:15,-0.45465,-0.45465
2020-06-24 12:00:45,-0.20284,-0.20284
2020-06-24 13:00:15,,-0.12587948000000002
2020-06-24 13:00:45,-1.2593,-1.2593
2020-06-24 14:00:15,-0.38039,-0.38039
2020-06-24 14:00:45,-0.18619,-0.18619
2020-06-24 15:00:15,-0.32617,-0.32617
2020-06-24 15:00:45,-0.43234,-0.43234
2020-06-24 16:00:15,-0.42512,-0.42512
2020-06-24 16:00:45,-0.38408,-0.38408
2020-06-24 17:00:15,-0.33578,-0.33578
2020-06-24 17:00:45,-0.11982,-0.11982
2020-06-24 18:00:15,0.26327,0.26327
2020-06-24 18:00:45,0.22292,0.22292
2020-06-24 19:00:15,0.27955,0.27955
2020-06-24 19:00:45,-0.18361,-0.18361
2020-06-24 20:00:15,0.2874,0.2874
2020-06-24 20:00:45,0.44008,0.44008
2020-06-24 21:00:15,0.50392,0.50392
2020-06-24 21:00:45,0.35374,0.35374
2020-06-24 22:00:15,0.27635,0.27635
2020-06-24 22:00:45,0.23757,0.23757
2020-06-24 23:00:15,0.31833,0.31833
2020-06-24 23:00:45,0.27883,0.27883
2020-06-25 00:00:15,0.12348,0.12348
2020-06-25 00:00:45,0.048722,0.048722
2020-06-25 01:00:15,0.20815,0.20815
2020-06-25 01:00:45,0.24989,0.24989
2020-06-25 02:00:15,0.1919,0.1919
2020-06-25 02:00:45,0.14634,0.14634
2020-06-25 03:00:15,0.11835,0.11835
2020-06-25 03:00:45,0.7133,0.7133
2020-06-25 04:00:15,0.01623,0.01623
2020-06-25 04:00:45,0.049369,0.049369
2020-06-25 05:00:15,-0.0332,-0.0332
2020-06-25 05:00:45,-0.35323,-0.35323
2020-06-25 06:00:15,-0.48345,-0.48345
2020-06-25 06:00:45,-0.40218,-0.40218
2020-06-25 07:00:15,-0.14959,-0.14959
2020-06-25 07:00:45,-0.12908,-0.12908
2020-06-25 08:00:15,-0.25146,-0.25146
2020-06-25 08:00:45,-0.11834,-0.11834
2020-06-25 09:00:15,0.017108,0.017108
2020-06-25 09:00:45,-0.17796,-0.17796
2020-06-25 10:00:15,-0.80777,-0.80777
2020-06-25 10:00:45,-0.70133,-0.70133
2020-06-25 11:00:15,-0.55338,-0.55338
2020-06-25 11:00:45,-0.62476,-0.62476
2020-06-25 12:00:15,-0.77338,-0.77338
2020-06-25 12:00:45,-0.65431,-0.65431
2020-06-25 13:00:15,-0.76894,-0.76894
2020-06-25 13:00:45,-0.28691,-0.28691
2020-06-25 14:00:15,-1.1762,-1.1762
2020-06-25 14:00:45,-0.73127,-0.73127
2020-06-25 15:00:15,-0.12886,-0.12886
2020-06-25 15:00:45,-0.26733,-0.26733
2020-06-25 16:00:15,-0.1588,-0.1588
2020-06-25 16:00:45,-0.33197,-0.33197
2020-06-25 17:00:15,-0.56019,-0.56019
2020-06-25 17:00:45,-0.15203,-0.15203
2020-06-25 18:00:15,0.31115,0.31115
2020-06-25 18:00:45,0.16792,0.16792
2020-06-25 19:00:15,0.045884,0.045884
2020-06-25 19:00:45,0.044276,0.044276
2020-06-25 20:00:15,0.055432,0.055432
2020-06-25 20:00:45,0.023005,0.023005
2020-06-25 21:00:15,0.13711,0.13711
2020-06-25 21:00:45,0.26503,0.26503
2020-06-25 22:00:15,0.22947,0.22947
2020-06-25 22:00:45,0.25958,0.25958
2020-06-25 23:00:15,0.16509,0.16509
2020-06-25 23:00:45,0.069965,0.069965
2020-06-26 00:00:15,-0.019831,-0.019831
2020-06-26 00:00:45,-0.11361,-0.11361
2020-06-26 01:00:15,-0.040414,-0.040414
2020-06-26 01:00:45,-0.035602,-0.035602
2020-06-26 02:00:15,-0.089833,-0.089833
2020-06-26 02:00:45,-0.012968,-0.012968
2020-06-26 03:00:15,-0.018585,-0.018585
2020-06-26 03:00:45,-0.18438,-0.18438
2020-06-26 04:00:15,-0.043536,-0.043536
2020-06-26 04:00:45,-0.047891,-0.047891
2020-06-26 05:00:15,-0.081861,-0.081861
2020-06-26 05:00:45,-0.22605,-0.22605
2020-06-26 06:00:15,-0.60319,-0.60319
2020-06-26 06:00:45,-0.40309,-0.40309
2020-06-26 07:00:15,-0.048705,-0.048705
2020-06-26 07:00:45,-0.40867,-0.40867
2020-06-26 08:00:15,-0.27876,-0.27876
2020-06-26 08:00:45,-0.62506,-0.62506
2020-06-26 09:00:15,0.019831,0.019831
2020-06-26 09:00:45,-0.16284,-0.16284
2020-06-26 10:00:15,0.07467,0.07467
2020-06-26 10:00:45,-0.6431,-0.6431
2020-06-26 11:00:15,-0.38333,-0.38333
2020-06-26 11:00:45,-0.37709,-0.37709
2020-06-26 12:00:15,-0.80348,-0.80348
2020-06-26 12:00:45,-0.76563,-0.76563
2020-06-26 13:00:15,0.30207,0.30207
2020-06-26 13:00:45,-0.32439,-0.32439
2020-06-26 14:00:15,-0.24365,-0.24365
2020-06-26 14:00:45,-0.089051,-0.089051
2020-06-26 15:00:15,0.39892,0.39892
2020-06-26 15:00:45,0.13216,0.13216
2020-06-26 16:00:15,-0.005569,-0.005569
2020-06-26 16:00:45,-0.24574,-0.24574
2020-06-26 17:00:15,0.003672,0.003672
2020-06-26 17:00:45,-0.081434,-0.081434
2020-06-26 18:00:15,-0.084417,-0.084417
2020-06-26 18:00:45,-0.066235,-0.066235
2020-06-26 19:00:15,-0.10003,-0.10003
2020-06-26 19:00:45,-0.043683,-0.043683
2020-06-26 20:00:15,-0.081771,-0.081771
2020-06-26 20:00:45,,0.040079485
2020-06-26 21:00:15,0.32076,0.32076
2020-06-26 21:00:45,0.40845,0.40845
2020-06-26 22:00:15,0.23361,0.23361
2020-06-26 22:00:45,0.40263,0.40263
2020-06-26 23:00:15,0.24613,0.24613
2020-06-26 23:00:45,0.43101,0.43101
2020-06-27 00:00:15,0.46698,0.46698
2020-06-27 00:00:45,0.27326,0.27326
2020-06-27 01:00:15,0.17522,0.17522
2020-06-27 01:00:45,0.03202,0.03202
2020-06-27 02:00:15,0.013813,0.013813
2020-06-27 02:00:45,0.13918,0.13918
2020-06-27 03:00:15,0.071495,0.071495
2020-06-27 03:00:45,-0.056152,-0.056152
2020-06-27 04:00:15,0.075984,0.075984
2020-06-27 04:00:45,0.044956,0.044956
2020-06-27 05:00:15,-0.080354,-0.080354
2020-06-27 05:00:45,-0.34863,-0.34863
2020-06-27 06:00:15,-0.53818,-0.53818
2020-06-27 06:00:45,-0.45638,-0.45638
2020-06-27 07:00:15,-0.37446,-0.37446
2020-06-27 07:00:45,-0.21058,-0.21058
2020-06-27 08:00:15,-1.1182,-1.1182
2020-06-27 08:00:45,,-0.8035473300000003
2020-06-27 09:00:15,-0.18402,-0.18402
2020-06-27 09:00:45,0.17121,0.17121
2020-06-27 10:00:15,-0.35564,-0.35564
2020-06-27 10:00:45,0.24831,0.24831
2020-06-27 11:00:15,0.59457,0.59457
2020-06-27 11:00:45,0.076967,0.076967
2020-06-27 12:00:15,-0.46903,-0.46903
2020-06-27 12:00:45,-0.079649,-0.079649
2020-06-27 13:00:15,-0.32339,-0.32339
2020-06-27 13:00:45,0.091585,0.091585
2020-06-27 14:00:15,,-0.21088102000000006
2020-06-27 14:00:45,0.097214,0.097214
2020-06-27 15:00:15,-0.62372,-0.62372
2020-06-27 15:00:45,-0.38177,-0.38177
2020-06-27 16:00:15,0.020863,0.020863
2020-06-27 16:00:45,-0.19776,-0.19776
2020-06-27 17:00:15,-0.15296,-0.15296
2020-06-27 17:00:45,0.10642,0.10642
2020-06-27 18:00:15,0.050926,0.050926
2020-06-27 18:00:45,0.31467,0.31467
2020-06-27 19:00:15,0.30395,0.30395
2020-06-27 19:00:45,0.36806,0.36806
2020-06-27 20:00:15,0.34335,0.34335
2020-06-27 20:00:45,0.30016,0.30016
2020-06-27 21:00:15,0.15593,0.15593
2020-06-27 21:00:45,0.16283,0.16283
2020-06-27 22:00:15,0.335,0.335
2020-06-27 22:00:45,0.39822,0.39822
2020-06-27 23:00:15,0.29693,0.29693
2020-06-27 23:00:45,0.1411,0.1411
2020-06-28 00:00:15,0.037973,0.037973
2020-06-28 00:00:45,0.13387,0.13387
2020-06-28 01:00:15,0.057404,0.057404
2020-06-28 01:00:45,0.22547,0.22547
2020-06-28 02:00:15,0.38235,0.38235
2020-06-28 02:00:45,0.39971,0.39971
2020-06-28 03:00:15,0.26308,0.26308
2020-06-28 03:00:45,0.22524,0.22524
2020-06-28 04:00:15,0.21279,0.21279
2020-06-28 04:00:45,0.21225,0.21225
2020-06-28 05:00:15,0.02303,0.02303
2020-06-28 05:00:45,-0.097735,-0.097735
2020-06-28 06:00:15,-0.13243,-0.13243
2020-06-28 06:00:45,-0.23814,-0.23814
2020-06-28 07:00:15,-0.19128,-0.19128
2020-06-28 07:00:45,-0.18158,-0.18158
2020-06-28 08:00:15,-0.064255,-0.064255
2020-06-28 08:00:45,-0.34805,-0.34805
2020-06-28 09:00:15,-0.32386,-0.32386
2020-06-28 09:00:45,-0.24564,-0.24564
2020-06-28 10:00:15,-0.43541,-0.43541
2020-06-28 10:00:45,-0.063753,-0.063753
2020-06-28 11:00:15,-0.047193,-0.047193
2020-06-28 11:00:45,0.20218,0.20218
2020-06-28 12:00:15,0.27061,0.27061
2020-06-28 12:00:45,-0.32239,-0.32239
2020-06-28 13:00:15,0.25501,0.25501
2020-06-28 13:00:45,-0.39025,-0.39025
2020-06-28 14:00:15,-0.029399,-0.029399
2020-06-28 14:00:45,,-0.3560639625
2020-06-28 15:00:15,0.48929,0.48929
2020-06-28 15:00:45,-0.37941,-0.37941
2020-06-28 16:00:15,-0.42663,-0.42663
2020-06-28 16:00:45,-0.65091,-0.65091
2020-06-28 17:00:15,-0.44513,-0.44513
2020-06-28 17:00:45,-0.083019,-0.083019
2020-06-28 18:00:15,0.22557,0.22557
2020-06-28 18:00:45,0.16014,0.16014
2020-06-28 19:00:15,0.21909,0.21909
2020-06-28 19:00:45,0.23906,0.23906
2020-06-28 20:00:15,0.16685,0.16685
2020-06-28 20:00:45,0.29329,0.29329
2020-06-28 21:00:15,0.16474,0.16474
2020-06-28 21:00:45,0.18027,0.18027
2020-06-28 22:00:15,0.30572,0.30572
2020-06-28 22:00:45,0.21986,0.21986
2020-06-28 23:00:15,0.14077,0.14077
2020-06-28 23:00:45,-0.072746,-0.072746
2020-06-29 00:00:15,-0.16583,-0.16583
2020-06-29 00:00:45,-0.047984,-0.047984
2020-06-29 01:00:15,-0.0888,-0.0888
2020-06-29 01:00:45,-0.048357,-0.048357
2020-06-29 02:00:15,-0.069763,-0.069763
2020-06-29 02:00:45,-0.059683,-0.059683
2020-06-29 03:00:15,0.021401,0.021401
2020-06-29 03:00:45,-0.11655,-0.11655
2020-06-29 04:00:15,-0.1553,-0.1553
2020-06-29 04:00:45,-0.022607,-0.022607
2020-06-29 05:00:15,-0.092558,-0.092558
2020-06-29 05:00:45,-0.2887,-0.2887
2020-06-29 06:00:15,-0.12376,-0.12376
2020-06-29 06:00:45,-0.085863,-0.085863
2020-06-29 07:00:15,0.009925,0.009925
2020-06-29 07:00:45,-0.001003,-0.001003
2020-06-29 08:00:15,0.17353,0.17353
2020-06-29 08:00:45,-0.030285,-0.030285
2020-06-29 09:00:15,-0.063348,-0.063348
2020-06-29 09:00:45,-0.084979,-0.084979
2020-06-29 10:00:15,-0.29408,-0.29408
2020-06-29 10:00:45,-0.35545,-0.35545
2020-06-29 11:00:15,-0.29971,-0.29971
2020-06-29 11:00:45,-0.57262,-0.57262
2020-06-29 12:00:15,-1.2475,-1.2475
2020-06-29 12:00:45,-1.0786,-1.0786
2020-06-29 13:00:15,-1.1109,-1.1109
2020-06-29 13:00:45,-0.30057,-0.30057
2020-06-29 14:00:15,-0.59543,-0.59543
2020-06-29 14:00:45,-0.48113,-0.48113
2020-06-29 15:00:15,-0.27096,-0.27096
2020-06-29 15:00:45,-0.65358,-0.65358
2020-06-29 16:00:15,0.039832,0.039832
2020-06-29 16:00:45,-0.2583,-0.2583
2020-06-29 17:00:15,-0.29305,-0.29305
2020-06-29 17:00:45,-0.093421,-0.093421
2020-06-29 18:00:15,-0.34552,-0.34552
2020-06-29 18:00:45,-0.29111,-0.29111
2020-06-29 19:00:15,-0.11398,-0.11398
2020-06-29 19:00:45,-0.026555,-0.026555
2020-06-29 20:00:15,-0.033716,-0.033716
2020-06-29 20:00:45,-0.19202,-0.19202
2020-06-29 21:00:15,-0.057478,-0.057478
2020-06-29 21:00:45,0.00816,0.00816
2020-06-29 22:00:15,0.35957,0.35957
2020-06-29 22:00:45,0.086309,0.086309
2020-06-29 23:00:15,0.17384,0.17384
2020-06-29 23:00:45,0.08656,0.08656
2020-06-30 00:00:15,0.12395,0.12395
2020-06-30 00:00:45,-0.10003,-0.10003
2020-06-30 01:00:15,-0.088314,-0.088314
2020-06-30 01:00:45,0.001809,0.001809
2020-06-30 02:00:15,-0.10639,-0.10639
2020-06-30 02:00:45,-0.18775,-0.18775
2020-06-30 03:00:15,,0.18119285249999997
2020-06-30 03:00:45,,-0.02717213250000001
2020-06-30 04:00:15,-0.00344,-0.00344
2020-06-30 04:00:45,0.069205,0.069205
2020-06-30 05:00:15,-0.37082,-0.37082
2020-06-30 05:00:45,-0.35595,-0.35595
2020-06-30 06:00:15,-0.69731,-0.69731
2020-06-30 06:00:45,-0.06698,-0.06698
2020-06-30 07:00:15,-0.15233,-0.15233
2020-06-30 07:00:45,-0.011999,-0.011999
2020-06-30 08:00:15,-0.21972,-0.21972
2020-06-30 08:00:45,0.027056,0.027056
2020-06-30 09:00:15,-0.47322,-0.47322
2020-06-30 09:00:45,-0.31075,-0.31075
2020-06-30 10:00:15,-0.59274,-0.59274
2020-06-30 10:00:45,-0.21141,-0.21141
2020-06-30 11:00:15,-0.26248,-0.26248
2020-06-30 11:00:45,0.14273,0.14273
2020-06-30 12:00:15,-0.75693,-0.75693
2020-06-30 12:00:45,,-0.12818438250000003
2020-06-30 13:00:15,1.1656,1.1656
2020-06-30 13:00:45,-0.019038,-0.019038
2020-06-30 14:00:15,0.40012,0.40012
2020-06-30 14:00:45,-0.64583,-0.64583
2020-06-30 15:00:15,-0.62586,-0.62586
2020-06-30 15:00:45,-0.2898,-0.2898
2020-06-30 16:00:15,-0.26433,-0.26433
2020-06-30 16:00:45,-0.20824,-0.20824
2020-06-30 17:00:15,-0.37509,-0.37509
2020-06-30 17:00:45,-0.076865,-0.076865
2020-06-30 18:00:15,-0.35165,-0.35165
2020-06-30 18:00:45,-0.31278,-0.31278
2020-06-30 19:00:15,-0.24154,-0.24154
2020-06-30 19:00:45,,-0.037163697499999995
2020-06-30 20:00:15,-0.18664,-0.18664
2020-06-30 20:00:45,,-0.01532153
2020-06-30 21:00:15,,-0.051916947500000005
2020-06-30 21:00:45,-0.01052,-0.01052
2020-06-30 22:00:15,-0.054825,-0.054825
2020-06-30 22:00:45,-0.070352,-0.070352
2020-06-30 23:00:15,-0.034148,-0.034148
2020-06-30 23:00:45,-0.14552,-0.14552
2020-07-01 00:00:15,0.18629,0.18629
2020-07-01 00:00:45,,-0.00034342500000000354
2020-07-01 01:00:15,0.28239,0.28239
2020-07-01 01:00:45,-0.12214,-0.12214
2020-07-01 02:00:15,-0.065746,-0.065746
2020-07-01 02:00:45,-0.004567,-0.004567
2020-07-01 03:00:15,-0.010483,-0.010483
2020-07-01 03:00:45,-0.011863,-0.011863
2020-07-01 04:00:15,0.32585,0.32585
2020-07-01 04:00:45,-0.14463,-0.14463
2020-07-01 05:00:15,-0.14098,-0.14098
2020-07-01 05:00:45,-0.46137,-0.46137
2020-07-01 06:00:15,-0.58267,-0.58267
2020-07-01 06:00:45,-0.44442,-0.44442
2020-07-01 07:00:15,0.035964,0.035964
2020-07-01 07:00:45,0.37943,0.37943
2020-07-01 08:00:15,0.18051,0.18051
2020-07-01 08:00:45,-0.16798,-0.16798
2020-07-01 09:00:15,0.60828,0.60828
2020-07-01 09:00:45,0.082815,0.082815
2020-07-01 10:00:15,0.65751,0.65751
2020-07-01 10:00:45,0.18963,0.18963
2020-07-01 11:00:15,-1.4218,-1.4218
2020-07-01 11:00:45,-0.75726,-0.75726
2020-07-01 12:00:15,-0.77302,-0.77302
2020-07-01 12:00:45,-0.66015,-0.66015
2020-07-01 13:00:15,1.2565,1.2565
2020-07-01 13:00:45,-0.20999,-0.20999
2020-07-01 14:00:15,-0.5314,-0.5314
2020-07-01 14:00:45,0.47514,0.47514
2020-07-01 15:00:15,-0.25874,-0.25874
2020-07-01 15:00:45,-0.70937,-0.70937
2020-07-01 16:00:15,,-0.663800265
2020-07-01 16:00:45,-1.0521,-1.0521
2020-07-01 17:00:15,-0.62001,-0.62001
2020-07-01 17:00:45,-0.62121,-0.62121
2020-07-01 18:00:15,-0.47956,-0.47956
2020-07-01 18:00:45,0.19208,0.19208
2020-07-01 19:00:15,0.23059,0.23059
2020-07-01 19:00:45,0.22597,0.22597
2020-07-01 20:00:15,0.31801,0.31801
2020-07-01 20:00:45,0.2592,0.2592
2020-07-01 21:00:15,0.22714,0.22714
2020-07-01 21:00:45,0.37065,0.37065
2020-07-01 22:00:15,0.51742,0.51742
2020-07-01 22:00:45,0.4707,0.4707
2020-07-01 23:00:15,0.56013,0.56013
2020-07-01 23:00:45,0.61027,0.61027
2020-07-02 00:00:15,0.58626,0.58626
2020-07-02 00:00:45,0.52652,0.52652
2020-07-02 01:00:15,0.26284,0.26284
2020-07-02 01:00:45,0.075837,0.075837
2020-07-02 02:00:15,0.070222,0.070222
2020-07-02 02:00:45,0.048031,0.048031
2020-07-02 03:00:15,0.040774,0.040774
2020-07-02 03:00:45,-0.075511,-0.075511
2020-07-02 04:00:15,-0.008197,-0.008197
2020-07-02 04:00:45,-0.07178,-0.07178
2020-07-02 05:00:15,0.1019,0.1019
2020-07-02 05:00:45,-0.34615,-0.34615
2020-07-02 06:00:15,-0.57899,-0.57899
2020-07-02 06:00:45,-0.83257,-0.83257
2020-07-02 07:00:15,-0.59554,-0.59554
2020-07-02 07:00:45,-0.46147,-0.46147
2020-07-02 08:00:15,-0.21249,-0.21249
2020-07-02 08:00:45,-0.38164,-0.38164
2020-07-02 09:00:15,-0.18073,-0.18073
2020-07-02 09:00:45,-0.36513,-0.36513
2020-07-02 10:00:15,-0.5179,-0.5179
2020-07-02 10:00:45,-0.10549,-0.10549
2020-07-02 11:00:15,-0.20292,-0.20292
2020-07-02 11:00:45,0.23293,0.23293
2020-07-02 12:00:15,-0.062685,-0.062685
2020-07-02 12:00:45,-0.66133,-0.66133
2020-07-02 13:00:15,1.4502,1.4502
2020-07-02 13:00:45,0.21165,0.21165
2020-07-02 14:00:15,-0.38845,-0.38845
2020-07-02 14:00:45,-0.16252,-0.16252
2020-07-02 15:00:15,-1.3032,-1.3032
2020-07-02 15:00:45,-0.96863,-0.96863
2020-07-02 16:00:15,-0.28786,-0.28786
2020-07-02 16:00:45,-0.76414,-0.76414
2020-07-02 17:00:15,-0.57134,-0.57134
2020-07-02 17:00:45,-0.37826,-0.37826
2020-07-02 18:00:15,-0.2948,-0.2948
2020-07-02 18:00:45,-0.17024,-0.17024
2020-07-02 19:00:15,-0.013758,-0.013758
2020-07-02 19:00:45,0.12128,0.12128
2020-07-02 20:00:15,0.06031,0.06031
2020-07-02 20:00:45,-0.01046,-0.01046
2020-07-02 21:00:15,-0.009678,-0.009678
2020-07-02 21:00:45,0.013287,0.013287
2020-07-02 22:00:15,0.1083,0.1083
2020-07-02 22:00:45,0.53375,0.53375
2020-07-02 23:00:15,,0.09929729250000001
2020-07-02 23:00:45,0.013651,0.013651
2020-07-03 00:00:15,0.002546,0.002546
2020-07-03 00:00:45,0.019937,0.019937
2020-07-03 01:00:15,0.018559,0.018559
2020-07-03 01:00:45,0.021946,0.021946
2020-07-03 02:00:15,0.003478,0.003478
2020-07-03 02:00:45,0.005755,0.005755
2020-07-03 03:00:15,0.016825,0.016825
2020-07-03 03:00:45,-0.004834,-0.004834
2020-07-03 04:00:15,0.056793,0.056793
2020-07-03 04:00:45,-0.005659,-0.005659
2020-07-03 05:00:15,-0.053851,-0.053851
2020-07-03 05:00:45,-0.40577,-0.40577
2020-07-03 06:00:15,-0.5092,-0.5092
2020-07-03 06:00:45,-0.46853,-0.46853
2020-07-03 07:00:15,-0.13018,-0.13018
2020-07-03 07:00:45,-0.004921,-0.004921
2020-07-03 08:00:15,-0.075904,-0.075904
2020-07-03 08:00:45,-0.26228,-0.26228
2020-07-03 09:00:15,-0.050119,-0.050119
2020-07-03 09:00:45,-0.31551,-0.31551
2020-07-03 10:00:15,-0.1614,-0.1614
2020-07-03 10:00:45,-0.30825,-0.30825
2020-07-03 11:00:15,-0.62078,-0.62078
2020-07-03 11:00:45,-0.23977,-0.23977
2020-07-03 12:00:15,0.1384,0.1384
2020-07-03 12:00:45,-0.88035,-0.88035
2020-07-03 13:00:15,0.02808,0.02808
2020-07-03 13:00:45,0.12192,0.12192
2020-07-03 14:00:15,-0.38914,-0.38914
2020-07-03 14:00:45,-1.0666,-1.0666
2020-07-03 15:00:15,-1.2224,-1.2224
2020-07-03 15:00:45,-0.54336,-0.54336
2020-07-03 16:00:15,-0.30234,-0.30234
2020-07-03 16:00:45,-0.52425,-0.52425
2020-07-03 17:00:15,-0.49128,-0.49128
2020-07-03 17:00:45,-0.42771,-0.42771
2020-07-03 18:00:15,-0.088504,-0.088504
2020-07-03 18:00:45,-0.1619,-0.1619
2020-07-03 19:00:15,-0.11434,-0.11434
2020-07-03 19:00:45,-0.048112,-0.048112
2020-07-03 20:00:15,,0.12554973750000004
2020-07-03 20:00:45,,0.21697782499999996
2020-07-03 21:00:15,0.54054,0.54054
2020-07-03 21:00:45,0.53786,0.53786
2020-07-03 22:00:15,0.37003,0.37003
2020-07-03 22:00:45,0.079353,0.079353
2020-07-03 23:00:15,0.43658,0.43658
2020-07-03 23:00:45,0.14879,0.14879
2020-07-04 00:00:15,,0.24812411
2020-07-04 00:00:45,0.20207,0.20207
2020-07-04 01:00:15,0.37618,0.37618
2020-07-04 01:00:45,0.068217,0.068217
2020-07-04 02:00:15,0.13909,0.13909
2020-07-04 02:00:45,0.076846,0.076846
2020-07-04 03:00:15,,0.24839735000000004
2020-07-04 03:00:45,0.035495,0.035495
2020-07-04 04:00:15,0.065707,0.065707
2020-07-04 04:00:45,-0.053558,-0.053558
2020-07-04 05:00:15,-0.070354,-0.070354
2020-07-04 05:00:45,-0.24022,-0.24022
2020-07-04 06:00:15,-0.44332,-0.44332
2020-07-04 06:00:45,-0.49159,-0.49159
2020-07-04 07:00:15,-0.77729,-0.77729
2020-07-04 07:00:45,-0.52245,-0.52245
2020-07-04 08:00:15,-0.34925,-0.34925
2020-07-04 08:00:45,-0.40356,-0.40356
2020-07-04 09:00:15,-0.57337,-0.57337
2020-07-04 09:00:45,-0.66899,-0.66899
2020-07-04 10:00:15,-0.6529,-0.6529
2020-07-04 10:00:45,-0.28587,-0.28587
2020-07-04 11:00:15,-0.45967,-0.45967
2020-07-04 11:00:45,-0.75148,-0.75148
2020-07-04 12:00:15,-0.42234,-0.42234
2020-07-04 12:00:45,0.013356,0.013356
2020-07-04 13:00:15,0.07094,0.07094
2020-07-04 13:00:45,0.75394,0.75394
2020-07-04 14:00:15,-0.43436,-0.43436
2020-07-04 14:00:45,-0.31363,-0.31363
2020-07-04 15:00:15,-0.65615,-0.65615
2020-07-04 15:00:45,0.0576,0.0576
2020-07-04 16:00:15,-0.37711,-0.37711
2020-07-04 16:00:45,0.14612,0.14612
2020-07-04 17:00:15,-0.10303,-0.10303
2020-07-04 17:00:45,-0.073174,-0.073174
2020-07-04 18:00:15,-0.21865,-0.21865
2020-07-04 18:00:45,-1.5478,-1.5478
2020-07-04 19:00:15,0.41234,0.41234
2020-07-04 19:00:45,0.07049,0.07049
2020-07-04 20:00:15,-0.012035,-0.012035
2020-07-04 20:00:45,0.13943,0.13943
2020-07-04 21:00:15,0.107,0.107
2020-07-04 21:00:45,0.21202,0.21202
2020-07-04 22:00:15,0.95002,0.95002
2020-07-04 22:00:45,0.67775,0.67775
2020-07-04 23:00:15,0.39407,0.39407
2020-07-04 23:00:45,0.51367,0.51367
2020-07-05 00:00:15,0.14172,0.14172
2020-07-05 00:00:45,0.066255,0.066255
2020-07-05 01:00:15,-0.18369,-0.18369
2020-07-05 01:00:45,0.53318,0.53318
2020-07-05 02:00:15,0.33943,0.33943
2020-07-05 02:00:45,-0.19498,-0.19498
2020-07-05 03:00:15,0.075554,0.075554
2020-07-05 03:00:45,-0.1053,-0.1053
2020-07-05 04:00:15,0.038547,0.038547
2020-07-05 04:00:45,0.008575,0.008575
2020-07-05 05:00:15,0.3636,0.3636
2020-07-05 05:00:45,-0.06235,-0.06235
2020-07-05 06:00:15,-0.1572,-0.1572
2020-07-05 06:00:45,-0.085325,-0.085325
2020-07-05 07:00:15,0.08638,0.08638
2020-07-05 07:00:45,0.18515,0.18515
2020-07-05 08:00:15,0.37114,0.37114
2020-07-05 08:00:45,0.52554,0.52554
2020-07-05 09:00:15,0.03888,0.03888
2020-07-05 09:00:45,-0.2976,-0.2976
2020-07-05 10:00:15,-0.16921,-0.16921
2020-07-05 10:00:45,-0.50669,-0.50669
2020-07-05 11:00:15,0.17722,0.17722
2020-07-05 11:00:45,1.0246,1.0246
2020-07-05 12:00:15,-0.57591,-0.57591
2020-07-05 12:00:45,,0.1734760375
2020-07-05 13:00:15,0.61828,0.61828
2020-07-05 13:00:45,1.8104,1.8104
2020-07-05 14:00:15,0.84231,0.84231
2020-07-05 14:00:45,,0.31006940000000005
2020-07-05 15:00:15,-0.018111,-0.018111
2020-07-05 15:00:45,-0.44786,-0.44786
2020-07-05 16:00:15,-0.24061,-0.24061
2020-07-05 16:00:45,-0.15893,-0.15893
2020-07-05 17:00:15,-1.0722,-1.0722
2020-07-05 17:00:45,0.31416,0.31416
2020-07-05 18:00:15,-0.1167,-0.1167
2020-07-05 18:00:45,-0.80894,-0.80894
2020-07-05 19:00:15,,0.24871590750000006
2020-07-05 19:00:45,,0.5745928200000001
2020-07-05 20:00:15,,0.5521504924999999
2020-07-05 20:00:45,,0.591746435
2020-07-05 21:00:15,,0.6008915925000002
2020-07-05 21:00:45,,0.6381165050000002
2020-07-05 22:00:15,,0.46970256000000005
2020-07-05 22:00:45,,0.3235082575
2020-07-05 23:00:15,,0.272214435
2020-07-05 23:00:45,,0.23464347500000005
2020-07-06 00:00:15,,0.22364189000000007
2020-07-06 00:00:45,,0.2804068025
2020-07-06 01:00:15,,0.1716921075
2020-07-06 01:00:45,,0.256104565
2020-07-06 02:00:15,,0.25910121250000007
2020-07-06 02:00:45,,0.22463618500000004
2020-07-06 03:00:15,,0.17872201999999998
2020-07-06 03:00:45,,0.18229503000000002
2020-07-06 04:00:15,,0.11449834499999997
2020-07-06 04:00:45,,0.13574370749999998
2020-07-06 05:00:15,,0.017686487500000007
2020-07-06 05:00:45,,-0.2770077899999999
2020-07-06 06:00:15,,-0.9077876225000001
2020-07-06 06:00:45,,-0.4012465700000001
2020-07-06 07:00:15,,-0.26886004
2020-07-06 07:00:45,,-0.3545484325
2020-07-06 08:00:15,,-0.3644146674999999
2020-07-06 08:00:45,,-0.5659843449999999
2020-07-06 09:00:15,,-0.552370005
2020-07-06 09:00:45,,-0.5139834075000002
2020-07-06 10:00:15,,-0.5570984425
2020-07-06 10:00:45,,0.05632601500000001
2020-07-06 11:00:15,,-0.5121163650000001
2020-07-06 11:00:45,,-0.4485632300000001
2020-07-06 12:00:15,,-0.4210345975000001
2020-07-06 12:00:45,,-0.23139931250000004
2020-07-06 13:00:15,,-0.03468001
2020-07-06 13:00:45,,0.49358776999999987
2020-07-06 14:00:15,,0.245114835
2020-07-06 14:00:45,,-0.27729203
2020-07-06 15:00:15,,0.005837435000000011
2020-07-06 15:00:45,,0.17001499500000006
2020-07-06 16:00:15,,0.21985653250000003
2020-07-06 16:00:45,,0.028429427500000007
2020-07-06 17:00:15,,-0.188785465
2020-07-06 17:00:45,,-0.14477697500000003
2020-07-06 18:00:15,,-0.054146032499999996
2020-07-06 18:00:45,,0.36297853
2020-07-06 19:00:15,,0.46380497749999994
2020-07-06 19:00:45,,0.3672307625000001
2020-07-06 20:00:15,,0.3697807125
2020-07-06 20:00:45,,0.2854573425
2020-07-06 21:00:15,,0.32147764
2020-07-06 21:00:45,,0.35279482249999994
2020-07-06 22:00:15,,0.278099835
2020-07-06 22:00:45,,0.28129772750000004
2020-07-06 23:00:15,,0.3402523375
2020-07-06 23:00:45,,0.27881177500000004
2020-07-07 00:00:15,,0.332809525
2020-07-07 00:00:45,,0.29838281
2020-07-07 01:00:15,,0.08826553000000001
2020-07-07 01:00:45,,0.18624014749999998
2020-07-07 02:00:15,,0.224110235
2020-07-07 02:00:45,,0.6513863975
2020-07-07 03:00:15,,0.1298833725
2020-07-07 03:00:45,,0.179340685
2020-07-07 04:00:15,,0.2314675575
2020-07-07 04:00:45,,0.2814330749999999
2020-07-07 05:00:15,,-0.025041184999999994
2020-07-07 05:00:45,,-0.35961788250000015
2020-07-07 06:00:15,,-0.37103052500000017
2020-07-07 06:00:45,,-0.6414725800000001
2020-07-07 07:00:15,,-0.49024755250000007
2020-07-07 07:00:45,,-0.41843154999999993
2020-07-07 08:00:15,,-0.40414602249999987
2020-07-07 08:00:45,,-0.1276449625
2020-07-07 09:00:15,,-0.18145891
2020-07-07 09:00:45,,-0.0032266224999999912
2020-07-07 10:00:15,,0.14614922500000005
2020-07-07 10:00:45,,0.18339156500000003
2020-07-07 11:00:15,,0.1685075
2020-07-07 11:00:45,,0.37469736500000006
2020-07-07 12:00:15,,0.229921675
2020-07-07 12:00:45,,0.44082154500000004
2020-07-07 13:00:15,,0.17627436750000003
2020-07-07 13:00:45,,-0.05815149000000002
2020-07-07 14:00:15,,-0.203011705
2020-07-07 14:00:45,,0.43663046499999997
2020-07-07 15:00:15,,0.18587801250000002
2020-07-07 15:00:45,,-0.1503743075
2020-07-07 16:00:15,,0.26718481
2020-07-07 16:00:45,,-0.34599674999999996
2020-07-07 17:00:15,,-0.04117723250000001
2020-07-07 17:00:45,,-0.10924472249999997
2020-07-07 18:00:15,,-0.18552466
2020-07-07 18:00:45,,0.048932257500000007
2020-07-07 19:00:15,,0.0834084975
2020-07-07 19:00:45,,0.3021001275
2020-07-07 20:00:15,,0.3688243675
2020-07-07 20:00:45,,0.4693804250000002
2020-07-07 21:00:15,,0.5844251825000001
2020-07-07 21:00:45,,0.26667071499999995
2020-07-07 22:00:15,,0.3282823174999999
2020-07-07 22:00:45,,0.5196249825000001
2020-07-07 23:00:15,,0.27502507
2020-07-07 23:00:45,,0.21609469
2020-07-08 00:00:15,,0.19064601
2020-07-08 00:00:45,,0.10549892749999999
2020-07-08 01:00:15,,0.019654677500000002
2020-07-08 01:00:45,,0.018890507500000004
2020-07-08 02:00:15,,0.04500522000000001
2020-07-08 02:00:45,,0.027425610000000003
2020-07-08 03:00:15,,0.044223417499999994
2020-07-08 03:00:45,,0.022650095000000002
2020-07-08 04:00:15,,0.029921887500000008
2020-07-08 04:00:45,,0.0028522325000000007
2020-07-08 05:00:15,,-0.013381565
2020-07-08 05:00:45,,-0.2594563325
2020-07-08 06:00:15,,-0.4585561375000001
2020-07-08 06:00:45,,-0.3417294025
2020-07-08 07:00:15,,-0.3904354675
2020-07-08 07:00:45,,-0.16186640000000002
2020-07-08 08:00:15,,0.117102975
2020-07-08 08:00:45,,0.19608345500000005
2020-07-08 09:00:15,,0.22067579500000004
2020-07-08 09:00:45,,0.16288960250000006
2020-07-08 10:00:15,,0.25759660749999996
2020-07-08 10:00:45,,0.2913661525
2020-07-08 11:00:15,,0.26328533
2020-07-08 11:00:45,,0.5452188175
2020-07-08 12:00:15,,0.37956312749999993
2020-07-08 12:00:45,,0.5691805025000001
2020-07-08 13:00:15,,0.8097475674999999
2020-07-08 13:00:45,,0.34981949250000005
2020-07-08 14:00:15,,0.20442514750000007
2020-07-08 14:00:45,,0.15822793000000002
2020-07-08 15:00:15,,0.05066228999999999
2020-07-08 15:00:45,,-0.04697312500000001
2020-07-08 16:00:15,,-0.25233341750000005
2020-07-08 16:00:45,,0.013833292500000012
2020-07-08 17:00:15,,-0.12895104750000003
2020-07-08 17:00:45,,-0.23193430250000008
2020-07-08 18:00:15,,-0.09716075749999999
2020-07-08 18:00:45,,-0.06620655499999999
2020-07-08 19:00:15,,0.19541172500000004
2020-07-08 19:00:45,,0.20532604250000003
2020-07-08 20:00:15,,0.3259480575
2020-07-08 20:00:45,,0.35769237500000006
2020-07-08 21:00:15,,0.16879441250000005
2020-07-08 21:00:45,,0.21659953000000007
2020-07-08 22:00:15,,-0.004090550000000002
2020-07-08 22:00:45,,-0.010703012499999994
2020-07-08 23:00:15,,-0.003649822499999998
2020-07-08 23:00:45,,0.05159048
2020-07-09 00:00:15,,0.11335205000000001
2020-07-09 00:00:45,,0.021465820000000004
2020-07-09 01:00:15,,-0.041819462499999994
2020-07-09 01:00:45,,0.0111225275
2020-07-09 02:00:15,,-0.006601514999999997
2020-07-09 02:00:45,,0.0022240324999999997
2020-07-09 03:00:15,,0.04653003750000002
2020-07-09 03:00:45,,0.06826481249999998
2020-07-09 04:00:15,,0.08431452250000002
2020-07-09 04:00:45,,0.07962275000000002
2020-07-09 05:00:15,,-0.0403073975
2020-07-09 05:00:45,,-0.21850743
2020-07-09 06:00:15,,-0.39257671250000004
2020-07-09 06:00:45,,-0.13192935
2020-07-09 07:00:15,,0.03832717
2020-07-09 07:00:45,,0.06604184749999999
2020-07-09 08:00:15,,0.14649962250000007
2020-07-09 08:00:45,,0.006317547499999989
2020-07-09 09:00:15,,0.2136560975000001
2020-07-09 09:00:45,,0.13640304499999997
2020-07-09 10:00:15,,0.08512719250000002
2020-07-09 10:00:45,,-0.07084763499999999
2020-07-09 11:00:15,,0.18180040750000004
2020-07-09 11:00:45,,0.23183155749999995
2020-07-09 12:00:15,,0.31955798
2020-07-09 12:00:45,,0.23718830249999998
2020-07-09 13:00:15,,0.39604594000000004
2020-07-09 13:00:45,,0.5969284149999999
2020-07-09 14:00:15,,0.27545612499999994
2020-07-09 14:00:45,,-0.5221856975
2020-07-09 15:00:15,,0.24998543000000006
2020-07-09 15:00:45,0.97836,0.97836
2020-07-09 16:00:15,-0.32686,-0.32686
2020-07-09 16:00:45,0.59552,0.59552
2020-07-09 17:00:15,0.18719,0.18719
2020-07-09 17:00:45,-0.050731,-0.050731
2020-07-09 18:00:15,-0.13298,-0.13298
2020-07-09 18:00:45,-0.14107,-0.14107
2020-07-09 19:00:15,-0.05447,-0.05447
2020-07-09 19:00:45,-0.043408,-0.043408
2020-07-09 20:00:15,-0.17449,-0.17449
2020-07-09 20:00:45,-0.11589,-0.11589
2020-07-09 21:00:15,-0.050635,-0.050635
2020-07-09 21:00:45,-0.067145,-0.067145
2020-07-09 22:00:15,0.034479,0.034479
2020-07-09 22:00:45,-0.016687,-0.016687
2020-07-09 23:00:15,-0.002261,-0.002261
2020-07-09 23:00:45,-0.032698,-0.032698
2020-07-10 00:00:15,-0.013889,-0.013889
2020-07-10 00:00:45,0.009497,0.009497
2020-07-10 01:00:15,-0.18785,-0.18785
2020-07-10 01:00:45,,0.0387266
2020-07-10 02:00:15,,-0.0019298974999999957
2020-07-10 02:00:45,-0.10112,-0.10112
2020-07-10 03:00:15,-0.031845,-0.031845
2020-07-10 03:00:45,-0.042727,-0.042727
2020-07-10 04:00:15,0.020423,0.020423
2020-07-10 04:00:45,-0.046875,-0.046875
2020-07-10 05:00:15,-0.11289,-0.11289
2020-07-10 05:00:45,-0.10047,-0.10047
2020-07-10 06:00:15,-0.63547,-0.63547
2020-07-10 06:00:45,-0.37311,-0.37311
2020-07-10 07:00:15,-0.133,-0.133
2020-07-10 07:00:45,0.28594,0.28594
2020-07-10 08:00:15,0.76912,0.76912
2020-07-10 08:00:45,0.4033,0.4033
2020-07-10 09:00:15,0.35562,0.35562
2020-07-10 09:00:45,0.47626,0.47626
2020-07-10 10:00:15,0.96597,0.96597
2020-07-10 10:00:45,1.0158,1.0158
2020-07-10 11:00:15,1.1616,1.1616
2020-07-10 11:00:45,0.77254,0.77254
2020-07-10 12:00:15,0.78572,0.78572
2020-07-10 12:00:45,1.0655,1.0655
2020-07-10 13:00:15,0.48738,0.48738
2020-07-10 13:00:45,1.0173,1.0173
2020-07-10 14:00:15,0.47025,0.47025
2020-07-10 14:00:45,1.2258,1.2258
2020-07-10 15:00:15,0.8121,0.8121
2020-07-10 15:00:45,0.63664,0.63664
2020-07-10 16:00:15,0.12258,0.12258
2020-07-10 16:00:45,0.13928,0.13928
2020-07-10 17:00:15,0.1361,0.1361
2020-07-10 17:00:45,0.059869,0.059869
2020-07-10 18:00:15,-0.41339,-0.41339
2020-07-10 18:00:45,-0.21868,-0.21868
2020-07-10 19:00:15,-0.040784,-0.040784
2020-07-10 19:00:45,-0.076336,-0.076336
2020-07-10 20:00:15,-0.17427,-0.17427
2020-07-10 20:00:45,,-0.01107531249999999
2020-07-10 21:00:15,,0.15391967
2020-07-10 21:00:45,-0.1422,-0.1422
2020-07-10 22:00:15,,0.2649761449999999
2020-07-10 22:00:45,1.0113,1.0113
2020-07-10 23:00:15,0.89509,0.89509
2020-07-10 23:00:45,-0.10273,-0.10273
2020-07-11 00:00:15,-0.0689,-0.0689
2020-07-11 00:00:45,0.068139,0.068139
2020-07-11 01:00:15,,0.07243627250000001
2020-07-11 01:00:45,-0.063332,-0.063332
2020-07-11 02:00:15,-0.14779,-0.14779
2020-07-11 02:00:45,-0.10097,-0.10097
2020-07-11 03:00:15,-0.053884,-0.053884
2020-07-11 03:00:45,0.39448,0.39448
2020-07-11 04:00:15,-0.041457,-0.041457
2020-07-11 04:00:45,,0.0870285125
2020-07-11 05:00:15,-0.048849,-0.048849
2020-07-11 05:00:45,-0.26392,-0.26392
2020-07-11 06:00:15,-0.27655,-0.27655
2020-07-11 06:00:45,-0.24923,-0.24923
2020-07-11 07:00:15,-0.29992,-0.29992
2020-07-11 07:00:45,-1.4952,-1.4952
2020-07-11 08:00:15,0.20328,0.20328
2020-07-11 08:00:45,0.1816,0.1816
2020-07-11 09:00:15,-0.30942,-0.30942
2020-07-11 09:00:45,0.4321,0.4321
2020-07-11 10:00:15,0.86839,0.86839
2020-07-11 10:00:45,0.21477,0.21477
2020-07-11 11:00:15,0.48346,0.48346
2020-07-11 11:00:45,0.38129,0.38129
2020-07-11 12:00:15,0.19789,0.19789
2020-07-11 12:00:45,-0.14763,-0.14763
2020-07-11 13:00:15,-1.0078,-1.0078
2020-07-11 13:00:45,-0.040191,-0.040191
2020-07-11 14:00:15,,0.08667802500000002
2020-07-11 14:00:45,0.29104,0.29104
2020-07-11 15:00:15,-0.48258,-0.48258
2020-07-11 15:00:45,0.43149,0.43149
2020-07-11 16:00:15,-0.28978,-0.28978
2020-07-11 16:00:45,0.017348,0.017348
2020-07-11 17:00:15,0.60786,0.60786
2020-07-11 17:00:45,0.38171,0.38171
2020-07-11 18:00:15,-0.002679,-0.002679
2020-07-11 18:00:45,-0.075565,-0.075565
2020-07-11 19:00:15,-0.094308,-0.094308
2020-07-11 19:00:45,0.079116,0.079116
2020-07-11 20:00:15,-0.16282,-0.16282
2020-07-11 20:00:45,-0.12442,-0.12442
2020-07-11 21:00:15,-0.097929,-0.097929
2020-07-11 21:00:45,-0.044029,-0.044029
2020-07-11 22:00:15,-0.070632,-0.070632
2020-07-11 22:00:45,,0.034415625
2020-07-11 23:00:15,-0.14854,-0.14854
2020-07-11 23:00:45,-0.046193,-0.046193
2020-07-12 00:00:15,,0.11523800250000002
2020-07-12 00:00:45,-0.11104,-0.11104
2020-07-12 01:00:15,-0.063718,-0.063718
2020-07-12 01:00:45,-0.031623,-0.031623
2020-07-12 02:00:15,-0.059573,-0.059573
2020-07-12 02:00:45,-0.023831,-0.023831
2020-07-12 03:00:15,-0.1174,-0.1174
2020-07-12 03:00:45,-0.003754,-0.003754
2020-07-12 04:00:15,,0.22345744000000003
2020-07-12 04:00:45,0.043902,0.043902
2020-07-12 05:00:15,-0.013392,-0.013392
2020-07-12 05:00:45,-0.062362,-0.062362
2020-07-12 06:00:15,-0.31661,-0.31661
2020-07-12 06:00:45,-0.28274,-0.28274
2020-07-12 07:00:15,-0.2309,-0.2309
2020-07-12 07:00:45,-0.023864,-0.023864
2020-07-12 08:00:15,0.17486,0.17486
2020-07-12 08:00:45,-1.2716,-1.2716
2020-07-12 09:00:15,0.88331,0.88331
2020-07-12 09:00:45,0.46442,0.46442
2020-07-12 10:00:15,0.60791,0.60791
2020-07-12 10:00:45,-0.038211,-0.038211
2020-07-12 11:00:15,0.34931,0.34931
2020-07-12 11:00:45,0.16794,0.16794
2020-07-12 12:00:15,1.2747,1.2747
2020-07-12 12:00:45,0.77535,0.77535
2020-07-12 13:00:15,,0.05015368249999999
2020-07-12 13:00:45,0.23236,0.23236
2020-07-12 14:00:15,0.3947,0.3947
2020-07-12 14:00:45,0.35832,0.35832
2020-07-12 15:00:15,0.4133,0.4133
2020-07-12 15:00:45,0.15356,0.15356
2020-07-12 16:00:15,0.27113,0.27113
2020-07-12 16:00:45,0.16376,0.16376
2020-07-12 17:00:15,0.12195,0.12195
2020-07-12 17:00:45,0.13058,0.13058
2020-07-12 18:00:15,0.087232,0.087232
2020-07-12 18:00:45,0.040523,0.040523
2020-07-12 19:00:15,0.020739,0.020739
2020-07-12 19:00:45,,0.548878595
2020-07-12 20:00:15,0.94341,0.94341
2020-07-12 20:00:45,0.27346,0.27346
2020-07-12 21:00:15,0.087335,0.087335
2020-07-12 21:00:45,-0.017561,-0.017561
2020-07-12 22:00:15,0.14943,0.14943
2020-07-12 22:00:45,0.073202,0.073202
2020-07-12 23:00:15,0.24871,0.24871
2020-07-12 23:00:45,-0.085979,-0.085979
2020-07-13 00:00:15,0.009813,0.009813
2020-07-13 00:00:45,0.75616,0.75616
2020-07-13 01:00:15,-0.008259,-0.008259
2020-07-13 01:00:45,-0.12149,-0.12149
2020-07-13 02:00:15,1.3807,1.3807
2020-07-13 02:00:45,0.070734,0.070734
2020-07-13 03:00:15,0.092044,0.092044
2020-07-13 03:00:45,0.088801,0.088801
2020-07-13 04:00:15,0.09045,0.09045
2020-07-13 04:00:45,,0.24923683
2020-07-13 05:00:15,-0.014451,-0.014451
2020-07-13 05:00:45,-0.18836,-0.18836
2020-07-13 06:00:15,-0.37835,-0.37835
2020-07-13 06:00:45,-0.18876,-0.18876
2020-07-13 07:00:15,-0.067527,-0.067527
2020-07-13 07:00:45,-0.057212,-0.057212
2020-07-13 08:00:15,0.52792,0.52792
2020-07-13 08:00:45,0.28102,0.28102
2020-07-13 09:00:15,0.8901,0.8901
2020-07-13 09:00:45,0.89183,0.89183
2020-07-13 10:00:15,0.37139,0.37139
2020-07-13 10:00:45,0.82869,0.82869
2020-07-13 11:00:15,0.40974,0.40974
2020-07-13 11:00:45,0.52329,0.52329
2020-07-13 12:00:15,0.047987,0.047987
2020-07-13 12:00:45,-0.60036,-0.60036
2020-07-13 13:00:15,-0.10591,-0.10591
2020-07-13 13:00:45,0.37974,0.37974
2020-07-13 14:00:15,1.0672,1.0672
2020-07-13 14:00:45,0.34441,0.34441
2020-07-13 15:00:15,1.2229,1.2229
2020-07-13 15:00:45,0.47619,0.47619
2020-07-13 16:00:15,0.69889,0.69889
2020-07-13 16:00:45,-0.024492,-0.024492
2020-07-13 17:00:15,0.56215,0.56215
2020-07-13 17:00:45,-0.10604,-0.10604
2020-07-13 18:00:15,-0.1918,-0.1918
2020-07-13 18:00:45,-0.055259,-0.055259
2020-07-13 19:00:15,-0.023764,-0.023764
2020-07-13 19:00:45,-0.050391,-0.050391
2020-07-13 20:00:15,-0.060592,-0.060592
2020-07-13 20:00:45,0.006461,0.006461
2020-07-13 21:00:15,-0.005701,-0.005701
2020-07-13 21:00:45,-0.018622,-0.018622
2020-07-13 22:00:15,0.011831,0.011831
2020-07-13 22:00:45,0.022142,0.022142
2020-07-13 23:00:15,0.17652,0.17652
2020-07-13 23:00:45,-0.079684,-0.079684
2020-07-14 00:00:15,-0.15366,-0.15366
2020-07-14 00:00:45,0.018289,0.018289
2020-07-14 01:00:15,-0.13805,-0.13805
2020-07-14 01:00:45,-0.000206,-0.000206
2020-07-14 02:00:15,0.25279,0.25279
2020-07-14 02:00:45,,0.079536475
2020-07-14 03:00:15,-0.061011,-0.061011
2020-07-14 03:00:45,-0.078769,-0.078769
2020-07-14 04:00:15,-0.033816,-0.033816
2020-07-14 04:00:45,-0.016661,-0.016661
2020-07-14 05:00:15,-0.049831,-0.049831
2020-07-14 05:00:45,-0.45185,-0.45185
2020-07-14 06:00:15,-0.064165,-0.064165
2020-07-14 06:00:45,-0.23096,-0.23096
2020-07-14 07:00:15,0.035056,0.035056
2020-07-14 07:00:45,1.0293,1.0293
2020-07-14 08:00:15,0.61976,0.61976
2020-07-14 08:00:45,0.82025,0.82025
2020-07-14 09:00:15,0.59091,0.59091
2020-07-14 09:00:45,0.27071,0.27071
2020-07-14 10:00:15,-0.20658,-0.20658
2020-07-14 10:00:45,0.3135,0.3135
2020-07-14 11:00:15,1.0946,1.0946
2020-07-14 11:00:45,0.47346,0.47346
2020-07-14 12:00:15,0.75209,0.75209
2020-07-14 12:00:45,1.3355,1.3355
2020-07-14 13:00:15,1.0134,1.0134
2020-07-14 13:00:45,,-0.15547834749999995
2020-07-14 14:00:15,,0.10011571749999998
2020-07-14 14:00:45,,-0.14845251749999994
2020-07-14 15:00:15,-1.3101,-1.3101
2020-07-14 15:00:45,0.053833,0.053833
2020-07-14 16:00:15,0.04919,0.04919
2020-07-14 16:00:45,-0.12937,-0.12937
2020-07-14 17:00:15,0.087832,0.087832
2020-07-14 17:00:45,0.077796,0.077796
2020-07-14 18:00:15,0.09008,0.09008
2020-07-14 18:00:45,0.011077,0.011077
2020-07-14 19:00:15,-0.10316,-0.10316
2020-07-14 19:00:45,-0.059272,-0.059272
2020-07-14 20:00:15,-0.029792,-0.029792
2020-07-14 20:00:45,-0.088867,-0.088867
2020-07-14 21:00:15,-0.050911,-0.050911
2020-07-14 21:00:45,-0.030655,-0.030655
2020-07-14 22:00:15,-0.096154,-0.096154
2020-07-14 22:00:45,-0.061888,-0.061888
2020-07-14 23:00:15,-0.059262,-0.059262
2020-07-14 23:00:45,-0.027841,-0.027841
2020-07-15 00:00:15,-0.11273,-0.11273
2020-07-15 00:00:45,-0.028591,-0.028591
2020-07-15 01:00:15,-0.015742,-0.015742
2020-07-15 01:00:45,0.008111,0.008111
2020-07-15 02:00:15,0.35751,0.35751
2020-07-15 02:00:45,0.89174,0.89174
2020-07-15 03:00:15,0.62169,0.62169
2020-07-15 03:00:45,0.43849,0.43849
2020-07-15 04:00:15,0.35513,0.35513
2020-07-15 04:00:45,0.47896,0.47896
2020-07-15 05:00:15,0.31207,0.31207
2020-07-15 05:00:45,0.10257,0.10257
2020-07-15 06:00:15,-0.034712,-0.034712
2020-07-15 06:00:45,-0.081128,-0.081128
2020-07-15 07:00:15,-0.37841,-0.37841
2020-07-15 07:00:45,-0.39149,-0.39149
2020-07-15 08:00:15,-0.28022,-0.28022
2020-07-15 08:00:45,0.15994,0.15994
2020-07-15 09:00:15,0.63075,0.63075
2020-07-15 09:00:45,-0.30559,-0.30559
2020-07-15 10:00:15,-0.41244,-0.41244
2020-07-15 10:00:45,0.48412,0.48412
2020-07-15 11:00:15,0.19402,0.19402
2020-07-15 11:00:45,0.14568,0.14568
2020-07-15 12:00:15,-0.076665,-0.076665
2020-07-15 12:00:45,-0.44423,-0.44423
2020-07-15 13:00:15,0.80468,0.80468
2020-07-15 13:00:45,0.35833,0.35833
2020-07-15 14:00:15,-1.623,-1.623
2020-07-15 14:00:45,0.67621,0.67621
2020-07-15 15:00:15,-0.75234,-0.75234
2020-07-15 15:00:45,0.072173,0.072173
2020-07-15 16:00:15,0.04656,0.04656
2020-07-15 16:00:45,-0.42894,-0.42894
2020-07-15 17:00:15,0.79756,0.79756
2020-07-15 17:00:45,-0.23145,-0.23145
2020-07-15 18:00:15,-1.0415,-1.0415
2020-07-15 18:00:45,-0.29795,-0.29795
2020-07-15 19:00:15,0.43633,0.43633
2020-07-15 19:00:45,0.18151,0.18151
2020-07-15 20:00:15,0.019667,0.019667
2020-07-15 20:00:45,0.001964,0.001964
2020-07-15 21:00:15,,0.5697279500000001
2020-07-15 21:00:45,-0.099591,-0.099591
2020-07-15 22:00:15,,0.1933752975
2020-07-15 22:00:45,0.43076,0.43076
2020-07-15 23:00:15,,0.3949348475000001
2020-07-15 23:00:45,0.20317,0.20317
2020-07-16 00:00:15,0.64873,0.64873
2020-07-16 00:00:45,-0.041668,-0.041668
2020-07-16 01:00:15,0.13845,0.13845
2020-07-16 01:00:45,0.065776,0.065776
2020-07-16 02:00:15,0.028079,0.028079
2020-07-16 02:00:45,-0.050835,-0.050835
2020-07-16 03:00:15,0.10244,0.10244
2020-07-16 03:00:45,0.022146,0.022146
2020-07-16 04:00:15,,0.17683139749999993
2020-07-16 04:00:45,,0.6365716774999999
2020-07-16 05:00:15,-0.015025,-0.015025
2020-07-16 05:00:45,0.08884,0.08884
2020-07-16 06:00:15,-0.18739,-0.18739
2020-07-16 06:00:45,-0.35132,-0.35132
2020-07-16 07:00:15,-0.47117,-0.47117
2020-07-16 07:00:45,-0.86059,-0.86059
2020-07-16 08:00:15,-0.59139,-0.59139
2020-07-16 08:00:45,-0.60096,-0.60096
2020-07-16 09:00:15,0.16616,0.16616
2020-07-16 09:00:45,-0.25903,-0.25903
2020-07-16 10:00:15,-0.089312,-0.089312
2020-07-16 10:00:45,0.28249,0.28249
2020-07-16 11:00:15,0.57878,0.57878
2020-07-16 11:00:45,1.0046,1.0046
2020-07-16 12:00:15,0.52039,0.52039
2020-07-16 12:00:45,0.13756,0.13756
2020-07-16 13:00:15,0.79619,0.79619
2020-07-16 13:00:45,0.58456,0.58456
2020-07-16 14:00:15,0.36809,0.36809
2020-07-16 14:00:45,0.96497,0.96497
2020-07-16 15:00:15,0.12357,0.12357
2020-07-16 15:00:45,-0.26367,-0.26367
2020-07-16 16:00:15,-0.096253,-0.096253
2020-07-16 16:00:45,-0.15691,-0.15691
2020-07-16 17:00:15,0.17376,0.17376
2020-07-16 17:00:45,-0.18127,-0.18127
2020-07-16 18:00:15,-0.093162,-0.093162
2020-07-16 18:00:45,-0.12989,-0.12989
2020-07-16 19:00:15,,0.531087655
2020-07-16 19:00:45,0.10014,0.10014
2020-07-16 20:00:15,,0.41167758500000007
2020-07-16 20:00:45,,0.9946849100000005
2020-07-16 21:00:15,,1.4493635400000002
2020-07-16 21:00:45,,0.9565343575000003
2020-07-16 22:00:15,,0.738697625
2020-07-16 22:00:45,,0.7343426924999998
2020-07-16 23:00:15,0.8139,0.8139
2020-07-16 23:00:45,1.2016,1.2016
2020-07-17 00:00:15,1.4586,1.4586
2020-07-17 00:00:45,,1.0732714125
2020-07-17 01:00:15,,1.0160733625000002
2020-07-17 01:00:45,-0.009142,-0.009142
2020-07-17 02:00:15,0.81341,0.81341
2020-07-17 02:00:45,0.72171,0.72171
2020-07-17 03:00:15,1.078,1.078
2020-07-17 03:00:45,0.38128,0.38128
2020-07-17 04:00:15,-0.067718,-0.067718
2020-07-17 04:00:45,0.4102,0.4102
2020-07-17 05:00:15,0.55039,0.55039
2020-07-17 05:00:45,0.58201,0.58201
2020-07-17 06:00:15,0.022021,0.022021
2020-07-17 06:00:45,-0.23894,-0.23894
2020-07-17 07:00:15,-1.0268,-1.0268
2020-07-17 07:00:45,0.10453,0.10453
2020-07-17 08:00:15,0.054952,0.054952
2020-07-17 08:00:45,0.26677,0.26677
2020-07-17 09:00:15,0.33358,0.33358
2020-07-17 09:00:45,0.48239,0.48239
2020-07-17 10:00:15,0.88821,0.88821
2020-07-17 10:00:45,0.67311,0.67311
2020-07-17 11:00:15,0.32539,0.32539
2020-07-17 11:00:45,-0.10863,-0.10863
2020-07-17 12:00:15,-0.18688,-0.18688
2020-07-17 12:00:45,1.3678,1.3678
2020-07-17 13:00:15,1.1591,1.1591
2020-07-17 13:00:45,0.81969,0.81969
2020-07-17 14:00:15,,-0.042900127499999996
2020-07-17 14:00:45,-0.71947,-0.71947
2020-07-17 15:00:15,0.3808,0.3808
2020-07-17 15:00:45,0.16433,0.16433
2020-07-17 16:00:15,0.37764,0.37764
2020-07-17 16:00:45,-0.16189,-0.16189
2020-07-17 17:00:15,-0.16072,-0.16072
2020-07-17 17:00:45,-0.1777,-0.1777
2020-07-17 18:00:15,0.48913,0.48913
2020-07-17 18:00:45,-0.11052,-0.11052
2020-07-17 19:00:15,-0.049116,-0.049116
2020-07-17 19:00:45,,0.24681749000000003
2020-07-17 20:00:15,0.099419,0.099419
2020-07-17 20:00:45,0.03576,0.03576
2020-07-17 21:00:15,-0.073001,-0.073001
2020-07-17 21:00:45,-0.036803,-0.036803
2020-07-17 22:00:15,0.023554,0.023554
2020-07-17 22:00:45,,0.2577873049999999
2020-07-17 23:00:15,-0.15164,-0.15164
2020-07-17 23:00:45,0.63285,0.63285
2020-07-18 00:00:15,0.16916,0.16916
2020-07-18 00:00:45,0.081617,0.081617
2020-07-18 01:00:15,0.055733,0.055733
2020-07-18 01:00:45,0.98061,0.98061
2020-07-18 02:00:15,0.82804,0.82804
2020-07-18 02:00:45,0.055068,0.055068
2020-07-18 03:00:15,0.33858,0.33858
2020-07-18 03:00:45,0.26375,0.26375
2020-07-18 04:00:15,0.19297,0.19297
2020-07-18 04:00:45,0.24453,0.24453
2020-07-18 05:00:15,-0.08607,-0.08607
2020-07-18 05:00:45,0.24904,0.24904
2020-07-18 06:00:15,-1.1766,-1.1766
2020-07-18 06:00:45,-1.2051,-1.2051
2020-07-18 07:00:15,-0.4736,-0.4736
2020-07-18 07:00:45,-0.20348,-0.20348
2020-07-18 08:00:15,-0.20125,-0.20125
2020-07-18 08:00:45,-0.50411,-0.50411
2020-07-18 09:00:15,-0.54438,-0.54438
2020-07-18 09:00:45,-0.27647,-0.27647
2020-07-18 10:00:15,-0.19897,-0.19897
2020-07-18 10:00:45,-0.057414,-0.057414
2020-07-18 11:00:15,0.51043,0.51043
2020-07-18 11:00:45,-0.13175,-0.13175
2020-07-18 12:00:15,-0.45446,-0.45446
2020-07-18 12:00:45,0.69149,0.69149
2020-07-18 13:00:15,0.047568,0.047568
2020-07-18 13:00:45,-0.51767,-0.51767
2020-07-18 14:00:15,-0.11238,-0.11238
2020-07-18 14:00:45,-0.43052,-0.43052
2020-07-18 15:00:15,-1.3253,-1.3253
2020-07-18 15:00:45,-0.26472,-0.26472
2020-07-18 16:00:15,,-0.21042447249999996
2020-07-18 16:00:45,-0.26387,-0.26387
2020-07-18 17:00:15,-0.36143,-0.36143
2020-07-18 17:00:45,-0.13488,-0.13488
2020-07-18 18:00:15,-0.29209,-0.29209
2020-07-18 18:00:45,-0.16831,-0.16831
2020-07-18 19:00:15,-0.003872,-0.003872
2020-07-18 19:00:45,0.11881,0.11881
2020-07-18 20:00:15,-0.062422,-0.062422
2020-07-18 20:00:45,-0.078608,-0.078608
2020-07-18 21:00:15,-0.005373,-0.005373
2020-07-18 21:00:45,0.034514,0.034514
2020-07-18 22:00:15,-0.1258,-0.1258
2020-07-18 22:00:45,0.029439,0.029439
2020-07-18 23:00:15,0.004211,0.004211
2020-07-18 23:00:45,,0.10967003749999998
2020-07-19 00:00:15,0.42113,0.42113
2020-07-19 00:00:45,0.37859,0.37859
2020-07-19 01:00:15,0.14439,0.14439
2020-07-19 01:00:45,0.046193,0.046193
2020-07-19 02:00:15,-0.003107,-0.003107
2020-07-19 02:00:45,-0.062462,-0.062462
2020-07-19 03:00:15,-0.070489,-0.070489
2020-07-19 03:00:45,-0.010526,-0.010526
2020-07-19 04:00:15,0.022906,0.022906
2020-07-19 04:00:45,-0.090444,-0.090444
2020-07-19 05:00:15,0.12353,0.12353
2020-07-19 05:00:45,0.66541,0.66541
2020-07-19 06:00:15,-0.46471,-0.46471
2020-07-19 06:00:45,-0.61285,-0.61285
2020-07-19 07:00:15,-1.2333,-1.2333
2020-07-19 07:00:45,-0.64088,-0.64088
2020-07-19 08:00:15,-0.22047,-0.22047
2020-07-19 08:00:45,0.082929,0.082929
2020-07-19 09:00:15,-1.913,-1.913
2020-07-19 09:00:45,0.27169,0.27169
2020-07-19 10:00:15,0.037789,0.037789
2020-07-19 10:00:45,-0.45007,-0.45007
2020-07-19 11:00:15,0.61839,0.61839
2020-07-19 11:00:45,-0.17084,-0.17084
2020-07-19 12:00:15,-0.016741,-0.016741
2020-07-19 12:00:45,-0.17172,-0.17172
2020-07-19 13:00:15,1.6867,1.6867
2020-07-19 13:00:45,0.001345,0.001345
2020-07-19 14:00:15,0.47714,0.47714
2020-07-19 14:00:45,-0.2777,-0.2777
2020-07-19 15:00:15,-0.32259,-0.32259
2020-07-19 15:00:45,-0.18923,-0.18923
2020-07-19 16:00:15,-0.49352,-0.49352
2020-07-19 16:00:45,0.29274,0.29274
2020-07-19 17:00:15,-0.069334,-0.069334
2020-07-19 17:00:45,0.088996,0.088996
2020-07-19 18:00:15,0.25125,0.25125
2020-07-19 18:00:45,0.31877,0.31877
2020-07-19 19:00:15,,0.8442444249999999
2020-07-19 19:00:45,,0.7046847175
2020-07-19 20:00:15,1.2057,1.2057
2020-07-19 20:00:45,1.082,1.082
2020-07-19 21:00:15,0.71217,0.71217
2020-07-19 21:00:45,0.69386,0.69386
2020-07-19 22:00:15,0.50843,0.50843
2020-07-19 22:00:45,0.64971,0.64971
2020-07-19 23:00:15,1.8081,1.8081
2020-07-19 23:00:45,-0.13239,-0.13239
2020-07-20 00:00:15,0.34345,0.34345
2020-07-20 00:00:45,0.19418,0.19418
2020-07-20 01:00:15,0.6478,0.6478
2020-07-20 01:00:45,0.20883,0.20883
2020-07-20 02:00:15,0.095412,0.095412
2020-07-20 02:00:45,0.021039,0.021039
2020-07-20 03:00:15,0.021702,0.021702
2020-07-20 03:00:45,-0.047605,-0.047605
2020-07-20 04:00:15,0.078283,0.078283
2020-07-20 04:00:45,-0.12811,-0.12811
2020-07-20 05:00:15,-0.004323,-0.004323
2020-07-20 05:00:45,-0.26902,-0.26902
2020-07-20 06:00:15,-0.091396,-0.091396
2020-07-20 06:00:45,-1.5424,-1.5424
2020-07-20 07:00:15,0.036347,0.036347
2020-07-20 07:00:45,-0.019374,-0.019374
2020-07-20 08:00:15,-0.55515,-0.55515
2020-07-20 08:00:45,-1.1644,-1.1644
2020-07-20 09:00:15,0.33834,0.33834
2020-07-20 09:00:45,0.82268,0.82268
2020-07-20 10:00:15,-0.11946,-0.11946
2020-07-20 10:00:45,0.44373,0.44373
2020-07-20 11:00:15,0.3829,0.3829
2020-07-20 11:00:45,0.50058,0.50058
2020-07-20 12:00:15,0.6046,0.6046
2020-07-20 12:00:45,-0.82147,-0.82147
2020-07-20 13:00:15,-0.29015,-0.29015
2020-07-20 13:00:45,,0.6922546425000001
2020-07-20 14:00:15,-0.62479,-0.62479
2020-07-20 14:00:45,0.42807,0.42807
2020-07-20 15:00:15,0.69124,0.69124
2020-07-20 15:00:45,0.41532,0.41532
2020-07-20 16:00:15,0.23222,0.23222
2020-07-20 16:00:45,0.13532,0.13532
2020-07-20 17:00:15,-0.23141,-0.23141
2020-07-20 17:00:45,-0.32619,-0.32619
2020-07-20 18:00:15,-0.3378,-0.3378
2020-07-20 18:00:45,0.22522,0.22522
2020-07-20 19:00:15,2.2023,2.2023
2020-07-20 19:00:45,0.13426,0.13426
2020-07-20 20:00:15,0.14393,0.14393
2020-07-20 20:00:45,0.00636,0.00636
2020-07-20 21:00:15,0.23928,0.23928
2020-07-20 21:00:45,0.07585,0.07585
2020-07-20 22:00:15,-0.086855,-0.086855
2020-07-20 22:00:45,0.10071,0.10071
2020-07-20 23:00:15,0.16253,0.16253
2020-07-20 23:00:45,0.015995,0.015995
2020-07-21 00:00:15,0.12902,0.12902
2020-07-21 00:00:45,,0.28671078250000015
2020-07-21 01:00:15,0.03076,0.03076
2020-07-21 01:00:45,,0.13256037750000002
2020-07-21 02:00:15,-0.11712,-0.11712
2020-07-21 02:00:45,0.16348,0.16348
2020-07-21 03:00:15,0.015955,0.015955
2020-07-21 03:00:45,-0.009555,-0.009555
2020-07-21 04:00:15,0.041124,0.041124
2020-07-21 04:00:45,-0.007611,-0.007611
2020-07-21 05:00:15,-0.056654,-0.056654
2020-07-21 05:00:45,-0.34476,-0.34476
2020-07-21 06:00:15,-0.69639,-0.69639
2020-07-21 06:00:45,-0.39612,-0.39612
2020-07-21 07:00:15,-0.15034,-0.15034
2020-07-21 07:00:45,-0.13927,-0.13927
2020-07-21 08:00:15,-0.1577,-0.1577
2020-07-21 08:00:45,-0.16195,-0.16195
2020-07-21 09:00:15,-0.5734,-0.5734
2020-07-21 09:00:45,-0.27213,-0.27213
2020-07-21 10:00:15,-0.72325,-0.72325
2020-07-21 10:00:45,-1.0213,-1.0213
2020-07-21 11:00:15,-0.32514,-0.32514
2020-07-21 11:00:45,0.086756,0.086756
2020-07-21 12:00:15,-0.8205,-0.8205
2020-07-21 12:00:45,-0.49936,-0.49936
2020-07-21 13:00:15,0.19385,0.19385
2020-07-21 13:00:45,-0.20706,-0.20706
2020-07-21 14:00:15,-0.48196,-0.48196
2020-07-21 14:00:45,,-0.5066736975000001
2020-07-21 15:00:15,-2.6757,-2.6757
2020-07-21 15:00:45,-1.6604,-1.6604
2020-07-21 16:00:15,,0.04158769250000001
2020-07-21 16:00:45,,0.4872565750000001
2020-07-21 17:00:15,1.2265,1.2265
2020-07-21 17:00:45,0.76879,0.76879
2020-07-21 18:00:15,0.56576,0.56576
2020-07-21 18:00:45,0.34586,0.34586
2020-07-21 19:00:15,0.30371,0.30371
2020-07-21 19:00:45,,0.6025753224999999
2020-07-21 20:00:15,,0.20375445
2020-07-21 20:00:45,0.10781,0.10781
2020-07-21 21:00:15,-0.10769,-0.10769
2020-07-21 21:00:45,,0.2611598900000001
2020-07-21 22:00:15,0.3136,0.3136
2020-07-21 22:00:45,0.31565,0.31565
2020-07-21 23:00:15,4.5343,4.5343
2020-07-21 23:00:45,0.20692,0.20692
2020-07-22 00:00:15,-0.079066,-0.079066
2020-07-22 00:00:45,-0.084014,-0.084014
2020-07-22 01:00:15,,0.2628785875
2020-07-22 01:00:45,-0.00048,-0.00048
2020-07-22 02:00:15,-0.001269,-0.001269
2020-07-22 02:00:45,-0.04043,-0.04043
2020-07-22 03:00:15,-0.057286,-0.057286
2020-07-22 03:00:45,-0.028756,-0.028756
2020-07-22 04:00:15,-0.11001,-0.11001
2020-07-22 04:00:45,-0.03969,-0.03969
2020-07-22 05:00:15,0.017951,0.017951
2020-07-22 05:00:45,-0.091409,-0.091409
2020-07-22 06:00:15,-0.13509,-0.13509
2020-07-22 06:00:45,-0.15137,-0.15137
2020-07-22 07:00:15,1.1266,1.1266
2020-07-22 07:00:45,0.61649,0.61649
2020-07-22 08:00:15,-0.29582,-0.29582
2020-07-22 08:00:45,1.0094,1.0094
2020-07-22 09:00:15,0.30321,0.30321
2020-07-22 09:00:45,-0.10177,-0.10177
2020-07-22 10:00:15,-0.28702,-0.28702
2020-07-22 10:00:45,-0.7946,-0.7946
2020-07-22 11:00:15,-0.2936,-0.2936
2020-07-22 11:00:45,-0.80247,-0.80247
2020-07-22 12:00:15,-0.72346,-0.72346
2020-07-22 12:00:45,-0.66969,-0.66969
2020-07-22 13:00:15,-0.6198,-0.6198
2020-07-22 13:00:45,0.13556,0.13556
2020-07-22 14:00:15,0.23093,0.23093
2020-07-22 14:00:45,-0.91637,-0.91637
2020-07-22 15:00:15,-0.3162,-0.3162
2020-07-22 15:00:45,-0.48232,-0.48232
2020-07-22 16:00:15,1.5991,1.5991
2020-07-22 16:00:45,,0.07869678000000001
2020-07-22 17:00:15,,0.7735340224999999
2020-07-22 17:00:45,,1.3699858174999995
2020-07-22 18:00:15,,1.352576775
2020-07-22 18:00:45,,1.4706820699999998
2020-07-22 19:00:15,,1.3886196999999996
2020-07-22 19:00:45,,1.4836279924999995
2020-07-22 20:00:15,,1.4290102700000002
2020-07-22 20:00:45,,1.2605999175
2020-07-22 21:00:15,,1.2707501875000002
2020-07-22 21:00:45,,1.4894761399999994
2020-07-22 22:00:15,2.192,2.192
2020-07-22 22:00:45,1.5024,1.5024
2020-07-22 23:00:15,1.7737,1.7737
2020-07-22 23:00:45,,1.5476803224999998
2020-07-23 00:00:15,0.53829,0.53829
2020-07-23 00:00:45,1.0779,1.0779
2020-07-23 01:00:15,,1.253621775
2020-07-23 01:00:45,,1.1907880125000005
2020-07-23 02:00:15,,1.5706831775000003
2020-07-23 02:00:45,2.0233,2.0233
2020-07-23 03:00:15,2.2738,2.2738
2020-07-23 03:00:45,1.2145,1.2145
2020-07-23 04:00:15,3.3719,3.3719
2020-07-23 04:00:45,,1.9083524899999995
2020-07-23 05:00:15,0.18231,0.18231
2020-07-23 05:00:45,,0.653438225
2020-07-23 06:00:15,,0.6715378800000001
2020-07-23 06:00:45,2.4778,2.4778
2020-07-23 07:00:15,0.91463,0.91463
2020-07-23 07:00:45,2.6024,2.6024
2020-07-23 08:00:15,3.0626,3.0626
2020-07-23 08:00:45,2.6226,2.6226
2020-07-23 09:00:15,1.9305,1.9305
2020-07-23 09:00:45,4.7874,4.7874
2020-07-23 10:00:15,3.9306,3.9306
2020-07-23 10:00:45,4.8001,4.8001
2020-07-23 11:00:15,4.3903,4.3903
2020-07-23 11:00:45,3.6547,3.6547
2020-07-23 12:00:15,4.4951,4.4951
2020-07-23 12:00:45,,2.5504350375
2020-07-23 13:00:15,3.975,3.975
2020-07-23 13:00:45,5.9232,5.9232
2020-07-23 14:00:15,4.2755,4.2755
2020-07-23 14:00:45,2.5374,2.5374
2020-07-23 15:00:15,2.2653,2.2653
2020-07-23 15:00:45,1.2226,1.2226
2020-07-23 16:00:15,1.3213,1.3213
2020-07-23 16:00:45,,1.097901035
2020-07-23 17:00:15,1.7183,1.7183
2020-07-23 17:00:45,,-0.3162460100000001
2020-07-23 18:00:15,,0.77622885
2020-07-23 18:00:45,2.9625,2.9625
2020-07-23 19:00:15,,1.6862863975
2020-07-23 19:00:45,,1.4450773999999995
2020-07-23 20:00:15,,1.1871081375000005
2020-07-23 20:00:45,1.2861,1.2861
2020-07-23 21:00:15,1.3151,1.3151
2020-07-23 21:00:45,1.5913,1.5913
2020-07-23 22:00:15,0.69204,0.69204
2020-07-23 22:00:45,,1.3951810024999998
2020-07-23 23:00:15,0.66519,0.66519
2020-07-23 23:00:45,1.5469,1.5469
2020-07-24 00:00:15,1.4181,1.4181
2020-07-24 00:00:45,,1.4123596974999997
2020-07-24 01:00:15,,1.4006325474999994
2020-07-24 01:00:45,1.4167,1.4167
2020-07-24 02:00:15,2.7857,2.7857
2020-07-24 02:00:45,0.9955,0.9955
2020-07-24 03:00:15,1.8081,1.8081
2020-07-24 03:00:45,1.7977,1.7977
2020-07-24 04:00:15,0.023136,0.023136
2020-07-24 04:00:45,,1.3065159175
2020-07-24 05:00:15,,1.2698766750000001
2020-07-24 05:00:45,1.7523,1.7523
2020-07-24 06:00:15,-3.291,-3.291
2020-07-24 06:00:45,-0.93268,-0.93268
2020-07-24 07:00:15,,0.29235837499999984
2020-07-24 07:00:45,1.7391,1.7391
2020-07-24 08:00:15,0.85489,0.85489
2020-07-24 08:00:45,1.4075,1.4075
2020-07-24 09:00:15,0.71859,0.71859
2020-07-24 09:00:45,0.8753,0.8753
2020-07-24 10:00:15,1.1286,1.1286
2020-07-24 10:00:45,2.6342,2.6342
2020-07-24 11:00:15,2.2007,2.2007
2020-07-24 11:00:45,3.5824,3.5824
2020-07-24 12:00:15,2.4494,2.4494
2020-07-24 12:00:45,1.9494,1.9494
2020-07-24 13:00:15,2.1294,2.1294
2020-07-24 13:00:45,2.2389,2.2389
2020-07-24 14:00:15,2.4908,2.4908
2020-07-24 14:00:45,,0.9525443175
2020-07-24 15:00:15,0.28069,0.28069
2020-07-24 15:00:45,,0.8302897675
2020-07-24 16:00:15,1.1976,1.1976
2020-07-24 16:00:45,3.7958,3.7958
2020-07-24 17:00:15,1.6093,1.6093
2020-07-24 17:00:45,-3.4917,-3.4917
2020-07-24 18:00:15,,1.311096295
2020-07-24 18:00:45,,1.5930560024999998
2020-07-24 19:00:15,,1.3480325799999995
2020-07-24 19:00:45,,1.4937759124999994
2020-07-24 20:00:15,,1.4309231149999992
2020-07-24 20:00:45,,1.2235179050000002
2020-07-24 21:00:15,,1.3541432775000002
2020-07-24 21:00:45,,1.6404876474999994
2020-07-24 22:00:15,,1.7273431899999991
2020-07-24 22:00:45,,1.7148605249999989
2020-07-24 23:00:15,,1.0513779200000002
2020-07-24 23:00:45,,0.8147852349999998
2020-07-25 00:00:15,0.26997,0.26997
2020-07-25 00:00:45,0.13338,0.13338
2020-07-25 01:00:15,0.54162,0.54162
2020-07-25 01:00:45,0.66313,0.66313
2020-07-25 02:00:15,0.74201,0.74201
2020-07-25 02:00:45,,1.3916038050000001
2020-07-25 03:00:15,2.4749,2.4749
2020-07-25 03:00:45,1.5769,1.5769
2020-07-25 04:00:15,4.4555,4.4555
2020-07-25 04:00:45,1.5641,1.5641
2020-07-25 05:00:15,,1.0420132875
2020-07-25 05:00:45,0.98697,0.98697
2020-07-25 06:00:15,-0.28302,-0.28302
2020-07-25 06:00:45,-1.1002,-1.1002
2020-07-25 07:00:15,0.81646,0.81646
2020-07-25 07:00:45,1.1338,1.1338
2020-07-25 08:00:15,0.37573,0.37573
2020-07-25 08:00:45,0.87165,0.87165
2020-07-25 09:00:15,0.97851,0.97851
2020-07-25 09:00:45,0.92805,0.92805
2020-07-25 10:00:15,1.5115,1.5115
2020-07-25 10:00:45,0.86643,0.86643
2020-07-25 11:00:15,0.30888,0.30888
2020-07-25 11:00:45,1.7254,1.7254
2020-07-25 12:00:15,1.4043,1.4043
2020-07-25 12:00:45,2.426,2.426
2020-07-25 13:00:15,2.9959,2.9959
2020-07-25 13:00:45,3.2086,3.2086
2020-07-25 14:00:15,2.648,2.648
2020-07-25 14:00:45,1.8809,1.8809
2020-07-25 15:00:15,1.6568,1.6568
2020-07-25 15:00:45,1.5194,1.5194
2020-07-25 16:00:15,1.2104,1.2104
2020-07-25 16:00:45,1.1905,1.1905
2020-07-25 17:00:15,1.0811,1.0811
2020-07-25 17:00:45,1.8,1.8
2020-07-25 18:00:15,1.5543,1.5543
2020-07-25 18:00:45,2.0677,2.0677
2020-07-25 19:00:15,0.91207,0.91207
2020-07-25 19:00:45,-0.030804,-0.030804
2020-07-25 20:00:15,0.32036,0.32036
2020-07-25 20:00:45,0.63916,0.63916
2020-07-25 21:00:15,1.6239,1.6239
2020-07-25 21:00:45,0.31508,0.31508
2020-07-25 22:00:15,1.7165,1.7165
2020-07-25 22:00:45,1.0613,1.0613
2020-07-25 23:00:15,1.0878,1.0878
2020-07-25 23:00:45,0.7345,0.7345
2020-07-26 00:00:15,,0.9150618449999997
2020-07-26 00:00:45,1.1891,1.1891
2020-07-26 01:00:15,1.5336,1.5336
2020-07-26 01:00:45,1.0544,1.0544
2020-07-26 02:00:15,1.1486,1.1486
2020-07-26 02:00:45,2.4822,2.4822
2020-07-26 03:00:15,0.67285,0.67285
2020-07-26 03:00:45,,1.1986479975000002
2020-07-26 04:00:15,1.8907,1.8907
2020-07-26 04:00:45,2.2307,2.2307
2020-07-26 05:00:15,0.51517,0.51517
2020-07-26 05:00:45,0.38429,0.38429
2020-07-26 06:00:15,0.035792,0.035792
2020-07-26 06:00:45,0.83525,0.83525
2020-07-26 07:00:15,1.5083,1.5083
2020-07-26 07:00:45,1.6244,1.6244
2020-07-26 08:00:15,0.45959,0.45959
2020-07-26 08:00:45,-1.0546,-1.0546
2020-07-26 09:00:15,0.47644,0.47644
2020-07-26 09:00:45,0.51254,0.51254
2020-07-26 10:00:15,0.33192,0.33192
2020-07-26 10:00:45,1.4285,1.4285
2020-07-26 11:00:15,-1.205,-1.205
2020-07-26 11:00:45,1.7354,1.7354
2020-07-26 12:00:15,2.6525,2.6525
2020-07-26 12:00:45,,0.4971442475000001
2020-07-26 13:00:15,3.475,3.475
2020-07-26 13:00:45,0.37659,0.37659
2020-07-26 14:00:15,1.7851,1.7851
2020-07-26 14:00:45,0.36853,0.36853
2020-07-26 15:00:15,1.3929,1.3929
2020-07-26 15:00:45,,0.326125715
2020-07-26 16:00:15,,1.2329762700000002
2020-07-26 16:00:45,,1.2120502025000002
2020-07-26 17:00:15,,1.1613273625
2020-07-26 17:00:45,,1.2911275475
2020-07-26 18:00:15,,1.3837133574999998
2020-07-26 18:00:45,,1.3941835849999997
2020-07-26 19:00:15,,1.5567726524999994
2020-07-26 19:00:45,,1.4979412374999992
2020-07-26 20:00:15,2.4664,2.4664
2020-07-26 20:00:45,1.7342,1.7342
2020-07-26 21:00:15,1.9774,1.9774
2020-07-26 21:00:45,0.63728,0.63728
2020-07-26 22:00:15,0.87912,0.87912
2020-07-26 22:00:45,0.99177,0.99177
2020-07-26 23:00:15,,1.5343255950000008
2020-07-26 23:00:45,1.6478,1.6478
2020-07-27 00:00:15,1.492,1.492
2020-07-27 00:00:45,3.7956,3.7956
2020-07-27 01:00:15,,2.174831497499998
2020-07-27 01:00:45,1.52,1.52
2020-07-27 02:00:15,3.2702,3.2702
2020-07-27 02:00:45,,1.836725334999999
2020-07-27 03:00:15,0.98961,0.98961
2020-07-27 03:00:45,,1.4256334425
2020-07-27 04:00:15,-0.175,-0.175
2020-07-27 04:00:45,1.386,1.386
2020-07-27 05:00:15,1.1975,1.1975
2020-07-27 05:00:45,0.86875,0.86875
2020-07-27 06:00:15,1.4706,1.4706
2020-07-27 06:00:45,2.7961,2.7961
2020-07-27 07:00:15,-0.83443,-0.83443
2020-07-27 07:00:45,0.98307,0.98307
2020-07-27 08:00:15,-3.5399,-3.5399
2020-07-27 08:00:45,-1.2146,-1.2146
2020-07-27 09:00:15,,0.03846554500000001
2020-07-27 09:00:45,1.4691,1.4691
2020-07-27 10:00:15,0.80047,0.80047
2020-07-27 10:00:45,0.000935,0.000935
2020-07-27 11:00:15,0.78794,0.78794
2020-07-27 11:00:45,1.6163,1.6163
2020-07-27 12:00:15,2.0375,2.0375
2020-07-27 12:00:45,2.1119,2.1119
2020-07-27 13:00:15,2.8504,2.8504
2020-07-27 13:00:45,0.14154,0.14154
2020-07-27 14:00:15,2.6133,2.6133
2020-07-27 14:00:45,0.42522,0.42522
2020-07-27 15:00:15,1.1463,1.1463
2020-07-27 15:00:45,0.36805,0.36805
2020-07-27 16:00:15,0.91864,0.91864
2020-07-27 16:00:45,1.2892,1.2892
2020-07-27 17:00:15,0.56406,0.56406
2020-07-27 17:00:45,0.27023,0.27023
2020-07-27 18:00:15,1.7255,1.7255
2020-07-27 18:00:45,1.2705,1.2705
2020-07-27 19:00:15,2.1688,2.1688
2020-07-27 19:00:45,,1.4184215975
2020-07-27 20:00:15,1.6487,1.6487
2020-07-27 20:00:45,1.0263,1.0263
2020-07-27 21:00:15,0.32792,0.32792
2020-07-27 21:00:45,0.80434,0.80434
2020-07-27 22:00:15,1.3079,1.3079
2020-07-27 22:00:45,0.34126,0.34126
2020-07-27 23:00:15,,0.85001307
2020-07-27 23:00:45,0.45209,0.45209
2020-07-28 00:00:15,,1.159158525
2020-07-28 00:00:45,3.0373,3.0373
2020-07-28 01:00:15,0.95954,0.95954
2020-07-28 01:00:45,,1.1833891975000004
2020-07-28 02:00:15,1.6314,1.6314
2020-07-28 02:00:45,1.231,1.231
2020-07-28 03:00:15,1.2558,1.2558
2020-07-28 03:00:45,1.322,1.322
2020-07-28 04:00:15,1.1881,1.1881
2020-07-28 04:00:45,1.1023,1.1023
2020-07-28 05:00:15,1.3707,1.3707
2020-07-28 05:00:45,,0.8603541375000001
2020-07-28 06:00:15,,0.5196163699999999
2020-07-28 06:00:45,-4.1236,-4.1236
2020-07-28 07:00:15,3.3496,3.3496
2020-07-28 07:00:45,-1.0296,-1.0296
2020-07-28 08:00:15,,0.9692137249999999
2020-07-28 08:00:45,-0.55416,-0.55416
2020-07-28 09:00:15,-2.7358,-2.7358
2020-07-28 09:00:45,0.118,0.118
2020-07-28 10:00:15,0.50819,0.50819
2020-07-28 10:00:45,-0.15733,-0.15733
2020-07-28 11:00:15,0.26043,0.26043
2020-07-28 11:00:45,-1.8034,-1.8034
2020-07-28 12:00:15,0.59605,0.59605
2020-07-28 12:00:45,-0.48372,-0.48372
2020-07-28 13:00:15,1.0138,1.0138
2020-07-28 13:00:45,4.0187,4.0187
2020-07-28 14:00:15,0.72296,0.72296
2020-07-28 14:00:45,1.1007,1.1007
2020-07-28 15:00:15,1.3231,1.3231
2020-07-28 15:00:45,0.86061,0.86061
2020-07-28 16:00:15,-0.86768,-0.86768
2020-07-28 16:00:45,,0.9201511375000002
2020-07-28 17:00:15,,0.42754622
2020-07-28 17:00:45,,0.560181635
2020-07-28 18:00:15,-0.10355,-0.10355
2020-07-28 18:00:45,1.7193,1.7193
2020-07-28 19:00:15,2.4044,2.4044
2020-07-28 19:00:45,1.5577,1.5577
2020-07-28 20:00:15,-0.14383,-0.14383
2020-07-28 20:00:45,0.79147,0.79147
2020-07-28 21:00:15,1.0016,1.0016
2020-07-28 21:00:45,1.0831,1.0831
2020-07-28 22:00:15,,0.7873564475000001
2020-07-28 22:00:45,,0.5131375024999999
2020-07-28 23:00:15,0.214,0.214
2020-07-28 23:00:45,0.54033,0.54033
2020-07-29 00:00:15,0.30319,0.30319
2020-07-29 00:00:45,0.013483,0.013483
2020-07-29 01:00:15,-0.1435,-0.1435
2020-07-29 01:00:45,0.68307,0.68307
2020-07-29 02:00:15,,0.4017376625
2020-07-29 02:00:45,,0.5471258199999998
2020-07-29 03:00:15,1.0181,1.0181
2020-07-29 03:00:45,,0.37456797
2020-07-29 04:00:15,0.25483,0.25483
2020-07-29 04:00:45,0.31935,0.31935
2020-07-29 05:00:15,,0.5637754999999998
2020-07-29 05:00:45,0.31541,0.31541
2020-07-29 06:00:15,-1.7698,-1.7698
2020-07-29 06:00:45,5.7243,5.7243
2020-07-29 07:00:15,1.2779,1.2779
2020-07-29 07:00:45,-1.8273,-1.8273
2020-07-29 08:00:15,-0.19955,-0.19955
2020-07-29 08:00:45,-1.0288,-1.0288
2020-07-29 09:00:15,0.17589,0.17589
2020-07-29 09:00:45,-3.3215,-3.3215
2020-07-29 10:00:15,1.6367,1.6367
2020-07-29 10:00:45,0.84121,0.84121
2020-07-29 11:00:15,1.4856,1.4856
2020-07-29 11:00:45,4.4852,4.4852
2020-07-29 12:00:15,3.103,3.103
2020-07-29 12:00:45,2.069,2.069
2020-07-29 13:00:15,2.8646,2.8646
2020-07-29 13:00:45,4.1597,4.1597
2020-07-29 14:00:15,3.5444,3.5444
2020-07-29 14:00:45,1.5953,1.5953
2020-07-29 15:00:15,1.8297,1.8297
2020-07-29 15:00:45,1.0668,1.0668
2020-07-29 16:00:15,1.1588,1.1588
2020-07-29 16:00:45,0.41447,0.41447
2020-07-29 17:00:15,0.90488,0.90488
2020-07-29 17:00:45,0.46487,0.46487
2020-07-29 18:00:15,0.066592,0.066592
2020-07-29 18:00:45,0.45074,0.45074
2020-07-29 19:00:15,0.088123,0.088123
2020-07-29 19:00:45,,0.16574343749999992
2020-07-29 20:00:15,0.19259,0.19259
2020-07-29 20:00:45,0.83135,0.83135
2020-07-29 21:00:15,-0.054811,-0.054811
2020-07-29 21:00:45,0.19036,0.19036
2020-07-29 22:00:15,0.49729,0.49729
2020-07-29 22:00:45,,0.6162269625000001
2020-07-29 23:00:15,,0.573974115
2020-07-29 23:00:45,,0.7799644324999999
2020-07-30 00:00:15,1.1801,1.1801
2020-07-30 00:00:45,0.39448,0.39448
2020-07-30 01:00:15,0.27519,0.27519
2020-07-30 01:00:45,,0.6582974699999998
2020-07-30 02:00:15,0.73471,0.73471
2020-07-30 02:00:45,0.26403,0.26403
2020-07-30 03:00:15,0.6615,0.6615
2020-07-30 03:00:45,,0.4469678575
2020-07-30 04:00:15,,0.6666815249999997
2020-07-30 04:00:45,,0.6397930849999999
2020-07-30 05:00:15,1.3011,1.3011
2020-07-30 05:00:45,-1.6721,-1.6721
2020-07-30 06:00:15,1.5505,1.5505
2020-07-30 06:00:45,-0.7527,-0.7527
2020-07-30 07:00:15,-0.22192,-0.22192
2020-07-30 07:00:45,-0.28313,-0.28313
2020-07-30 08:00:15,-1.2271,-1.2271
2020-07-30 08:00:45,1.873,1.873
2020-07-30 09:00:15,-0.71593,-0.71593
2020-07-30 09:00:45,-0.23103,-0.23103
2020-07-30 10:00:15,-0.094274,-0.094274
2020-07-30 10:00:45,0.27763,0.27763
2020-07-30 11:00:15,0.488,0.488
2020-07-30 11:00:45,0.75026,0.75026
2020-07-30 12:00:15,-1.5591,-1.5591
2020-07-30 12:00:45,3.756,3.756
2020-07-30 13:00:15,1.0629,1.0629
2020-07-30 13:00:45,1.4075,1.4075
2020-07-30 14:00:15,0.4883,0.4883
2020-07-30 14:00:45,0.090262,0.090262
2020-07-30 15:00:15,0.35128,0.35128
2020-07-30 15:00:45,0.22295,0.22295
2020-07-30 16:00:15,0.2888,0.2888
2020-07-30 16:00:45,0.88924,0.88924
2020-07-30 17:00:15,0.75943,0.75943
2020-07-30 17:00:45,0.75369,0.75369
2020-07-30 18:00:15,1.0134,1.0134
2020-07-30 18:00:45,1.0142,1.0142
2020-07-30 19:00:15,0.92853,0.92853
2020-07-30 19:00:45,0.75185,0.75185
2020-07-30 20:00:15,0.94743,0.94743
2020-07-30 20:00:45,0.57528,0.57528
2020-07-30 21:00:15,,0.5219404974999999
2020-07-30 21:00:45,0.84219,0.84219
2020-07-30 22:00:15,,1.1367009225000002
2020-07-30 22:00:45,1.0112,1.0112
2020-07-30 23:00:15,1.4621,1.4621
2020-07-30 23:00:45,2.1514,2.1514
2020-07-31 00:00:15,1.6011,1.6011
2020-07-31 00:00:45,1.491,1.491
2020-07-31 01:00:15,1.5435,1.5435
2020-07-31 01:00:45,1.3948,1.3948
2020-07-31 02:00:15,0.96523,0.96523
2020-07-31 02:00:45,1.372,1.372
2020-07-31 03:00:15,0.95454,0.95454
2020-07-31 03:00:45,1.4383,1.4383
2020-07-31 04:00:15,1.3724,1.3724
2020-07-31 04:00:45,1.1917,1.1917
2020-07-31 05:00:15,1.3994,1.3994
2020-07-31 05:00:45,0.62653,0.62653
2020-07-31 06:00:15,-0.75893,-0.75893
2020-07-31 06:00:45,-1.4185,-1.4185
2020-07-31 07:00:15,-1.2152,-1.2152
2020-07-31 07:00:45,-1.5509,-1.5509
2020-07-31 08:00:15,-1.5768,-1.5768
2020-07-31 08:00:45,-1.4608,-1.4608
2020-07-31 09:00:15,-1.8681,-1.8681
2020-07-31 09:00:45,-2.2356,-2.2356
2020-07-31 10:00:15,-2.0739,-2.0739
2020-07-31 10:00:45,-1.2354,-1.2354
2020-07-31 11:00:15,-1.9015,-1.9015
2020-07-31 11:00:45,-1.3866,-1.3866
2020-07-31 12:00:15,-1.3619,-1.3619
2020-07-31 12:00:45,-1.3632,-1.3632
2020-07-31 13:00:15,0.51236,0.51236
2020-07-31 13:00:45,0.37426,0.37426
2020-07-31 14:00:15,0.11714,0.11714
2020-07-31 14:00:45,-1.1356,-1.1356
2020-07-31 15:00:15,-0.31718,-0.31718
2020-07-31 15:00:45,-0.32861,-0.32861
2020-07-31 16:00:15,-0.32264,-0.32264
2020-07-31 16:00:45,-0.69643,-0.69643
2020-07-31 17:00:15,-0.07271,-0.07271
2020-07-31 17:00:45,0.092673,0.092673
2020-07-31 18:00:15,-0.032085,-0.032085
2020-07-31 18:00:45,-2.6221,-2.6221
2020-07-31 19:00:15,2.5662,2.5662
2020-07-31 19:00:45,1.8111,1.8111
2020-07-31 20:00:15,1.5658,1.5658
2020-07-31 20:00:45,3.1206,3.1206
2020-07-31 21:00:15,1.6583,1.6583
2020-07-31 21:00:45,1.5508,1.5508
2020-07-31 22:00:15,2.0779,2.0779
2020-07-31 22:00:45,1.1275,1.1275
2020-07-31 23:00:15,0.91357,0.91357
2020-07-31 23:00:45,0.58754,0.58754
2020-08-01 00:00:15,1.8757,1.8757
2020-08-01 00:00:45,1.7066,1.7066
2020-08-01 01:00:15,1.0522,1.0522
2020-08-01 01:00:45,0.92246,0.92246
2020-08-01 02:00:15,1.1702,1.1702
2020-08-01 02:00:45,1.2301,1.2301
2020-08-01 03:00:15,1.2614,1.2614
2020-08-01 03:00:45,1.5258,1.5258
2020-08-01 04:00:15,1.3816,1.3816
2020-08-01 04:00:45,1.4124,1.4124
2020-08-01 05:00:15,0.59751,0.59751
2020-08-01 05:00:45,0.21051,0.21051
2020-08-01 06:00:15,-1.8228,-1.8228
2020-08-01 06:00:45,0.023423,0.023423
2020-08-01 07:00:15,-0.73087,-0.73087
2020-08-01 07:00:45,-2.0232,-2.0232
2020-08-01 08:00:15,-1.5528,-1.5528
2020-08-01 08:00:45,-2.515,-2.515
2020-08-01 09:00:15,-2.7049,-2.7049
2020-08-01 09:00:45,-4.1345,-4.1345
2020-08-01 10:00:15,-2.214,-2.214
2020-08-01 10:00:45,-3.002,-3.002
2020-08-01 11:00:15,-1.7084,-1.7084
2020-08-01 11:00:45,-2.0666,-2.0666
2020-08-01 12:00:15,-1.5879,-1.5879
2020-08-01 12:00:45,-1.7849,-1.7849
2020-08-01 13:00:15,-2.4652,-2.4652
2020-08-01 13:00:45,-1.1498,-1.1498
2020-08-01 14:00:15,-2.3285,-2.3285
2020-08-01 14:00:45,-1.5322,-1.5322
2020-08-01 15:00:15,-1.6109,-1.6109
2020-08-01 15:00:45,-0.54291,-0.54291
2020-08-01 16:00:15,-0.95266,-0.95266
2020-08-01 16:00:45,-1.1059,-1.1059
2020-08-01 17:00:15,-0.89753,-0.89753
2020-08-01 17:00:45,-0.82494,-0.82494
2020-08-01 18:00:15,-0.005913,-0.005913
2020-08-01 18:00:45,2.6678,2.6678
2020-08-01 19:00:15,1.7403,1.7403
2020-08-01 19:00:45,1.3621,1.3621
2020-08-01 20:00:15,1.5585,1.5585
2020-08-01 20:00:45,1.9499,1.9499
2020-08-01 21:00:15,1.72,1.72
2020-08-01 21:00:45,1.5824,1.5824
2020-08-01 22:00:15,2.067,2.067
2020-08-01 22:00:45,1.7375,1.7375
2020-08-01 23:00:15,1.937,1.937
2020-08-01 23:00:45,1.661,1.661
2020-08-02 00:00:15,1.3635,1.3635
2020-08-02 00:00:45,1.05,1.05
2020-08-02 01:00:15,1.3213,1.3213
2020-08-02 01:00:45,0.80526,0.80526
2020-08-02 02:00:15,0.86338,0.86338
2020-08-02 02:00:45,0.99983,0.99983
2020-08-02 03:00:15,2.2123,2.2123
2020-08-02 03:00:45,1.55,1.55
2020-08-02 04:00:15,0.19016,0.19016
2020-08-02 04:00:45,0.87305,0.87305
2020-08-02 05:00:15,0.13718,0.13718
2020-08-02 05:00:45,0.38479,0.38479
2020-08-02 06:00:15,-0.63388,-0.63388
2020-08-02 06:00:45,-1.7625,-1.7625
2020-08-02 07:00:15,-2.3144,-2.3144
2020-08-02 07:00:45,-2.5209,-2.5209
2020-08-02 08:00:15,-2.3291,-2.3291
2020-08-02 08:00:45,-2.1098,-2.1098
2020-08-02 09:00:15,-2.0786,-2.0786
2020-08-02 09:00:45,-2.8344,-2.8344
2020-08-02 10:00:15,-2.961,-2.961
2020-08-02 10:00:45,-2.4085,-2.4085
2020-08-02 11:00:15,-2.7794,-2.7794
2020-08-02 11:00:45,-2.1827,-2.1827
2020-08-02 12:00:15,-2.5537,-2.5537
2020-08-02 12:00:45,-2.5239,-2.5239
2020-08-02 13:00:15,-2.8676,-2.8676
2020-08-02 13:00:45,-1.2329,-1.2329
2020-08-02 14:00:15,-0.9324,-0.9324
2020-08-02 14:00:45,0.47802,0.47802
2020-08-02 15:00:15,-0.17211,-0.17211
2020-08-02 15:00:45,0.19432,0.19432
2020-08-02 16:00:15,-0.13378,-0.13378
2020-08-02 16:00:45,-0.088008,-0.088008
2020-08-02 17:00:15,0.052538,0.052538
2020-08-02 17:00:45,0.32849,0.32849
2020-08-02 18:00:15,1.3289,1.3289
2020-08-02 18:00:45,,0.9773663075000001
2020-08-02 19:00:15,,1.1040828925000001
2020-08-02 19:00:45,1.6816,1.6816
2020-08-02 20:00:15,1.772,1.772
2020-08-02 20:00:45,1.3952,1.3952
2020-08-02 21:00:15,1.2228,1.2228
2020-08-02 21:00:45,1.1869,1.1869
2020-08-02 22:00:15,0.94789,0.94789
2020-08-02 22:00:45,1.102,1.102
2020-08-02 23:00:15,1.2765,1.2765
2020-08-02 23:00:45,0.71889,0.71889
2020-08-03 00:00:15,1.1006,1.1006
2020-08-03 00:00:45,0.59609,0.59609
2020-08-03 01:00:15,0.54417,0.54417
2020-08-03 01:00:45,,0.6487761974999999
2020-08-03 02:00:15,1.2218,1.2218
2020-08-03 02:00:45,1.4854,1.4854
2020-08-03 03:00:15,1.4145,1.4145
2020-08-03 03:00:45,0.70553,0.70553
2020-08-03 04:00:15,0.72158,0.72158
2020-08-03 04:00:45,-0.14389,-0.14389
2020-08-03 05:00:15,,0.6338726475
2020-08-03 05:00:45,-2.3845,-2.3845
2020-08-03 06:00:15,3.0474,3.0474
2020-08-03 06:00:45,-2.5716,-2.5716
2020-08-03 07:00:15,0.11445,0.11445
2020-08-03 07:00:45,-4.0182,-4.0182
2020-08-03 08:00:15,-2.4038,-2.4038
2020-08-03 08:00:45,-3.6787,-3.6787
2020-08-03 09:00:15,-2.5282,-2.5282
2020-08-03 09:00:45,-3.1075,-3.1075
2020-08-03 10:00:15,-2.6904,-2.6904
2020-08-03 10:00:45,-2.5481,-2.5481
2020-08-03 11:00:15,-2.781,-2.781
2020-08-03 11:00:45,-3.394,-3.394
2020-08-03 12:00:15,,-2.1650245624999997
2020-08-03 12:00:45,-2.0856,-2.0856
2020-08-03 13:00:15,-2.8561,-2.8561
2020-08-03 13:00:45,,-1.6226417725000002
2020-08-03 14:00:15,-1.976,-1.976
2020-08-03 14:00:45,-1.3776,-1.3776
2020-08-03 15:00:15,-1.8853,-1.8853
2020-08-03 15:00:45,-0.70328,-0.70328
2020-08-03 16:00:15,0.36177,0.36177
2020-08-03 16:00:45,0.44047,0.44047
2020-08-03 17:00:15,0.42521,0.42521
2020-08-03 17:00:45,0.48868,0.48868
2020-08-03 18:00:15,0.63018,0.63018
2020-08-03 18:00:45,0.42076,0.42076
2020-08-03 19:00:15,1.5016,1.5016
2020-08-03 19:00:45,1.3805,1.3805
2020-08-03 20:00:15,,1.525311525
2020-08-03 20:00:45,2.4738,2.4738
2020-08-03 21:00:15,1.5799,1.5799
2020-08-03 21:00:45,0.16749,0.16749
2020-08-03 22:00:15,1.1541,1.1541
2020-08-03 22:00:45,1.4917,1.4917
2020-08-03 23:00:15,1.808,1.808
2020-08-03 23:00:45,1.0168,1.0168
2020-08-04 00:00:15,1.7397,1.7397
2020-08-04 00:00:45,1.5482,1.5482
2020-08-04 01:00:15,1.4799,1.4799
2020-08-04 01:00:45,,1.4791764025000003
2020-08-04 02:00:15,1.357,1.357
2020-08-04 02:00:45,1.0681,1.0681
2020-08-04 03:00:15,0.80753,0.80753
2020-08-04 03:00:45,0.54676,0.54676
2020-08-04 04:00:15,0.80868,0.80868
2020-08-04 04:00:45,0.73075,0.73075
2020-08-04 05:00:15,0.75377,0.75377
2020-08-04 05:00:45,0.56061,0.56061
2020-08-04 06:00:15,-0.32484,-0.32484
2020-08-04 06:00:45,-1.6631,-1.6631
2020-08-04 07:00:15,-2.0413,-2.0413
2020-08-04 07:00:45,-2.0979,-2.0979
2020-08-04 08:00:15,-2.7809,-2.7809
2020-08-04 08:00:45,-2.8118,-2.8118
2020-08-04 09:00:15,-3.0995,-3.0995
2020-08-04 09:00:45,-2.4471,-2.4471
2020-08-04 10:00:15,-2.2276,-2.2276
2020-08-04 10:00:45,-2.0609,-2.0609
2020-08-04 11:00:15,-1.8907,-1.8907
2020-08-04 11:00:45,-1.2217,-1.2217
2020-08-04 12:00:15,-1.5593,-1.5593
2020-08-04 12:00:45,-1.8219,-1.8219
2020-08-04 13:00:15,-0.72442,-0.72442
2020-08-04 13:00:45,-1.0766,-1.0766
2020-08-04 14:00:15,-1.1369,-1.1369
2020-08-04 14:00:45,-1.1563,-1.1563
2020-08-04 15:00:15,-1.208,-1.208
2020-08-04 15:00:45,-1.5004,-1.5004
2020-08-04 16:00:15,-1.7915,-1.7915
2020-08-04 16:00:45,-1.2271,-1.2271
2020-08-04 17:00:15,-0.52287,-0.52287
2020-08-04 17:00:45,-0.55106,-0.55106
2020-08-04 18:00:15,0.067029,0.067029
2020-08-04 18:00:45,1.089,1.089
2020-08-04 19:00:15,1.7122,1.7122
2020-08-04 19:00:45,1.9204,1.9204
2020-08-04 20:00:15,1.5291,1.5291
2020-08-04 20:00:45,0.67334,0.67334
2020-08-04 21:00:15,0.20012,0.20012
2020-08-04 21:00:45,0.81643,0.81643
2020-08-04 22:00:15,1.4624,1.4624
2020-08-04 22:00:45,2.1164,2.1164
2020-08-04 23:00:15,1.7553,1.7553
2020-08-04 23:00:45,1.8551,1.8551
2020-08-05 00:00:15,1.1282,1.1282
2020-08-05 00:00:45,0.99596,0.99596
2020-08-05 01:00:15,1.4381,1.4381
2020-08-05 01:00:45,1.5763,1.5763
2020-08-05 02:00:15,1.5384,1.5384
2020-08-05 02:00:45,1.4197,1.4197
2020-08-05 03:00:15,-0.060342,-0.060342
2020-08-05 03:00:45,0.82316,0.82316
2020-08-05 04:00:15,0.4236,0.4236
2020-08-05 04:00:45,0.86984,0.86984
2020-08-05 05:00:15,0.92802,0.92802
2020-08-05 05:00:45,0.47548,0.47548
2020-08-05 06:00:15,-0.6989,-0.6989
2020-08-05 06:00:45,-1.5626,-1.5626
2020-08-05 07:00:15,-2.8515,-2.8515
2020-08-05 07:00:45,-2.8898,-2.8898
2020-08-05 08:00:15,-2.5078,-2.5078
2020-08-05 08:00:45,-3.0932,-3.0932
2020-08-05 09:00:15,-2.6271,-2.6271
2020-08-05 09:00:45,-3.517,-3.517
2020-08-05 10:00:15,-3.4591,-3.4591
2020-08-05 10:00:45,-2.484,-2.484
2020-08-05 11:00:15,-2.185,-2.185
2020-08-05 11:00:45,-2.1618,-2.1618
2020-08-05 12:00:15,-2.5601,-2.5601
2020-08-05 12:00:45,-2.5922,-2.5922
2020-08-05 13:00:15,-2.6883,-2.6883
2020-08-05 13:00:45,-1.529,-1.529
2020-08-05 14:00:15,-2.184,-2.184
2020-08-05 14:00:45,-2.5878,-2.5878
2020-08-05 15:00:15,-1.9068,-1.9068
2020-08-05 15:00:45,-1.368,-1.368
2020-08-05 16:00:15,-1.9932,-1.9932
2020-08-05 16:00:45,-1.5006,-1.5006
2020-08-05 17:00:15,-0.31094,-0.31094
2020-08-05 17:00:45,-0.000103,-0.000103
2020-08-05 18:00:15,0.21935,0.21935
2020-08-05 18:00:45,1.5015,1.5015
2020-08-05 19:00:15,1.6007,1.6007
2020-08-05 19:00:45,1.8743,1.8743
2020-08-05 20:00:15,0.43688,0.43688
2020-08-05 20:00:45,1.191,1.191
2020-08-05 21:00:15,1.5055,1.5055
2020-08-05 21:00:45,3.2588,3.2588
2020-08-05 22:00:15,2.9285,2.9285
2020-08-05 22:00:45,1.2827,1.2827
2020-08-05 23:00:15,1.1371,1.1371
2020-08-05 23:00:45,,1.1601458500000001
2020-08-06 00:00:15,1.2725,1.2725
2020-08-06 00:00:45,1.3973,1.3973
2020-08-06 01:00:15,0.5832,0.5832
2020-08-06 01:00:45,0.44377,0.44377
2020-08-06 02:00:15,0.70214,0.70214
2020-08-06 02:00:45,0.53116,0.53116
2020-08-06 03:00:15,0.55022,0.55022
2020-08-06 03:00:45,,0.5092656999999998
2020-08-06 04:00:15,1.3482,1.3482
2020-08-06 04:00:45,0.40869,0.40869
2020-08-06 05:00:15,0.64465,0.64465
2020-08-06 05:00:45,-0.18912,-0.18912
2020-08-06 06:00:15,-0.35981,-0.35981
2020-08-06 06:00:45,-1.5833,-1.5833
2020-08-06 07:00:15,,-1.5415770100000001
2020-08-06 07:00:45,-2.0856,-2.0856
2020-08-06 08:00:15,0.16297,0.16297
2020-08-06 08:00:45,-2.1565,-2.1565
2020-08-06 09:00:15,-2.4617,-2.4617
2020-08-06 09:00:45,-2.1568,-2.1568
2020-08-06 10:00:15,-2.1955,-2.1955
2020-08-06 10:00:45,-2.8188,-2.8188
2020-08-06 11:00:15,-3.2971,-3.2971
2020-08-06 11:00:45,-2.3933,-2.3933
2020-08-06 12:00:15,-2.1816,-2.1816
2020-08-06 12:00:45,-1.5138,-1.5138
2020-08-06 13:00:15,-1.4724,-1.4724
2020-08-06 13:00:45,-2.5711,-2.5711
2020-08-06 14:00:15,-2.375,-2.375
2020-08-06 14:00:45,-2.3311,-2.3311
2020-08-06 15:00:15,-1.5765,-1.5765
2020-08-06 15:00:45,-2.1089,-2.1089
2020-08-06 16:00:15,-0.70042,-0.70042
2020-08-06 16:00:45,-0.72899,-0.72899
2020-08-06 17:00:15,0.028797,0.028797
2020-08-06 17:00:45,0.3532,0.3532
2020-08-06 18:00:15,0.84105,0.84105
2020-08-06 18:00:45,1.2477,1.2477
2020-08-06 19:00:15,2.0369,2.0369
2020-08-06 19:00:45,1.535,1.535
2020-08-06 20:00:15,1.1589,1.1589
2020-08-06 20:00:45,1.5949,1.5949
2020-08-06 21:00:15,1.3468,1.3468
2020-08-06 21:00:45,2.0253,2.0253
2020-08-06 22:00:15,0.96215,0.96215
2020-08-06 22:00:45,1.1661,1.1661
2020-08-06 23:00:15,1.2725,1.2725
2020-08-06 23:00:45,2.0202,2.0202
2020-08-07 00:00:15,1.5097,1.5097
2020-08-07 00:00:45,1.2767,1.2767
2020-08-07 01:00:15,0.90333,0.90333
2020-08-07 01:00:45,1.2096,1.2096
2020-08-07 02:00:15,1.0402,1.0402
2020-08-07 02:00:45,1.1951,1.1951
2020-08-07 03:00:15,0.42002,0.42002
2020-08-07 03:00:45,0.44594,0.44594
2020-08-07 04:00:15,-0.00966,-0.00966
2020-08-07 04:00:45,0.57334,0.57334
2020-08-07 05:00:15,0.65342,0.65342
2020-08-07 05:00:45,0.40813,0.40813
2020-08-07 06:00:15,0.22156,0.22156
2020-08-07 06:00:45,-0.48484,-0.48484
2020-08-07 07:00:15,-1.7607,-1.7607
2020-08-07 07:00:45,-1.5166,-1.5166
2020-08-07 08:00:15,-3.395,-3.395
2020-08-07 08:00:45,-3.6426,-3.6426
2020-08-07 09:00:15,-4.1167,-4.1167
2020-08-07 09:00:45,-1.7165,-1.7165
2020-08-07 10:00:15,-2.3612,-2.3612
2020-08-07 10:00:45,-2.5613,-2.5613
2020-08-07 11:00:15,-2.3411,-2.3411
2020-08-07 11:00:45,-2.7596,-2.7596
2020-08-07 12:00:15,-1.6259,-1.6259
2020-08-07 12:00:45,-2.7996,-2.7996
2020-08-07 13:00:15,-2.2947,-2.2947
2020-08-07 13:00:45,-2.626,-2.626
2020-08-07 14:00:15,-1.7659,-1.7659
2020-08-07 14:00:45,-2.0904,-2.0904
2020-08-07 15:00:15,-2.5058,-2.5058
2020-08-07 15:00:45,-1.8618,-1.8618
2020-08-07 16:00:15,-0.77308,-0.77308
2020-08-07 16:00:45,-0.98607,-0.98607
2020-08-07 17:00:15,-0.76096,-0.76096
2020-08-07 17:00:45,-0.30551,-0.30551
2020-08-07 18:00:15,0.38068,0.38068
2020-08-07 18:00:45,0.77692,0.77692
2020-08-07 19:00:15,1.2228,1.2228
2020-08-07 19:00:45,1.1863,1.1863
2020-08-07 20:00:15,0.73157,0.73157
2020-08-07 20:00:45,0.73537,0.73537
2020-08-07 21:00:15,0.82137,0.82137
2020-08-07 21:00:45,0.78214,0.78214
2020-08-07 22:00:15,0.46657,0.46657
2020-08-07 22:00:45,0.52003,0.52003
2020-08-07 23:00:15,0.20261,0.20261
2020-08-07 23:00:45,0.27477,0.27477
2020-08-08 00:00:15,0.029268,0.029268
2020-08-08 00:00:45,-0.1787,-0.1787
2020-08-08 01:00:15,,0.085479205
2020-08-08 01:00:45,0.098945,0.098945
2020-08-08 02:00:15,-0.029274,-0.029274
2020-08-08 02:00:45,0.22963,0.22963
2020-08-08 03:00:15,0.23858,0.23858
2020-08-08 03:00:45,0.46949,0.46949
2020-08-08 04:00:15,0.17623,0.17623
2020-08-08 04:00:45,-0.048754,-0.048754
2020-08-08 05:00:15,0.2994,0.2994
2020-08-08 05:00:45,0.05403,0.05403
2020-08-08 06:00:15,-0.97338,-0.97338
2020-08-08 06:00:45,-2.1527,-2.1527
2020-08-08 07:00:15,-2.2102,-2.2102
2020-08-08 07:00:45,-2.4729,-2.4729
2020-08-08 08:00:15,-2.7235,-2.7235
2020-08-08 08:00:45,-3.0341,-3.0341
2020-08-08 09:00:15,-2.4447,-2.4447
2020-08-08 09:00:45,-2.8395,-2.8395
2020-08-08 10:00:15,-1.8019,-1.8019
2020-08-08 10:00:45,-2.3954,-2.3954
2020-08-08 11:00:15,-1.3811,-1.3811
2020-08-08 11:00:45,-1.7861,-1.7861
2020-08-08 12:00:15,-1.0698,-1.0698
2020-08-08 12:00:45,-0.99025,-0.99025
2020-08-08 13:00:15,-2.0099,-2.0099
2020-08-08 13:00:45,-2.0063,-2.0063
2020-08-08 14:00:15,-1.1449,-1.1449
2020-08-08 14:00:45,-1.5969,-1.5969
2020-08-08 15:00:15,-1.1441,-1.1441
2020-08-08 15:00:45,-1.2306,-1.2306
2020-08-08 16:00:15,-1.4215,-1.4215
2020-08-08 16:00:45,-1.3107,-1.3107
2020-08-08 17:00:15,0.031762,0.031762
2020-08-08 17:00:45,-0.81731,-0.81731
2020-08-08 18:00:15,-0.62509,-0.62509
2020-08-08 18:00:45,0.83335,0.83335
2020-08-08 19:00:15,1.5064,1.5064
2020-08-08 19:00:45,1.1677,1.1677
2020-08-08 20:00:15,1.2543,1.2543
2020-08-08 20:00:45,0.82592,0.82592
2020-08-08 21:00:15,1.2841,1.2841
2020-08-08 21:00:45,,0.9288028499999998
2020-08-08 22:00:15,-0.07918,-0.07918
2020-08-08 22:00:45,0.64791,0.64791
2020-08-08 23:00:15,0.92589,0.92589
2020-08-08 23:00:45,0.6614,0.6614
2020-08-09 00:00:15,1.1198,1.1198
2020-08-09 00:00:45,0.85571,0.85571
2020-08-09 01:00:15,0.61424,0.61424
2020-08-09 01:00:45,0.56917,0.56917
2020-08-09 02:00:15,0.76402,0.76402
2020-08-09 02:00:45,0.58823,0.58823
2020-08-09 03:00:15,0.89607,0.89607
2020-08-09 03:00:45,0.98927,0.98927
2020-08-09 04:00:15,0.80664,0.80664
2020-08-09 04:00:45,0.58683,0.58683
2020-08-09 05:00:15,0.45039,0.45039
2020-08-09 05:00:45,0.28343,0.28343
2020-08-09 06:00:15,-0.90718,-0.90718
2020-08-09 06:00:45,-1.879,-1.879
2020-08-09 07:00:15,-2.3891,-2.3891
2020-08-09 07:00:45,-2.1386,-2.1386
2020-08-09 08:00:15,-2.694,-2.694
2020-08-09 08:00:45,-1.8836,-1.8836
2020-08-09 09:00:15,-1.4099,-1.4099
2020-08-09 09:00:45,-1.7149,-1.7149
2020-08-09 10:00:15,-1.9871,-1.9871
2020-08-09 10:00:45,-1.8145,-1.8145
2020-08-09 11:00:15,-1.6221,-1.6221
2020-08-09 11:00:45,-1.1871,-1.1871
2020-08-09 12:00:15,-0.87961,-0.87961
2020-08-09 12:00:45,-1.3044,-1.3044
2020-08-09 13:00:15,-0.54432,-0.54432
2020-08-09 13:00:45,0.32629,0.32629
2020-08-09 14:00:15,-1.6011,-1.6011
2020-08-09 14:00:45,-1.1648,-1.1648
2020-08-09 15:00:15,-1.0575,-1.0575
2020-08-09 15:00:45,-0.9839,-0.9839
2020-08-09 16:00:15,-1.6957,-1.6957
2020-08-09 16:00:45,-0.86356,-0.86356
2020-08-09 17:00:15,-1.0007,-1.0007
2020-08-09 17:00:45,-0.12932,-0.12932
2020-08-09 18:00:15,0.67351,0.67351
2020-08-09 18:00:45,0.37719,0.37719
2020-08-09 19:00:15,0.70797,0.70797
2020-08-09 19:00:45,0.69986,0.69986
2020-08-09 20:00:15,0.79969,0.79969
2020-08-09 20:00:45,0.67527,0.67527
2020-08-09 21:00:15,0.58088,0.58088
2020-08-09 21:00:45,0.62478,0.62478
2020-08-09 22:00:15,0.42794,0.42794
2020-08-09 22:00:45,0.57594,0.57594
2020-08-09 23:00:15,0.346,0.346
2020-08-09 23:00:45,0.23414,0.23414
2020-08-10 00:00:15,0.80288,0.80288
2020-08-10 00:00:45,0.65241,0.65241
2020-08-10 01:00:15,0.35743,0.35743
2020-08-10 01:00:45,0.41972,0.41972
2020-08-10 02:00:15,0.55423,0.55423
2020-08-10 02:00:45,0.27119,0.27119
2020-08-10 03:00:15,0.22742,0.22742
2020-08-10 03:00:45,0.42427,0.42427
2020-08-10 04:00:15,0.39017,0.39017
2020-08-10 04:00:45,0.11896,0.11896
2020-08-10 05:00:15,0.60216,0.60216
2020-08-10 05:00:45,0.56888,0.56888
2020-08-10 06:00:15,-0.26613,-0.26613
2020-08-10 06:00:45,-0.63532,-0.63532
2020-08-10 07:00:15,-1.1981,-1.1981
2020-08-10 07:00:45,-2.0853,-2.0853
2020-08-10 08:00:15,-1.6592,-1.6592
2020-08-10 08:00:45,-1.2536,-1.2536
2020-08-10 09:00:15,-1.2994,-1.2994
2020-08-10 09:00:45,-1.0398,-1.0398
2020-08-10 10:00:15,-0.96849,-0.96849
2020-08-10 10:00:45,-0.33899,-0.33899
2020-08-10 11:00:15,-1.441,-1.441
2020-08-10 11:00:45,-0.9115,-0.9115
2020-08-10 12:00:15,-0.95536,-0.95536
2020-08-10 12:00:45,-1.3257,-1.3257
2020-08-10 13:00:15,-0.85295,-0.85295
2020-08-10 13:00:45,-1.679,-1.679
2020-08-10 14:00:15,-0.63165,-0.63165
2020-08-10 14:00:45,-0.7797,-0.7797
2020-08-10 15:00:15,-0.9904,-0.9904
2020-08-10 15:00:45,-1.8551,-1.8551
2020-08-10 16:00:15,-1.2483,-1.2483
2020-08-10 16:00:45,-0.66893,-0.66893
2020-08-10 17:00:15,-2.8096,-2.8096
2020-08-10 17:00:45,-0.12531,-0.12531
2020-08-10 18:00:15,0.10564,0.10564
2020-08-10 18:00:45,0.31464,0.31464
2020-08-10 19:00:15,0.005831,0.005831
2020-08-10 19:00:45,0.37712,0.37712
2020-08-10 20:00:15,-0.10603,-0.10603
2020-08-10 20:00:45,,0.17486761499999998
2020-08-10 21:00:15,,0.12015754499999998
2020-08-10 21:00:45,0.24293,0.24293
2020-08-10 22:00:15,,0.20328392249999996
2020-08-10 22:00:45,0.57823,0.57823
2020-08-10 23:00:15,-0.11672,-0.11672
2020-08-10 23:00:45,,0.13896916
2020-08-11 00:00:15,0.255,0.255
2020-08-11 00:00:45,0.20004,0.20004
2020-08-11 01:00:15,,0.1570205225
2020-08-11 01:00:45,0.14376,0.14376
2020-08-11 02:00:15,,0.0661694225
2020-08-11 02:00:45,,0.1330889375
2020-08-11 03:00:15,-0.033756,-0.033756
2020-08-11 03:00:45,0.38705,0.38705
2020-08-11 04:00:15,0.14273,0.14273
2020-08-11 04:00:45,0.92085,0.92085
2020-08-11 05:00:15,-0.039539,-0.039539
2020-08-11 05:00:45,0.1237,0.1237
2020-08-11 06:00:15,-0.74567,-0.74567
2020-08-11 06:00:45,-2.7432,-2.7432
2020-08-11 07:00:15,-2.0672,-2.0672
2020-08-11 07:00:45,-2.0084,-2.0084
2020-08-11 08:00:15,-1.4541,-1.4541
2020-08-11 08:00:45,-0.96402,-0.96402
2020-08-11 09:00:15,-1.0955,-1.0955
2020-08-11 09:00:45,-0.31906,-0.31906
2020-08-11 10:00:15,-1.1974,-1.1974
2020-08-11 10:00:45,-1.5269,-1.5269
2020-08-11 11:00:15,-0.75913,-0.75913
2020-08-11 11:00:45,-1.1531,-1.1531
2020-08-11 12:00:15,-1.0131,-1.0131
2020-08-11 12:00:45,-0.5622,-0.5622
2020-08-11 13:00:15,-0.92652,-0.92652
2020-08-11 13:00:45,-0.15053,-0.15053
2020-08-11 14:00:15,-0.6987,-0.6987
2020-08-11 14:00:45,-0.51023,-0.51023
2020-08-11 15:00:15,-0.73067,-0.73067
2020-08-11 15:00:45,-1.0913,-1.0913
2020-08-11 16:00:15,-0.083992,-0.083992
2020-08-11 16:00:45,-0.087091,-0.087091
2020-08-11 17:00:15,-0.30931,-0.30931
2020-08-11 17:00:45,-0.059577,-0.059577
2020-08-11 18:00:15,-0.26573,-0.26573
2020-08-11 18:00:45,-0.066122,-0.066122
2020-08-11 19:00:15,0.13678,0.13678
2020-08-11 19:00:45,0.005361,0.005361
2020-08-11 20:00:15,,0.146129875
2020-08-11 20:00:45,0.036002,0.036002
2020-08-11 21:00:15,0.16413,0.16413
2020-08-11 21:00:45,0.3694,0.3694
2020-08-11 22:00:15,0.33504,0.33504
2020-08-11 22:00:45,0.60756,0.60756
2020-08-11 23:00:15,-0.002097,-0.002097
2020-08-11 23:00:45,-0.1304,-0.1304
2020-08-12 00:00:15,,0.09339451
2020-08-12 00:00:45,-0.021382,-0.021382
2020-08-12 01:00:15,,0.015565445
2020-08-12 01:00:45,,0.11334442749999998
2020-08-12 02:00:15,,0.1162337
2020-08-12 02:00:45,-0.06051,-0.06051
2020-08-12 03:00:15,,0.07955257000000004
2020-08-12 03:00:45,0.25045,0.25045
2020-08-12 04:00:15,,0.09886794999999998
2020-08-12 04:00:45,0.60123,0.60123
2020-08-12 05:00:15,-0.11803,-0.11803
2020-08-12 05:00:45,-0.71015,-0.71015
2020-08-12 06:00:15,-1.3494,-1.3494
2020-08-12 06:00:45,-2.3237,-2.3237
2020-08-12 07:00:15,-1.8102,-1.8102
2020-08-12 07:00:45,,-1.2678980749999997
2020-08-12 08:00:15,-0.20702,-0.20702
2020-08-12 08:00:45,-0.004674,-0.004674
2020-08-12 09:00:15,-0.83409,-0.83409
2020-08-12 09:00:45,-0.62932,-0.62932
2020-08-12 10:00:15,-1.5927,-1.5927
2020-08-12 10:00:45,-1.2505,-1.2505
2020-08-12 11:00:15,-0.71489,-0.71489
2020-08-12 11:00:45,-0.97519,-0.97519
2020-08-12 12:00:15,-0.59703,-0.59703
2020-08-12 12:00:45,-1.0618,-1.0618
2020-08-12 13:00:15,0.33844,0.33844
2020-08-12 13:00:45,-0.3126,-0.3126
2020-08-12 14:00:15,-0.41291,-0.41291
2020-08-12 14:00:45,0.53692,0.53692
2020-08-12 15:00:15,-0.67762,-0.67762
2020-08-12 15:00:45,-0.8805,-0.8805
2020-08-12 16:00:15,-0.64636,-0.64636
2020-08-12 16:00:45,-0.86865,-0.86865
2020-08-12 17:00:15,-0.78053,-0.78053
2020-08-12 17:00:45,0.26488,0.26488
2020-08-12 18:00:15,0.71774,0.71774
2020-08-12 18:00:45,0.78668,0.78668
2020-08-12 19:00:15,0.54308,0.54308
2020-08-12 19:00:45,0.92825,0.92825
2020-08-12 20:00:15,1.2624,1.2624
2020-08-12 20:00:45,0.44292,0.44292
2020-08-12 21:00:15,0.53474,0.53474
2020-08-12 21:00:45,0.2849,0.2849
2020-08-12 22:00:15,0.28603,0.28603
2020-08-12 22:00:45,0.38391,0.38391
2020-08-12 23:00:15,,0.3453610849999999
2020-08-12 23:00:45,0.62862,0.62862
2020-08-13 00:00:15,0.31877,0.31877
2020-08-13 00:00:45,0.36971,0.36971
2020-08-13 01:00:15,0.35878,0.35878
2020-08-13 01:00:45,0.22702,0.22702
2020-08-13 02:00:15,0.16825,0.16825
2020-08-13 02:00:45,,0.43028333250000006
2020-08-13 03:00:15,0.6992,0.6992
2020-08-13 03:00:45,,0.415443405
2020-08-13 04:00:15,,0.2281273875
2020-08-13 04:00:45,0.14466,0.14466
2020-08-13 05:00:15,0.05008,0.05008
2020-08-13 05:00:45,-0.29978,-0.29978
2020-08-13 06:00:15,-0.054202,-0.054202
2020-08-13 06:00:45,-0.4234,-0.4234
2020-08-13 07:00:15,-1.2392,-1.2392
2020-08-13 07:00:45,-1.8121,-1.8121
2020-08-13 08:00:15,-1.5384,-1.5384
2020-08-13 08:00:45,-1.4273,-1.4273
2020-08-13 09:00:15,-1.4572,-1.4572
2020-08-13 09:00:45,-1.8477,-1.8477
2020-08-13 10:00:15,-1.4881,-1.4881
2020-08-13 10:00:45,-0.27392,-0.27392
2020-08-13 11:00:15,-0.86803,-0.86803
2020-08-13 11:00:45,-0.97914,-0.97914
2020-08-13 12:00:15,-0.66498,-0.66498
2020-08-13 12:00:45,-0.93317,-0.93317
2020-08-13 13:00:15,-1.1139,-1.1139
2020-08-13 13:00:45,-0.92961,-0.92961
2020-08-13 14:00:15,-1.0025,-1.0025
2020-08-13 14:00:45,-0.86072,-0.86072
2020-08-13 15:00:15,-1.0215,-1.0215
2020-08-13 15:00:45,-1.066,-1.066
2020-08-13 16:00:15,-0.28907,-0.28907
2020-08-13 16:00:45,-1.3648,-1.3648
2020-08-13 17:00:15,-0.17704,-0.17704
2020-08-13 17:00:45,-1.7419,-1.7419
2020-08-13 18:00:15,1.0737,1.0737
2020-08-13 18:00:45,,1.226250745
2020-08-13 19:00:15,2.5173,2.5173
2020-08-13 19:00:45,0.44249,0.44249
2020-08-13 20:00:15,0.78771,0.78771
2020-08-13 20:00:45,0.85498,0.85498
2020-08-13 21:00:15,0.62854,0.62854
2020-08-13 21:00:45,1.1375,1.1375
2020-08-13 22:00:15,0.78093,0.78093
2020-08-13 22:00:45,0.72192,0.72192
2020-08-13 23:00:15,-0.10789,-0.10789
2020-08-13 23:00:45,0.43233,0.43233
2020-08-14 00:00:15,0.49438,0.49438
2020-08-14 00:00:45,0.096542,0.096542
2020-08-14 01:00:15,0.45356,0.45356
2020-08-14 01:00:45,0.39634,0.39634
2020-08-14 02:00:15,1.4785,1.4785
2020-08-14 02:00:45,0.17259,0.17259
2020-08-14 03:00:15,0.15194,0.15194
2020-08-14 03:00:45,0.031178,0.031178
2020-08-14 04:00:15,0.86245,0.86245
2020-08-14 04:00:45,0.17615,0.17615
2020-08-14 05:00:15,,0.33794926
2020-08-14 05:00:45,-0.2621,-0.2621
2020-08-14 06:00:15,-0.1121,-0.1121
2020-08-14 06:00:45,-1.0745,-1.0745
2020-08-14 07:00:15,-2.102,-2.102
2020-08-14 07:00:45,-1.9849,-1.9849
2020-08-14 08:00:15,-0.69888,-0.69888
2020-08-14 08:00:45,-1.5467,-1.5467
2020-08-14 09:00:15,-1.6031,-1.6031
2020-08-14 09:00:45,-0.32703,-0.32703
2020-08-14 10:00:15,-0.85185,-0.85185
2020-08-14 10:00:45,-1.8538,-1.8538
2020-08-14 11:00:15,-0.79138,-0.79138
2020-08-14 11:00:45,-0.59531,-0.59531
2020-08-14 12:00:15,-0.74738,-0.74738
2020-08-14 12:00:45,0.17527,0.17527
2020-08-14 13:00:15,-0.56241,-0.56241
2020-08-14 13:00:45,0.54389,0.54389
2020-08-14 14:00:15,0.18905,0.18905
2020-08-14 14:00:45,-0.21496,-0.21496
2020-08-14 15:00:15,-0.50038,-0.50038
2020-08-14 15:00:45,-0.21787,-0.21787
2020-08-14 16:00:15,-0.17116,-0.17116
2020-08-14 16:00:45,-0.69963,-0.69963
2020-08-14 17:00:15,-0.74888,-0.74888
2020-08-14 17:00:45,-0.2959,-0.2959
2020-08-14 18:00:15,-0.078868,-0.078868
2020-08-14 18:00:45,0.4494,0.4494
2020-08-14 19:00:15,0.67992,0.67992
2020-08-14 19:00:45,,1.3846687025000004
2020-08-14 20:00:15,1.6141,1.6141
2020-08-14 20:00:45,0.51048,0.51048
2020-08-14 21:00:15,0.87771,0.87771
2020-08-14 21:00:45,0.59238,0.59238
2020-08-14 22:00:15,0.60958,0.60958
2020-08-14 22:00:45,0.48819,0.48819
2020-08-14 23:00:15,0.6491,0.6491
2020-08-14 23:00:45,0.55467,0.55467
2020-08-15 00:00:15,0.34643,0.34643
2020-08-15 00:00:45,-0.030932,-0.030932
2020-08-15 01:00:15,0.19383,0.19383
2020-08-15 01:00:45,-0.19581,-0.19581
2020-08-15 02:00:15,0.51064,0.51064
2020-08-15 02:00:45,-0.088527,-0.088527
2020-08-15 03:00:15,0.61815,0.61815
2020-08-15 03:00:45,0.47916,0.47916
2020-08-15 04:00:15,0.61241,0.61241
2020-08-15 04:00:45,0.55282,0.55282
2020-08-15 05:00:15,1.7102,1.7102
2020-08-15 05:00:45,-0.1699,-0.1699
2020-08-15 06:00:15,-0.29704,-0.29704
2020-08-15 06:00:45,-2.2123,-2.2123
2020-08-15 07:00:15,-2.1834,-2.1834
2020-08-15 07:00:45,-0.73727,-0.73727
2020-08-15 08:00:15,-2.0748,-2.0748
2020-08-15 08:00:45,-1.3183,-1.3183
2020-08-15 09:00:15,-1.0263,-1.0263
2020-08-15 09:00:45,-1.0017,-1.0017
2020-08-15 10:00:15,-0.070655,-0.070655
2020-08-15 10:00:45,-2.0389,-2.0389
2020-08-15 11:00:15,-0.61819,-0.61819
2020-08-15 11:00:45,-1.0236,-1.0236
2020-08-15 12:00:15,-0.9664,-0.9664
2020-08-15 12:00:45,-1.2588,-1.2588
2020-08-15 13:00:15,-1.0588,-1.0588
2020-08-15 13:00:45,-0.80731,-0.80731
2020-08-15 14:00:15,1.4218,1.4218
2020-08-15 14:00:45,-0.059981,-0.059981
2020-08-15 15:00:15,-0.88068,-0.88068
2020-08-15 15:00:45,-0.57552,-0.57552
2020-08-15 16:00:15,-0.68199,-0.68199
2020-08-15 16:00:45,-0.66252,-0.66252
2020-08-15 17:00:15,-0.15436,-0.15436
2020-08-15 17:00:45,0.10575,0.10575
2020-08-15 18:00:15,-0.078859,-0.078859
2020-08-15 18:00:45,0.060266,0.060266
2020-08-15 19:00:15,0.5394,0.5394
2020-08-15 19:00:45,0.54703,0.54703
2020-08-15 20:00:15,0.35873,0.35873
2020-08-15 20:00:45,0.42113,0.42113
2020-08-15 21:00:15,0.18536,0.18536
2020-08-15 21:00:45,1.2517,1.2517
2020-08-15 22:00:15,0.59553,0.59553
2020-08-15 22:00:45,,0.27626825749999995
2020-08-15 23:00:15,-0.18906,-0.18906
2020-08-15 23:00:45,,0.4096182799999999
2020-08-16 00:00:15,0.10662,0.10662
2020-08-16 00:00:45,0.018741,0.018741
2020-08-16 01:00:15,,0.27046457500000004
2020-08-16 01:00:45,0.63344,0.63344
2020-08-16 02:00:15,0.69682,0.69682
2020-08-16 02:00:45,,0.3863712649999999
2020-08-16 03:00:15,,0.36285600000000007
2020-08-16 03:00:45,,0.462264245
2020-08-16 04:00:15,,0.23625931749999995
2020-08-16 04:00:45,0.12717,0.12717
2020-08-16 05:00:15,,0.5128655024999998
2020-08-16 05:00:45,-0.24561,-0.24561
2020-08-16 06:00:15,-0.6067,-0.6067
2020-08-16 06:00:45,-2.0045,-2.0045
2020-08-16 07:00:15,-1.8387,-1.8387
2020-08-16 07:00:45,-1.9697,-1.9697
2020-08-16 08:00:15,-1.3382,-1.3382
2020-08-16 08:00:45,-1.1459,-1.1459
2020-08-16 09:00:15,-1.4197,-1.4197
2020-08-16 09:00:45,-1.6854,-1.6854
2020-08-16 10:00:15,-1.0657,-1.0657
2020-08-16 10:00:45,-1.5234,-1.5234
2020-08-16 11:00:15,-1.6557,-1.6557
2020-08-16 11:00:45,-1.5985,-1.5985
2020-08-16 12:00:15,-1.2154,-1.2154
2020-08-16 12:00:45,-1.0958,-1.0958
2020-08-16 13:00:15,-1.1012,-1.1012
2020-08-16 13:00:45,0.10073,0.10073
2020-08-16 14:00:15,-0.31872,-0.31872
2020-08-16 14:00:45,-0.50405,-0.50405
2020-08-16 15:00:15,-1.0106,-1.0106
2020-08-16 15:00:45,-0.22099,-0.22099
2020-08-16 16:00:15,-0.84437,-0.84437
2020-08-16 16:00:45,-1.3808,-1.3808
2020-08-16 17:00:15,-0.84339,-0.84339
2020-08-16 17:00:45,-0.96608,-0.96608
2020-08-16 18:00:15,-0.66793,-0.66793
2020-08-16 18:00:45,-0.026724,-0.026724
2020-08-16 19:00:15,0.30715,0.30715
2020-08-16 19:00:45,0.58637,0.58637
2020-08-16 20:00:15,0.66141,0.66141
2020-08-16 20:00:45,0.59197,0.59197
2020-08-16 21:00:15,0.56319,0.56319
2020-08-16 21:00:45,0.4841,0.4841
2020-08-16 22:00:15,0.99171,0.99171
2020-08-16 22:00:45,0.66141,0.66141
2020-08-16 23:00:15,0.37702,0.37702
2020-08-16 23:00:45,0.64429,0.64429
2020-08-17 00:00:15,0.41482,0.41482
2020-08-17 00:00:45,0.48781,0.48781
2020-08-17 01:00:15,0.51703,0.51703
2020-08-17 01:00:45,0.47535,0.47535
2020-08-17 02:00:15,0.54716,0.54716
2020-08-17 02:00:45,0.28602,0.28602
2020-08-17 03:00:15,0.1735,0.1735
2020-08-17 03:00:45,,0.6909274224999999
2020-08-17 04:00:15,0.57396,0.57396
2020-08-17 04:00:45,2.419,2.419
2020-08-17 05:00:15,0.010125,0.010125
2020-08-17 05:00:45,-0.11901,-0.11901
2020-08-17 06:00:15,-0.09832,-0.09832
2020-08-17 06:00:45,-1.0954,-1.0954
2020-08-17 07:00:15,-1.6743,-1.6743
2020-08-17 07:00:45,-1.9019,-1.9019
2020-08-17 08:00:15,-2.0882,-2.0882
2020-08-17 08:00:45,-2.135,-2.135
2020-08-17 09:00:15,-1.7285,-1.7285
2020-08-17 09:00:45,-1.908,-1.908
2020-08-17 10:00:15,-0.65777,-0.65777
2020-08-17 10:00:45,-1.3408,-1.3408
2020-08-17 11:00:15,-0.45749,-0.45749
2020-08-17 11:00:45,-0.37538,-0.37538
2020-08-17 12:00:15,-1.3335,-1.3335
2020-08-17 12:00:45,-1.031,-1.031
2020-08-17 13:00:15,-1.2721,-1.2721
2020-08-17 13:00:45,-1.4334,-1.4334
2020-08-17 14:00:15,-0.85221,-0.85221
2020-08-17 14:00:45,-0.91334,-0.91334
2020-08-17 15:00:15,-0.95999,-0.95999
2020-08-17 15:00:45,-0.84131,-0.84131
2020-08-17 16:00:15,-0.65063,-0.65063
2020-08-17 16:00:45,-0.8031,-0.8031
2020-08-17 17:00:15,-0.98169,-0.98169
2020-08-17 17:00:45,-1.7236,-1.7236
2020-08-17 18:00:15,-0.32873,-0.32873
2020-08-17 18:00:45,0.40658,0.40658
2020-08-17 19:00:15,0.50451,0.50451
2020-08-17 19:00:45,0.35314,0.35314
2020-08-17 20:00:15,0.42111,0.42111
2020-08-17 20:00:45,0.25986,0.25986
2020-08-17 21:00:15,0.38367,0.38367
2020-08-17 21:00:45,0.3119,0.3119
2020-08-17 22:00:15,0.38742,0.38742
2020-08-17 22:00:45,0.10107,0.10107
2020-08-17 23:00:15,0.42624,0.42624
2020-08-17 23:00:45,0.40393,0.40393
2020-08-18 00:00:15,0.3818,0.3818
2020-08-18 00:00:45,0.47887,0.47887
2020-08-18 01:00:15,0.30926,0.30926
2020-08-18 01:00:45,0.34255,0.34255
2020-08-18 02:00:15,,0.5371662875
2020-08-18 02:00:45,0.2236,0.2236
2020-08-18 03:00:15,0.074754,0.074754
2020-08-18 03:00:45,0.20608,0.20608
2020-08-18 04:00:15,0.16431,0.16431
2020-08-18 04:00:45,0.21045,0.21045
2020-08-18 05:00:15,2.1872,2.1872
2020-08-18 05:00:45,0.009532,0.009532
2020-08-18 06:00:15,-0.2246,-0.2246
2020-08-18 06:00:45,-1.8448,-1.8448
2020-08-18 07:00:15,-1.4983,-1.4983
2020-08-18 07:00:45,-1.734,-1.734
2020-08-18 08:00:15,-1.4533,-1.4533
2020-08-18 08:00:45,-2.1904,-2.1904
2020-08-18 09:00:15,-1.125,-1.125
2020-08-18 09:00:45,-1.5739,-1.5739
2020-08-18 10:00:15,-2.0975,-2.0975
2020-08-18 10:00:45,-1.143,-1.143
2020-08-18 11:00:15,-1.3635,-1.3635
2020-08-18 11:00:45,-0.85392,-0.85392
2020-08-18 12:00:15,-1.0747,-1.0747
2020-08-18 12:00:45,-0.4805,-0.4805
2020-08-18 13:00:15,-0.32288,-0.32288
2020-08-18 13:00:45,-0.83844,-0.83844
2020-08-18 14:00:15,-0.43956,-0.43956
2020-08-18 14:00:45,-0.30755,-0.30755
2020-08-18 15:00:15,-0.84531,-0.84531
2020-08-18 15:00:45,-0.46433,-0.46433
2020-08-18 16:00:15,-1.1374,-1.1374
2020-08-18 16:00:45,-0.97414,-0.97414
2020-08-18 17:00:15,-0.85212,-0.85212
2020-08-18 17:00:45,-0.36437,-0.36437
2020-08-18 18:00:15,-0.13264,-0.13264
2020-08-18 18:00:45,-0.1626,-0.1626
2020-08-18 19:00:15,0.027448,0.027448
2020-08-18 19:00:45,0.13549,0.13549
2020-08-18 20:00:15,,0.1364625175
2020-08-18 20:00:45,-0.15044,-0.15044
2020-08-18 21:00:15,0.43162,0.43162
2020-08-18 21:00:45,0.44796,0.44796
2020-08-18 22:00:15,0.45291,0.45291
2020-08-18 22:00:45,0.41934,0.41934
2020-08-18 23:00:15,0.45274,0.45274
2020-08-18 23:00:45,0.53375,0.53375
2020-08-19 00:00:15,0.48304,0.48304
2020-08-19 00:00:45,0.51354,0.51354
2020-08-19 01:00:15,0.57007,0.57007
2020-08-19 01:00:45,0.33968,0.33968
2020-08-19 02:00:15,0.36882,0.36882
2020-08-19 02:00:45,0.46581,0.46581
2020-08-19 03:00:15,0.26635,0.26635
2020-08-19 03:00:45,0.27857,0.27857
2020-08-19 04:00:15,0.29285,0.29285
2020-08-19 04:00:45,0.19258,0.19258
2020-08-19 05:00:15,0.32421,0.32421
2020-08-19 05:00:45,0.05476,0.05476
2020-08-19 06:00:15,-0.58144,-0.58144
2020-08-19 06:00:45,-0.91731,-0.91731
2020-08-19 07:00:15,-1.2053,-1.2053
2020-08-19 07:00:45,-1.3191,-1.3191
2020-08-19 08:00:15,-1.1967,-1.1967
2020-08-19 08:00:45,-1.5032,-1.5032
2020-08-19 09:00:15,-1.528,-1.528
2020-08-19 09:00:45,-1.7985,-1.7985
2020-08-19 10:00:15,-1.4564,-1.4564
2020-08-19 10:00:45,-1.1475,-1.1475
2020-08-19 11:00:15,-0.76457,-0.76457
2020-08-19 11:00:45,-1.6054,-1.6054
2020-08-19 12:00:15,-0.48424,-0.48424
2020-08-19 12:00:45,-1.0323,-1.0323
2020-08-19 13:00:15,-0.93954,-0.93954
2020-08-19 13:00:45,0.08268,0.08268
2020-08-19 14:00:15,-0.42215,-0.42215
2020-08-19 14:00:45,-1.4519,-1.4519
2020-08-19 15:00:15,0.22764,0.22764
2020-08-19 15:00:45,-1.2098,-1.2098
2020-08-19 16:00:15,0.28379,0.28379
2020-08-19 16:00:45,-1.0381,-1.0381
2020-08-19 17:00:15,-0.4178,-0.4178
2020-08-19 17:00:45,-0.18928,-0.18928
2020-08-19 18:00:15,0.25688,0.25688
2020-08-19 18:00:45,0.59243,0.59243
2020-08-19 19:00:15,0.41492,0.41492
2020-08-19 19:00:45,0.41627,0.41627
2020-08-19 20:00:15,1.6416,1.6416
2020-08-19 20:00:45,,0.49861312999999985
2020-08-19 21:00:15,0.78711,0.78711
2020-08-19 21:00:45,0.53738,0.53738
2020-08-19 22:00:15,0.46205,0.46205
2020-08-19 22:00:45,0.39934,0.39934
2020-08-19 23:00:15,0.20466,0.20466
2020-08-19 23:00:45,0.60187,0.60187
2020-08-20 00:00:15,0.57647,0.57647
2020-08-20 00:00:45,0.15818,0.15818
2020-08-20 01:00:15,0.46962,0.46962
2020-08-20 01:00:45,0.39932,0.39932
2020-08-20 02:00:15,0.37644,0.37644
2020-08-20 02:00:45,0.41407,0.41407
2020-08-20 03:00:15,0.41107,0.41107
2020-08-20 03:00:45,0.20998,0.20998
2020-08-20 04:00:15,0.14466,0.14466
2020-08-20 04:00:45,0.17224,0.17224
2020-08-20 05:00:15,0.012367,0.012367
2020-08-20 05:00:45,0.009673,0.009673
2020-08-20 06:00:15,-0.24855,-0.24855
2020-08-20 06:00:45,-0.87298,-0.87298
2020-08-20 07:00:15,-1.0735,-1.0735
2020-08-20 07:00:45,-1.8161,-1.8161
2020-08-20 08:00:15,-1.8839,-1.8839
2020-08-20 08:00:45,-1.5678,-1.5678
2020-08-20 09:00:15,-1.5222,-1.5222
2020-08-20 09:00:45,-1.4879,-1.4879
2020-08-20 10:00:15,-1.744,-1.744
2020-08-20 10:00:45,-1.1212,-1.1212
2020-08-20 11:00:15,-1.199,-1.199
2020-08-20 11:00:45,-0.62972,-0.62972
2020-08-20 12:00:15,-0.53654,-0.53654
2020-08-20 12:00:45,-0.82228,-0.82228
2020-08-20 13:00:15,-0.85897,-0.85897
2020-08-20 13:00:45,-0.46462,-0.46462
2020-08-20 14:00:15,-0.45788,-0.45788
2020-08-20 14:00:45,-0.91211,-0.91211
2020-08-20 15:00:15,-0.55422,-0.55422
2020-08-20 15:00:45,-0.28011,-0.28011
2020-08-20 16:00:15,-0.37207,-0.37207
2020-08-20 16:00:45,-0.1495,-0.1495
2020-08-20 17:00:15,-0.45303,-0.45303
2020-08-20 17:00:45,-0.41469,-0.41469
2020-08-20 18:00:15,-0.13159,-0.13159
2020-08-20 18:00:45,-0.024573,-0.024573
2020-08-20 19:00:15,-0.035522,-0.035522
2020-08-20 19:00:45,0.055824,0.055824
2020-08-20 20:00:15,0.32245,0.32245
2020-08-20 20:00:45,,0.4398036574999999
2020-08-20 21:00:15,0.83733,0.83733
2020-08-20 21:00:45,0.62177,0.62177
2020-08-20 22:00:15,0.554,0.554
2020-08-20 22:00:45,0.52596,0.52596
2020-08-20 23:00:15,0.55685,0.55685
2020-08-20 23:00:45,0.42343,0.42343
2020-08-21 00:00:15,0.46125,0.46125
2020-08-21 00:00:45,0.60336,0.60336
2020-08-21 01:00:15,0.48346,0.48346
2020-08-21 01:00:45,0.47312,0.47312
2020-08-21 02:00:15,1.0963,1.0963
2020-08-21 02:00:45,0.43322,0.43322
2020-08-21 03:00:15,0.17776,0.17776
2020-08-21 03:00:45,-0.00026,-0.00026
2020-08-21 04:00:15,0.14107,0.14107
2020-08-21 04:00:45,0.18158,0.18158
2020-08-21 05:00:15,0.092954,0.092954
2020-08-21 05:00:45,0.14479,0.14479
2020-08-21 06:00:15,-0.34387,-0.34387
2020-08-21 06:00:45,-1.7643,-1.7643
2020-08-21 07:00:15,,-1.1403435274999998
2020-08-21 07:00:45,-1.909,-1.909
2020-08-21 08:00:15,-1.4134,-1.4134
2020-08-21 08:00:45,-1.2341,-1.2341
2020-08-21 09:00:15,0.78943,0.78943
2020-08-21 09:00:45,-1.0063,-1.0063
2020-08-21 10:00:15,-1.0595,-1.0595
2020-08-21 10:00:45,-0.7422,-0.7422
2020-08-21 11:00:15,-0.55703,-0.55703
2020-08-21 11:00:45,-0.2962,-0.2962
2020-08-21 12:00:15,-0.30521,-0.30521
2020-08-21 12:00:45,-1.1713,-1.1713
2020-08-21 13:00:15,-0.67632,-0.67632
2020-08-21 13:00:45,-0.87805,-0.87805
2020-08-21 14:00:15,-0.27767,-0.27767
2020-08-21 14:00:45,-0.89719,-0.89719
2020-08-21 15:00:15,-0.53664,-0.53664
2020-08-21 15:00:45,-0.3989,-0.3989
2020-08-21 16:00:15,-0.63937,-0.63937
2020-08-21 16:00:45,-0.85095,-0.85095
2020-08-21 17:00:15,-0.50506,-0.50506
2020-08-21 17:00:45,-0.35308,-0.35308
2020-08-21 18:00:15,-0.19527,-0.19527
2020-08-21 18:00:45,0.060535,0.060535
2020-08-21 19:00:15,0.73589,0.73589
2020-08-21 19:00:45,0.46036,0.46036
2020-08-21 20:00:15,2.0868,2.0868
2020-08-21 20:00:45,,0.5399846400000001
2020-08-21 21:00:15,2.6452,2.6452
2020-08-21 21:00:45,0.19761,0.19761
2020-08-21 22:00:15,1.1455,1.1455
2020-08-21 22:00:45,,0.27525669750000004
2020-08-21 23:00:15,0.60197,0.60197
2020-08-21 23:00:45,0.67894,0.67894
2020-08-22 00:00:15,0.19499,0.19499
2020-08-22 00:00:45,0.42156,0.42156
2020-08-22 01:00:15,0.23898,0.23898
2020-08-22 01:00:45,1.1681,1.1681
2020-08-22 02:00:15,0.4451,0.4451
2020-08-22 02:00:45,1.553,1.553
2020-08-22 03:00:15,0.10857,0.10857
2020-08-22 03:00:45,0.14874,0.14874
2020-08-22 04:00:15,0.053471,0.053471
2020-08-22 04:00:45,0.92759,0.92759
2020-08-22 05:00:15,-0.003291,-0.003291
2020-08-22 05:00:45,-0.093012,-0.093012
2020-08-22 06:00:15,0.077342,0.077342
2020-08-22 06:00:45,-2.087,-2.087
2020-08-22 07:00:15,-1.1198,-1.1198
2020-08-22 07:00:45,-1.2336,-1.2336
2020-08-22 08:00:15,-1.1681,-1.1681
2020-08-22 08:00:45,-0.90194,-0.90194
2020-08-22 09:00:15,-0.57014,-0.57014
2020-08-22 09:00:45,-1.6256,-1.6256
2020-08-22 10:00:15,-0.60818,-0.60818
2020-08-22 10:00:45,-0.76941,-0.76941
2020-08-22 11:00:15,-0.37291,-0.37291
2020-08-22 11:00:45,-0.056993,-0.056993
2020-08-22 12:00:15,-0.63581,-0.63581
2020-08-22 12:00:45,-0.70292,-0.70292
2020-08-22 13:00:15,-0.36776,-0.36776
2020-08-22 13:00:45,-0.65845,-0.65845
2020-08-22 14:00:15,-0.25494,-0.25494
2020-08-22 14:00:45,-1.8795,-1.8795
2020-08-22 15:00:15,-0.67946,-0.67946
2020-08-22 15:00:45,-2.9323,-2.9323
2020-08-22 16:00:15,-0.53226,-0.53226
2020-08-22 16:00:45,-0.062277,-0.062277
2020-08-22 17:00:15,-0.71643,-0.71643
2020-08-22 17:00:45,1.7608,1.7608
2020-08-22 18:00:15,-0.12847,-0.12847
2020-08-22 18:00:45,0.071335,0.071335
2020-08-22 19:00:15,0.29493,0.29493
2020-08-22 19:00:45,0.31607,0.31607
2020-08-22 20:00:15,0.28853,0.28853
2020-08-22 20:00:45,0.11402,0.11402
2020-08-22 21:00:15,0.25679,0.25679
2020-08-22 21:00:45,0.083572,0.083572
2020-08-22 22:00:15,0.10225,0.10225
2020-08-22 22:00:45,0.017378,0.017378
2020-08-22 23:00:15,0.064014,0.064014
2020-08-22 23:00:45,0.27072,0.27072
2020-08-23 00:00:15,0.4425,0.4425
2020-08-23 00:00:45,0.43197,0.43197
2020-08-23 01:00:15,0.3536,0.3536
2020-08-23 01:00:45,,0.4310103625
2020-08-23 02:00:15,0.50573,0.50573
2020-08-23 02:00:45,0.026283,0.026283
2020-08-23 03:00:15,-0.13301,-0.13301
2020-08-23 03:00:45,-0.034877,-0.034877
2020-08-23 04:00:15,-0.055082,-0.055082
2020-08-23 04:00:45,0.022488,0.022488
2020-08-23 05:00:15,-0.13079,-0.13079
2020-08-23 05:00:45,0.1315,0.1315
2020-08-23 06:00:15,-0.23192,-0.23192
2020-08-23 06:00:45,-1.0867,-1.0867
2020-08-23 07:00:15,-1.6647,-1.6647
2020-08-23 07:00:45,-1.0113,-1.0113
2020-08-23 08:00:15,-1.3847,-1.3847
2020-08-23 08:00:45,-0.81319,-0.81319
2020-08-23 09:00:15,-1.2698,-1.2698
2020-08-23 09:00:45,-0.66161,-0.66161
2020-08-23 10:00:15,-1.0616,-1.0616
2020-08-23 10:00:45,-1.2518,-1.2518
2020-08-23 11:00:15,-0.8773,-0.8773
2020-08-23 11:00:45,-0.87072,-0.87072
2020-08-23 12:00:15,-0.99941,-0.99941
2020-08-23 12:00:45,-0.15207,-0.15207
2020-08-23 13:00:15,0.060463,0.060463
2020-08-23 13:00:45,-1.052,-1.052
2020-08-23 14:00:15,0.1711,0.1711
2020-08-23 14:00:45,1.6233,1.6233
2020-08-23 15:00:15,-0.3938,-0.3938
2020-08-23 15:00:45,-1.1235,-1.1235
2020-08-23 16:00:15,-1.2799,-1.2799
2020-08-23 16:00:45,-0.36823,-0.36823
2020-08-23 17:00:15,-0.22758,-0.22758
2020-08-23 17:00:45,-0.33551,-0.33551
2020-08-23 18:00:15,-0.27165,-0.27165
2020-08-23 18:00:45,0.25352,0.25352
2020-08-23 19:00:15,0.61883,0.61883
2020-08-23 19:00:45,0.51013,0.51013
2020-08-23 20:00:15,0.17314,0.17314
2020-08-23 20:00:45,0.41428,0.41428
2020-08-23 21:00:15,0.15404,0.15404
2020-08-23 21:00:45,0.16293,0.16293
2020-08-23 22:00:15,0.2223,0.2223
2020-08-23 22:00:45,0.046195,0.046195
2020-08-23 23:00:15,0.48713,0.48713
2020-08-23 23:00:45,-0.094393,-0.094393
2020-08-24 00:00:15,0.017014,0.017014
2020-08-24 00:00:45,0.030873,0.030873
2020-08-24 01:00:15,0.15254,0.15254
2020-08-24 01:00:45,-0.009189,-0.009189
2020-08-24 02:00:15,0.15728,0.15728
2020-08-24 02:00:45,0.19997,0.19997
2020-08-24 03:00:15,0.53043,0.53043
2020-08-24 03:00:45,0.099539,0.099539
2020-08-24 04:00:15,0.19471,0.19471
2020-08-24 04:00:45,0.094952,0.094952
2020-08-24 05:00:15,0.070443,0.070443
2020-08-24 05:00:45,-0.03673,-0.03673
2020-08-24 06:00:15,0.15435,0.15435
2020-08-24 06:00:45,-0.81751,-0.81751
2020-08-24 07:00:15,-1.125,-1.125
2020-08-24 07:00:45,-1.3853,-1.3853
2020-08-24 08:00:15,-1.7974,-1.7974
2020-08-24 08:00:45,-1.5428,-1.5428
2020-08-24 09:00:15,-1.0757,-1.0757
2020-08-24 09:00:45,-1.2038,-1.2038
2020-08-24 10:00:15,-1.296,-1.296
2020-08-24 10:00:45,-1.4574,-1.4574
2020-08-24 11:00:15,-1.1018,-1.1018
2020-08-24 11:00:45,-0.71812,-0.71812
2020-08-24 12:00:15,-1.057,-1.057
2020-08-24 12:00:45,-0.45478,-0.45478
2020-08-24 13:00:15,0.10242,0.10242
2020-08-24 13:00:45,-0.36494,-0.36494
2020-08-24 14:00:15,-0.97052,-0.97052
2020-08-24 14:00:45,-0.9669,-0.9669
2020-08-24 15:00:15,-0.82554,-0.82554
2020-08-24 15:00:45,-1.2004,-1.2004
2020-08-24 16:00:15,-0.79014,-0.79014
2020-08-24 16:00:45,-0.71573,-0.71573
2020-08-24 17:00:15,-0.56061,-0.56061
2020-08-24 17:00:45,-0.52399,-0.52399
2020-08-24 18:00:15,,0.3829866649999999
2020-08-24 18:00:45,,0.7979200475
2020-08-24 19:00:15,,1.1848605700000001
2020-08-24 19:00:45,1.8282,1.8282
2020-08-24 20:00:15,1.5713,1.5713
2020-08-24 20:00:45,0.83833,0.83833
2020-08-24 21:00:15,0.4734,0.4734
2020-08-24 21:00:45,0.75847,0.75847
2020-08-24 22:00:15,,0.5754020549999999
2020-08-24 22:00:45,0.768,0.768
2020-08-24 23:00:15,0.65238,0.65238
2020-08-24 23:00:45,0.22441,0.22441
2020-08-25 00:00:15,0.56595,0.56595
2020-08-25 00:00:45,0.22184,0.22184
2020-08-25 01:00:15,0.52318,0.52318
2020-08-25 01:00:45,0.36739,0.36739
2020-08-25 02:00:15,0.19833,0.19833
2020-08-25 02:00:45,0.064815,0.064815
2020-08-25 03:00:15,0.19417,0.19417
2020-08-25 03:00:45,0.046035,0.046035
2020-08-25 04:00:15,0.059392,0.059392
2020-08-25 04:00:45,0.30977,0.30977
2020-08-25 05:00:15,0.018441,0.018441
2020-08-25 05:00:45,0.00871,0.00871
2020-08-25 06:00:15,-0.29016,-0.29016
2020-08-25 06:00:45,-0.47175,-0.47175
2020-08-25 07:00:15,-1.1205,-1.1205
2020-08-25 07:00:45,-1.0933,-1.0933
2020-08-25 08:00:15,-0.81589,-0.81589
2020-08-25 08:00:45,-1.4817,-1.4817
2020-08-25 09:00:15,-0.83092,-0.83092
2020-08-25 09:00:45,-0.81371,-0.81371
2020-08-25 10:00:15,-0.66003,-0.66003
2020-08-25 10:00:45,-0.67559,-0.67559
2020-08-25 11:00:15,-0.94409,-0.94409
2020-08-25 11:00:45,-1.0176,-1.0176
2020-08-25 12:00:15,-1.0627,-1.0627
2020-08-25 12:00:45,-0.61444,-0.61444
2020-08-25 13:00:15,-0.92344,-0.92344
2020-08-25 13:00:45,-0.40193,-0.40193
2020-08-25 14:00:15,-0.66294,-0.66294
2020-08-25 14:00:45,-0.68521,-0.68521
2020-08-25 15:00:15,-0.67411,-0.67411
2020-08-25 15:00:45,-0.73833,-0.73833
2020-08-25 16:00:15,-0.73393,-0.73393
2020-08-25 16:00:45,-0.70096,-0.70096
2020-08-25 17:00:15,-0.728,-0.728
2020-08-25 17:00:45,-0.56366,-0.56366
2020-08-25 18:00:15,-0.16775,-0.16775
2020-08-25 18:00:45,0.24087,0.24087
2020-08-25 19:00:15,0.014227,0.014227
2020-08-25 19:00:45,0.095507,0.095507
2020-08-25 20:00:15,0.080099,0.080099
2020-08-25 20:00:45,-0.012863,-0.012863
2020-08-25 21:00:15,0.1315,0.1315
2020-08-25 21:00:45,0.088676,0.088676
2020-08-25 22:00:15,0.1816,0.1816
2020-08-25 22:00:45,0.2743,0.2743
2020-08-25 23:00:15,0.21111,0.21111
2020-08-25 23:00:45,0.14098,0.14098
2020-08-26 00:00:15,0.055395,0.055395
2020-08-26 00:00:45,0.15659,0.15659
2020-08-26 01:00:15,-0.03763,-0.03763
2020-08-26 01:00:45,0.000912,0.000912
2020-08-26 02:00:15,0.002915,0.002915
2020-08-26 02:00:45,-0.04742,-0.04742
2020-08-26 03:00:15,-0.053041,-0.053041
2020-08-26 03:00:45,-0.17827,-0.17827
2020-08-26 04:00:15,0.03537,0.03537
2020-08-26 04:00:45,0.004496,0.004496
2020-08-26 05:00:15,-0.14861,-0.14861
2020-08-26 05:00:45,0.007175,0.007175
2020-08-26 06:00:15,-0.24584,-0.24584
2020-08-26 06:00:45,-1.0137,-1.0137
2020-08-26 07:00:15,-0.91693,-0.91693
2020-08-26 07:00:45,-1.4169,-1.4169
2020-08-26 08:00:15,-1.2567,-1.2567
2020-08-26 08:00:45,-1.1135,-1.1135
2020-08-26 09:00:15,-1.4005,-1.4005
2020-08-26 09:00:45,-1.0358,-1.0358
2020-08-26 10:00:15,-0.92365,-0.92365
2020-08-26 10:00:45,-1.0768,-1.0768
2020-08-26 11:00:15,-0.80177,-0.80177
2020-08-26 11:00:45,-0.85837,-0.85837
2020-08-26 12:00:15,-0.695,-0.695
2020-08-26 12:00:45,-0.58125,-0.58125
2020-08-26 13:00:15,-0.63519,-0.63519
2020-08-26 13:00:45,-1.2238,-1.2238
2020-08-26 14:00:15,-0.74336,-0.74336
2020-08-26 14:00:45,-0.79899,-0.79899
2020-08-26 15:00:15,-0.69431,-0.69431
2020-08-26 15:00:45,-0.74013,-0.74013
2020-08-26 16:00:15,-0.93049,-0.93049
2020-08-26 16:00:45,-0.67645,-0.67645
2020-08-26 17:00:15,-0.70773,-0.70773
2020-08-26 17:00:45,-0.86738,-0.86738
2020-08-26 18:00:15,0.21487,0.21487
2020-08-26 18:00:45,0.099477,0.099477
2020-08-26 19:00:15,0.15364,0.15364
2020-08-26 19:00:45,0.20043,0.20043
2020-08-26 20:00:15,,0.5637048199999999
2020-08-26 20:00:45,0.65342,0.65342
2020-08-26 21:00:15,0.17527,0.17527
2020-08-26 21:00:45,0.19775,0.19775
2020-08-26 22:00:15,,0.2568031725
2020-08-26 22:00:45,0.17166,0.17166
2020-08-26 23:00:15,0.45423,0.45423
2020-08-26 23:00:45,0.094999,0.094999
2020-08-27 00:00:15,,0.17950112500000004
2020-08-27 00:00:45,,0.08291398750000001
2020-08-27 01:00:15,0.19634,0.19634
2020-08-27 01:00:45,0.044621,0.044621
2020-08-27 02:00:15,-0.15349,-0.15349
2020-08-27 02:00:45,0.07455,0.07455
2020-08-27 03:00:15,0.12467,0.12467
2020-08-27 03:00:45,0.1463,0.1463
2020-08-27 04:00:15,0.11214,0.11214
2020-08-27 04:00:45,0.3481,0.3481
2020-08-27 05:00:15,0.18173,0.18173
2020-08-27 05:00:45,,0.266711685
2020-08-27 06:00:15,-0.20043,-0.20043
2020-08-27 06:00:45,-0.53338,-0.53338
2020-08-27 07:00:15,-0.69213,-0.69213
2020-08-27 07:00:45,-0.83132,-0.83132
2020-08-27 08:00:15,-0.93002,-0.93002
2020-08-27 08:00:45,0.002697,0.002697
2020-08-27 09:00:15,-0.43705,-0.43705
2020-08-27 09:00:45,-0.27489,-0.27489
2020-08-27 10:00:15,-0.80612,-0.80612
2020-08-27 10:00:45,-0.43705,-0.43705
2020-08-27 11:00:15,0.019801,0.019801
2020-08-27 11:00:45,-0.4001,-0.4001
2020-08-27 12:00:15,-0.86367,-0.86367
2020-08-27 12:00:45,-0.15205,-0.15205
2020-08-27 13:00:15,0.89984,0.89984
2020-08-27 13:00:45,0.28947,0.28947
2020-08-27 14:00:15,0.69613,0.69613
2020-08-27 14:00:45,-0.3903,-0.3903
2020-08-27 15:00:15,-0.55444,-0.55444
2020-08-27 15:00:45,-0.56452,-0.56452
2020-08-27 16:00:15,0.008419,0.008419
2020-08-27 16:00:45,0.26001,0.26001
2020-08-27 17:00:15,-0.37064,-0.37064
2020-08-27 17:00:45,-0.21944,-0.21944
2020-08-27 18:00:15,0.03757,0.03757
2020-08-27 18:00:45,,0.5899427349999999
2020-08-27 19:00:15,0.15073,0.15073
2020-08-27 19:00:45,0.15583,0.15583
2020-08-27 20:00:15,0.17421,0.17421
2020-08-27 20:00:45,0.24684,0.24684
2020-08-27 21:00:15,0.15486,0.15486
2020-08-27 21:00:45,-0.024556,-0.024556
2020-08-27 22:00:15,0.11993,0.11993
2020-08-27 22:00:45,,0.2385810625
2020-08-27 23:00:15,-0.032259,-0.032259
2020-08-27 23:00:45,-0.065814,-0.065814
2020-08-28 00:00:15,-0.099802,-0.099802
2020-08-28 00:00:45,-0.080609,-0.080609
2020-08-28 01:00:15,-0.001394,-0.001394
2020-08-28 01:00:45,0.12655,0.12655
2020-08-28 02:00:15,0.13492,0.13492
2020-08-28 02:00:45,0.22217,0.22217
2020-08-28 03:00:15,0.039621,0.039621
2020-08-28 03:00:45,,0.009507612500000007
2020-08-28 04:00:15,-0.12209,-0.12209
2020-08-28 04:00:45,0.0371,0.0371
2020-08-28 05:00:15,-0.15722,-0.15722
2020-08-28 05:00:45,-0.082988,-0.082988
2020-08-28 06:00:15,-0.2303,-0.2303
2020-08-28 06:00:45,-1.5898,-1.5898
2020-08-28 07:00:15,-0.55128,-0.55128
2020-08-28 07:00:45,-0.83476,-0.83476
2020-08-28 08:00:15,-1.6331,-1.6331
2020-08-28 08:00:45,-0.67034,-0.67034
2020-08-28 09:00:15,0.14486,0.14486
2020-08-28 09:00:45,-0.56532,-0.56532
2020-08-28 10:00:15,-0.42888,-0.42888
2020-08-28 10:00:45,-0.08888,-0.08888
2020-08-28 11:00:15,0.049497,0.049497
2020-08-28 11:00:45,0.66535,0.66535
2020-08-28 12:00:15,0.11805,0.11805
2020-08-28 12:00:45,-0.071077,-0.071077
2020-08-28 13:00:15,0.1663,0.1663
2020-08-28 13:00:45,0.23098,0.23098
2020-08-28 14:00:15,0.3185,0.3185
2020-08-28 14:00:45,-0.59465,-0.59465
2020-08-28 15:00:15,0.087116,0.087116
2020-08-28 15:00:45,0.035076,0.035076
2020-08-28 16:00:15,0.2692,0.2692
2020-08-28 16:00:45,-0.30003,-0.30003
2020-08-28 17:00:15,-0.15845,-0.15845
2020-08-28 17:00:45,-0.34139,-0.34139
2020-08-28 18:00:15,0.15378,0.15378
2020-08-28 18:00:45,0.26461,0.26461
2020-08-28 19:00:15,0.049808,0.049808
2020-08-28 19:00:45,0.17688,0.17688
2020-08-28 20:00:15,0.15431,0.15431
2020-08-28 20:00:45,0.092916,0.092916
2020-08-28 21:00:15,0.05491,0.05491
2020-08-28 21:00:45,,0.5310907899999999
2020-08-28 22:00:15,1.2893,1.2893
2020-08-28 22:00:45,0.060162,0.060162
2020-08-28 23:00:15,0.082272,0.082272
2020-08-28 23:00:45,0.10635,0.10635
2020-08-29 00:00:15,0.06281,0.06281
2020-08-29 00:00:45,-0.070769,-0.070769
2020-08-29 01:00:15,,0.16978068249999995
2020-08-29 01:00:45,0.016404,0.016404
2020-08-29 02:00:15,,0.2447162625
2020-08-29 02:00:45,,0.10535583750000002
2020-08-29 03:00:15,0.005612,0.005612
2020-08-29 03:00:45,-0.011732,-0.011732
2020-08-29 04:00:15,0.038443,0.038443
2020-08-29 04:00:45,0.13457,0.13457
2020-08-29 05:00:15,0.15299,0.15299
2020-08-29 05:00:45,0.15028,0.15028
2020-08-29 06:00:15,-0.27736,-0.27736
2020-08-29 06:00:45,-0.4293,-0.4293
2020-08-29 07:00:15,-0.5987,-0.5987
2020-08-29 07:00:45,-0.83771,-0.83771
2020-08-29 08:00:15,-1.5377,-1.5377
2020-08-29 08:00:45,-0.93845,-0.93845
2020-08-29 09:00:15,-0.8543,-0.8543
2020-08-29 09:00:45,-0.71822,-0.71822
2020-08-29 10:00:15,-0.93785,-0.93785
2020-08-29 10:00:45,-0.96443,-0.96443
2020-08-29 11:00:15,-0.92425,-0.92425
2020-08-29 11:00:45,-0.94761,-0.94761
2020-08-29 12:00:15,-0.57498,-0.57498
2020-08-29 12:00:45,-0.96601,-0.96601
2020-08-29 13:00:15,-1.1136,-1.1136
2020-08-29 13:00:45,-0.94295,-0.94295
2020-08-29 14:00:15,0.29527,0.29527
2020-08-29 14:00:45,-0.36071,-0.36071
2020-08-29 15:00:15,-0.98962,-0.98962
2020-08-29 15:00:45,-0.50633,-0.50633
2020-08-29 16:00:15,-0.4317,-0.4317
2020-08-29 16:00:45,-0.66556,-0.66556
2020-08-29 17:00:15,-0.38611,-0.38611
2020-08-29 17:00:45,-0.25065,-0.25065
2020-08-29 18:00:15,-0.1206,-0.1206
2020-08-29 18:00:45,-0.029318,-0.029318
2020-08-29 19:00:15,,0.18839942250000008
2020-08-29 19:00:45,0.50152,0.50152
2020-08-29 20:00:15,0.18677,0.18677
2020-08-29 20:00:45,0.18776,0.18776
2020-08-29 21:00:15,0.24996,0.24996
2020-08-29 21:00:45,0.11599,0.11599
2020-08-29 22:00:15,-0.035499,-0.035499
2020-08-29 22:00:45,0.45451,0.45451
2020-08-29 23:00:15,0.16208,0.16208
2020-08-29 23:00:45,0.70733,0.70733
2020-08-30 00:00:15,,0.4753853900000001
2020-08-30 00:00:45,,0.5646669025000001
2020-08-30 01:00:15,,0.930863145
2020-08-30 01:00:45,0.45356,0.45356
2020-08-30 02:00:15,0.22336,0.22336
2020-08-30 02:00:45,0.27486,0.27486
2020-08-30 03:00:15,0.28216,0.28216
2020-08-30 03:00:45,0.21592,0.21592
2020-08-30 04:00:15,0.43757,0.43757
2020-08-30 04:00:45,0.46359,0.46359
2020-08-30 05:00:15,0.3683,0.3683
2020-08-30 05:00:45,0.3094,0.3094
2020-08-30 06:00:15,0.24722,0.24722
2020-08-30 06:00:45,-0.19729,-0.19729
2020-08-30 07:00:15,-0.36982,-0.36982
2020-08-30 07:00:45,-0.25044,-0.25044
2020-08-30 08:00:15,0.065479,0.065479
2020-08-30 08:00:45,-0.60192,-0.60192
2020-08-30 09:00:15,-0.66032,-0.66032
2020-08-30 09:00:45,-0.28139,-0.28139
2020-08-30 10:00:15,-0.27343,-0.27343
2020-08-30 10:00:45,0.19302,0.19302
2020-08-30 11:00:15,-0.87723,-0.87723
2020-08-30 11:00:45,-0.14614,-0.14614
2020-08-30 12:00:15,0.073932,0.073932
2020-08-30 12:00:45,-0.38769,-0.38769
2020-08-30 13:00:15,0.30649,0.30649
2020-08-30 13:00:45,-0.13996,-0.13996
2020-08-30 14:00:15,-0.4924,-0.4924
2020-08-30 14:00:45,0.23363,0.23363
2020-08-30 15:00:15,0.088095,0.088095
2020-08-30 15:00:45,-0.47805,-0.47805
2020-08-30 16:00:15,-0.82171,-0.82171
2020-08-30 16:00:45,-0.58627,-0.58627
2020-08-30 17:00:15,-0.42328,-0.42328
2020-08-30 17:00:45,-0.34884,-0.34884
2020-08-30 18:00:15,-0.28864,-0.28864
2020-08-30 18:00:45,-0.015786,-0.015786
2020-08-30 19:00:15,-0.033808,-0.033808
2020-08-30 19:00:45,-0.018129,-0.018129
2020-08-30 20:00:15,-0.053899,-0.053899
2020-08-30 20:00:45,-0.001252,-0.001252
2020-08-30 21:00:15,0.095939,0.095939
2020-08-30 21:00:45,-0.12698,-0.12698
2020-08-30 22:00:15,-0.007009,-0.007009
2020-08-30 22:00:45,0.008792,0.008792
2020-08-30 23:00:15,0.00456,0.00456
2020-08-30 23:00:45,0.08434,0.08434
2020-08-31 00:00:15,0.34597,0.34597
2020-08-31 00:00:45,-0.035546,-0.035546
2020-08-31 01:00:15,0.090675,0.090675
2020-08-31 01:00:45,0.1779,0.1779
2020-08-31 02:00:15,0.18309,0.18309
2020-08-31 02:00:45,0.19447,0.19447
2020-08-31 03:00:15,0.30242,0.30242
2020-08-31 03:00:45,0.25735,0.25735
2020-08-31 04:00:15,0.40351,0.40351
2020-08-31 04:00:45,0.30526,0.30526
2020-08-31 05:00:15,0.31123,0.31123
2020-08-31 05:00:45,0.27959,0.27959
2020-08-31 06:00:15,0.06993,0.06993
2020-08-31 06:00:45,-0.09217,-0.09217
2020-08-31 07:00:15,0.44009,0.44009
2020-08-31 07:00:45,-0.62642,-0.62642
2020-08-31 08:00:15,-0.79182,-0.79182
2020-08-31 08:00:45,-0.61085,-0.61085
2020-08-31 09:00:15,-0.22391,-0.22391
2020-08-31 09:00:45,-0.63781,-0.63781
2020-08-31 10:00:15,-0.46299,-0.46299
2020-08-31 10:00:45,-0.91884,-0.91884
2020-08-31 11:00:15,-1.6161,-1.6161
2020-08-31 11:00:45,-0.65741,-0.65741
2020-08-31 12:00:15,-0.20807,-0.20807
2020-08-31 12:00:45,-0.97469,-0.97469
2020-08-31 13:00:15,-0.11377,-0.11377
2020-08-31 13:00:45,-0.91188,-0.91188
2020-08-31 14:00:15,-0.24582,-0.24582
2020-08-31 14:00:45,-0.49331,-0.49331
2020-08-31 15:00:15,1.6069,1.6069
2020-08-31 15:00:45,-0.75951,-0.75951
2020-08-31 16:00:15,,-0.44979028499999996
2020-08-31 16:00:45,-0.53189,-0.53189
2020-08-31 17:00:15,-0.63111,-0.63111
2020-08-31 17:00:45,-0.23169,-0.23169
2020-08-31 18:00:15,0.19481,0.19481
2020-08-31 18:00:45,,0.5966987125
2020-08-31 19:00:15,,0.5948671725
2020-08-31 19:00:45,,0.583648545
2020-08-31 20:00:15,0.7978,0.7978
2020-08-31 20:00:45,-0.020137,-0.020137
2020-08-31 21:00:15,0.12801,0.12801
2020-08-31 21:00:45,0.15659,0.15659
2020-08-31 22:00:15,0.086974,0.086974
2020-08-31 22:00:45,0.024696,0.024696
2020-08-31 23:00:15,-0.065745,-0.065745
2020-08-31 23:00:45,,0.030315790000000006
2020-09-01 00:00:15,-0.06965,-0.06965
2020-09-01 00:00:45,,0.03630995999999999
2020-09-01 01:00:15,0.30193,0.30193
2020-09-01 01:00:45,0.040621,0.040621
2020-09-01 02:00:15,0.11036,0.11036
2020-09-01 02:00:45,0.16166,0.16166
2020-09-01 03:00:15,-0.16368,-0.16368
2020-09-01 03:00:45,0.17043,0.17043
2020-09-01 04:00:15,0.066287,0.066287
2020-09-01 04:00:45,0.14183,0.14183
2020-09-01 05:00:15,0.12817,0.12817
2020-09-01 05:00:45,,0.032552405000000006
2020-09-01 06:00:15,-0.63035,-0.63035
2020-09-01 06:00:45,-0.9441,-0.9441
2020-09-01 07:00:15,-1.2208,-1.2208
2020-09-01 07:00:45,-0.82785,-0.82785
2020-09-01 08:00:15,0.17855,0.17855
2020-09-01 08:00:45,-0.33797,-0.33797
2020-09-01 09:00:15,-0.43621,-0.43621
2020-09-01 09:00:45,-0.29952,-0.29952
2020-09-01 10:00:15,0.58585,0.58585
2020-09-01 10:00:45,-0.29087,-0.29087
2020-09-01 11:00:15,-0.52629,-0.52629
2020-09-01 11:00:45,,0.1768270475
2020-09-01 12:00:15,,1.2304736325000003
2020-09-01 12:00:45,,0.21573621750000005
2020-09-01 13:00:15,1.6173,1.6173
2020-09-01 13:00:45,,0.1060279175
2020-09-01 14:00:15,,0.1418325975
2020-09-01 14:00:45,,0.22117974250000003
2020-09-01 15:00:15,1.1093,1.1093
2020-09-01 15:00:45,0.44728,0.44728
2020-09-01 16:00:15,0.755,0.755
2020-09-01 16:00:45,0.38671,0.38671
2020-09-01 17:00:15,0.77879,0.77879
2020-09-01 17:00:45,0.86709,0.86709
2020-09-01 18:00:15,0.79252,0.79252
2020-09-01 18:00:45,0.44124,0.44124
2020-09-01 19:00:15,0.52381,0.52381
2020-09-01 19:00:45,0.50172,0.50172
2020-09-01 20:00:15,,0.28481326500000004
2020-09-01 20:00:45,,0.41039620500000007
2020-09-01 21:00:15,,0.28720368249999995
2020-09-01 21:00:45,,0.294318085
2020-09-01 22:00:15,0.50171,0.50171
2020-09-01 22:00:45,0.26328,0.26328
2020-09-01 23:00:15,0.12973,0.12973
2020-09-01 23:00:45,0.21492,0.21492
2020-09-02 00:00:15,-0.028074,-0.028074
2020-09-02 00:00:45,,0.10876961750000003
2020-09-02 01:00:15,-0.1146,-0.1146
2020-09-02 01:00:45,,0.05225292249999999
2020-09-02 02:00:15,,0.17079351250000002
2020-09-02 02:00:45,,0.23347617250000008
2020-09-02 03:00:15,,0.3212110975
2020-09-02 03:00:45,,0.5202131575
2020-09-02 04:00:15,0.69532,0.69532
2020-09-02 04:00:45,,0.3589555299999999
2020-09-02 05:00:15,1.6699,1.6699
2020-09-02 05:00:45,,0.511830165
2020-09-02 06:00:15,,0.0818952725
2020-09-02 06:00:45,,0.04934144500000001
2020-09-02 07:00:15,-0.2928,-0.2928
2020-09-02 07:00:45,0.97583,0.97583
2020-09-02 08:00:15,-0.29464,-0.29464
2020-09-02 08:00:45,0.89325,0.89325
2020-09-02 09:00:15,,0.5099721199999999
2020-09-02 09:00:45,1.4866,1.4866
2020-09-02 10:00:15,1.3149,1.3149
2020-09-02 10:00:45,1.2504,1.2504
2020-09-02 11:00:15,1.5413,1.5413
2020-09-02 11:00:45,0.49233,0.49233
2020-09-02 12:00:15,1.6538,1.6538
2020-09-02 12:00:45,1.8546,1.8546
2020-09-02 13:00:15,,0.9758827725000001
2020-09-02 13:00:45,1.4016,1.4016
2020-09-02 14:00:15,1.8856,1.8856
2020-09-02 14:00:45,1.3338,1.3338
2020-09-02 15:00:15,1.4139,1.4139
2020-09-02 15:00:45,0.68956,0.68956
2020-09-02 16:00:15,0.57904,0.57904
2020-09-02 16:00:45,-0.17579,-0.17579
2020-09-02 17:00:15,-0.20055,-0.20055
2020-09-02 17:00:45,0.024618,0.024618
2020-09-02 18:00:15,0.27822,0.27822
2020-09-02 18:00:45,-0.087119,-0.087119
2020-09-02 19:00:15,0.018726,0.018726
2020-09-02 19:00:45,0.50706,0.50706
2020-09-02 20:00:15,0.34882,0.34882
2020-09-02 20:00:45,-0.006897,-0.006897
2020-09-02 21:00:15,0.24956,0.24956
2020-09-02 21:00:45,0.25812,0.25812
2020-09-02 22:00:15,-0.030267,-0.030267
2020-09-02 22:00:45,0.10525,0.10525
2020-09-02 23:00:15,-0.025963,-0.025963
2020-09-02 23:00:45,-0.042132,-0.042132
2020-09-03 00:00:15,,0.003622660000000005
2020-09-03 00:00:45,0.011461,0.011461
2020-09-03 01:00:15,-0.1594,-0.1594
2020-09-03 01:00:45,-0.089925,-0.089925
2020-09-03 02:00:15,-0.05207,-0.05207
2020-09-03 02:00:45,0.010796,0.010796
2020-09-03 03:00:15,0.08596,0.08596
2020-09-03 03:00:45,,0.23357039750000008
2020-09-03 04:00:15,0.8009,0.8009
2020-09-03 04:00:45,0.030049,0.030049
2020-09-03 05:00:15,,0.041257585000000006
2020-09-03 05:00:45,-0.084656,-0.084656
2020-09-03 06:00:15,0.025764,0.025764
2020-09-03 06:00:45,-0.79503,-0.79503
2020-09-03 07:00:15,-0.80117,-0.80117
2020-09-03 07:00:45,-0.50978,-0.50978
2020-09-03 08:00:15,-1.4986,-1.4986
2020-09-03 08:00:45,-0.49825,-0.49825
2020-09-03 09:00:15,-0.92034,-0.92034
2020-09-03 09:00:45,-0.5222,-0.5222
2020-09-03 10:00:15,-0.024075,-0.024075
2020-09-03 10:00:45,1.3635,1.3635
2020-09-03 11:00:15,-0.045453,-0.045453
2020-09-03 11:00:45,0.69075,0.69075
2020-09-03 12:00:15,-0.091257,-0.091257
2020-09-03 12:00:45,0.67595,0.67595
2020-09-03 13:00:15,1.6894,1.6894
2020-09-03 13:00:45,0.50105,0.50105
2020-09-03 14:00:15,0.76587,0.76587
2020-09-03 14:00:45,0.12682,0.12682
2020-09-03 15:00:15,0.22504,0.22504
2020-09-03 15:00:45,0.50057,0.50057
2020-09-03 16:00:15,0.68128,0.68128
2020-09-03 16:00:45,0.42733,0.42733
2020-09-03 17:00:15,0.0453,0.0453
2020-09-03 17:00:45,0.1327,0.1327
2020-09-03 18:00:15,0.058623,0.058623
2020-09-03 18:00:45,-0.013398,-0.013398
2020-09-03 19:00:15,-0.01593,-0.01593
2020-09-03 19:00:45,0.19276,0.19276
2020-09-03 20:00:15,0.61836,0.61836
2020-09-03 20:00:45,0.50296,0.50296
2020-09-03 21:00:15,0.31824,0.31824
2020-09-03 21:00:45,0.35959,0.35959
2020-09-03 22:00:15,0.5853,0.5853
2020-09-03 22:00:45,0.49591,0.49591
2020-09-03 23:00:15,0.48237,0.48237
2020-09-03 23:00:45,0.55172,0.55172
2020-09-04 00:00:15,0.50468,0.50468
2020-09-04 00:00:45,0.54635,0.54635
2020-09-04 01:00:15,0.65633,0.65633
2020-09-04 01:00:45,0.3403,0.3403
2020-09-04 02:00:15,0.19355,0.19355
2020-09-04 02:00:45,0.18431,0.18431
2020-09-04 03:00:15,-0.066944,-0.066944
2020-09-04 03:00:45,-0.055821,-0.055821
2020-09-04 04:00:15,-0.053785,-0.053785
2020-09-04 04:00:45,-0.022218,-0.022218
2020-09-04 05:00:15,,0.030195677499999997
2020-09-04 05:00:45,,0.0375350525
2020-09-04 06:00:15,-0.3372,-0.3372
2020-09-04 06:00:45,-0.89713,-0.89713
2020-09-04 07:00:15,-0.83169,-0.83169
2020-09-04 07:00:45,-0.89193,-0.89193
2020-09-04 08:00:15,-0.60052,-0.60052
2020-09-04 08:00:45,-0.77447,-0.77447
2020-09-04 09:00:15,-0.40288,-0.40288
2020-09-04 09:00:45,0.26892,0.26892
2020-09-04 10:00:15,-0.61312,-0.61312
2020-09-04 10:00:45,-0.62289,-0.62289
2020-09-04 11:00:15,-0.57963,-0.57963
2020-09-04 11:00:45,-0.4821,-0.4821
2020-09-04 12:00:15,-0.25512,-0.25512
2020-09-04 12:00:45,0.28004,0.28004
2020-09-04 13:00:15,-0.43482,-0.43482
2020-09-04 13:00:45,-0.065509,-0.065509
2020-09-04 14:00:15,-1.4702,-1.4702
2020-09-04 14:00:45,0.073141,0.073141
2020-09-04 15:00:15,-0.39725,-0.39725
2020-09-04 15:00:45,0.6412,0.6412
2020-09-04 16:00:15,1.431,1.431
2020-09-04 16:00:45,0.33733,0.33733
2020-09-04 17:00:15,-1.1967,-1.1967
2020-09-04 17:00:45,-0.37902,-0.37902
2020-09-04 18:00:15,-0.17521,-0.17521
2020-09-04 18:00:45,0.026689,0.026689
2020-09-04 19:00:15,0.18523,0.18523
2020-09-04 19:00:45,0.32862,0.32862
2020-09-04 20:00:15,0.18429,0.18429
2020-09-04 20:00:45,0.27785,0.27785
2020-09-04 21:00:15,0.31827,0.31827
2020-09-04 21:00:45,0.21528,0.21528
2020-09-04 22:00:15,0.42405,0.42405
2020-09-04 22:00:45,0.28658,0.28658
2020-09-04 23:00:15,0.31323,0.31323
2020-09-04 23:00:45,0.3465,0.3465
2020-09-05 00:00:15,0.18512,0.18512
2020-09-05 00:00:45,0.063835,0.063835
2020-09-05 01:00:15,0.21429,0.21429
2020-09-05 01:00:45,0.3218,0.3218
2020-09-05 02:00:15,0.14368,0.14368
2020-09-05 02:00:45,0.23044,0.23044
2020-09-05 03:00:15,0.044106,0.044106
2020-09-05 03:00:45,0.21265,0.21265
2020-09-05 04:00:15,0.07143,0.07143
2020-09-05 04:00:45,0.17666,0.17666
2020-09-05 05:00:15,0.06236,0.06236
2020-09-05 05:00:45,-3.3e-05,-3.3e-05
2020-09-05 06:00:15,-0.29873,-0.29873
2020-09-05 06:00:45,-0.87761,-0.87761
2020-09-05 07:00:15,-0.64323,-0.64323
2020-09-05 07:00:45,-1.047,-1.047
2020-09-05 08:00:15,-0.68789,-0.68789
2020-09-05 08:00:45,-0.42093,-0.42093
2020-09-05 09:00:15,-0.84617,-0.84617
2020-09-05 09:00:45,-0.66716,-0.66716
2020-09-05 10:00:15,-0.64578,-0.64578
2020-09-05 10:00:45,-0.45309,-0.45309
2020-09-05 11:00:15,-0.69294,-0.69294
2020-09-05 11:00:45,-0.12118,-0.12118
2020-09-05 12:00:15,0.15438,0.15438
2020-09-05 12:00:45,-0.083126,-0.083126
2020-09-05 13:00:15,-0.23506,-0.23506
2020-09-05 13:00:45,-0.10507,-0.10507
2020-09-05 14:00:15,-0.38435,-0.38435
2020-09-05 14:00:45,-0.94323,-0.94323
2020-09-05 15:00:15,-0.7751,-0.7751
2020-09-05 15:00:45,-0.70382,-0.70382
2020-09-05 16:00:15,-0.27494,-0.27494
2020-09-05 16:00:45,,-0.25954459
2020-09-05 17:00:15,-0.020105,-0.020105
2020-09-05 17:00:45,-0.50358,-0.50358
2020-09-05 18:00:15,-0.069886,-0.069886
2020-09-05 18:00:45,,0.23288258500000003
2020-09-05 19:00:15,0.036462,0.036462
2020-09-05 19:00:45,0.10897,0.10897
2020-09-05 20:00:15,0.21578,0.21578
2020-09-05 20:00:45,0.16992,0.16992
2020-09-05 21:00:15,0.12106,0.12106
2020-09-05 21:00:45,0.43306,0.43306
2020-09-05 22:00:15,0.076013,0.076013
2020-09-05 22:00:45,0.22589,0.22589
2020-09-05 23:00:15,0.20169,0.20169
2020-09-05 23:00:45,0.26013,0.26013
2020-09-06 00:00:15,0.23574,0.23574
2020-09-06 00:00:45,0.27691,0.27691
2020-09-06 01:00:15,0.26429,0.26429
2020-09-06 01:00:45,0.2074,0.2074
2020-09-06 02:00:15,0.14912,0.14912
2020-09-06 02:00:45,0.26021,0.26021
2020-09-06 03:00:15,0.21683,0.21683
2020-09-06 03:00:45,0.18688,0.18688
2020-09-06 04:00:15,0.24568,0.24568
2020-09-06 04:00:45,0.21569,0.21569
2020-09-06 05:00:15,0.23357,0.23357
2020-09-06 05:00:45,0.1697,0.1697
2020-09-06 06:00:15,-0.11367,-0.11367
2020-09-06 06:00:45,-0.50202,-0.50202
2020-09-06 07:00:15,-0.79473,-0.79473
2020-09-06 07:00:45,-0.63979,-0.63979
2020-09-06 08:00:15,-0.78581,-0.78581
2020-09-06 08:00:45,-0.73119,-0.73119
2020-09-06 09:00:15,-0.93767,-0.93767
2020-09-06 09:00:45,-0.58898,-0.58898
2020-09-06 10:00:15,-0.80097,-0.80097
2020-09-06 10:00:45,-0.72132,-0.72132
2020-09-06 11:00:15,-0.29782,-0.29782
2020-09-06 11:00:45,-0.50862,-0.50862
2020-09-06 12:00:15,0.014216,0.014216
2020-09-06 12:00:45,-0.2023,-0.2023
2020-09-06 13:00:15,0.41131,0.41131
2020-09-06 13:00:45,0.37427,0.37427
2020-09-06 14:00:15,0.43391,0.43391
2020-09-06 14:00:45,0.32575,0.32575
2020-09-06 15:00:15,0.27166,0.27166
2020-09-06 15:00:45,0.30134,0.30134
2020-09-06 16:00:15,0.46817,0.46817
2020-09-06 16:00:45,0.082064,0.082064
2020-09-06 17:00:15,0.12825,0.12825
2020-09-06 17:00:45,-0.055709,-0.055709
2020-09-06 18:00:15,-0.24456,-0.24456
2020-09-06 18:00:45,0.004339,0.004339
2020-09-06 19:00:15,-0.084167,-0.084167
2020-09-06 19:00:45,-0.063843,-0.063843
2020-09-06 20:00:15,0.15732,0.15732
2020-09-06 20:00:45,0.35823,0.35823
2020-09-06 21:00:15,0.38621,0.38621
2020-09-06 21:00:45,0.27429,0.27429
2020-09-06 22:00:15,0.38981,0.38981
2020-09-06 22:00:45,0.18667,0.18667
2020-09-06 23:00:15,0.20639,0.20639
2020-09-06 23:00:45,0.1039,0.1039
2020-09-07 00:00:15,0.014482,0.014482
2020-09-07 00:00:45,-0.10985,-0.10985
2020-09-07 01:00:15,0.22373,0.22373
2020-09-07 01:00:45,0.16577,0.16577
2020-09-07 02:00:15,0.074507,0.074507
2020-09-07 02:00:45,0.059126,0.059126
2020-09-07 03:00:15,0.12923,0.12923
2020-09-07 03:00:45,0.057259,0.057259
2020-09-07 04:00:15,-0.032397,-0.032397
2020-09-07 04:00:45,0.028263,0.028263
2020-09-07 05:00:15,0.11041,0.11041
2020-09-07 05:00:45,0.009663,0.009663
2020-09-07 06:00:15,-0.2733,-0.2733
2020-09-07 06:00:45,-0.69421,-0.69421
2020-09-07 07:00:15,-0.80369,-0.80369
2020-09-07 07:00:45,-0.66781,-0.66781
2020-09-07 08:00:15,-0.84361,-0.84361
2020-09-07 08:00:45,-0.66878,-0.66878
2020-09-07 09:00:15,-0.44056,-0.44056
2020-09-07 09:00:45,0.07215,0.07215
2020-09-07 10:00:15,-0.80978,-0.80978
2020-09-07 10:00:45,-0.44345,-0.44345
2020-09-07 11:00:15,0.089532,0.089532
2020-09-07 11:00:45,0.16098,0.16098
2020-09-07 12:00:15,0.30295,0.30295
2020-09-07 12:00:45,0.35014,0.35014
2020-09-07 13:00:15,0.075911,0.075911
2020-09-07 13:00:45,0.05491,0.05491
2020-09-07 14:00:15,0.002339,0.002339
2020-09-07 14:00:45,-0.36713,-0.36713
2020-09-07 15:00:15,-0.3173,-0.3173
2020-09-07 15:00:45,-0.20432,-0.20432
2020-09-07 16:00:15,-0.40556,-0.40556
2020-09-07 16:00:45,-0.23276,-0.23276
2020-09-07 17:00:15,-0.23595,-0.23595
2020-09-07 17:00:45,0.031536,0.031536
2020-09-07 18:00:15,-0.013298,-0.013298
2020-09-07 18:00:45,0.11424,0.11424
2020-09-07 19:00:15,-0.043617,-0.043617
2020-09-07 19:00:45,-0.023828,-0.023828
2020-09-07 20:00:15,-0.15287,-0.15287
2020-09-07 20:00:45,0.020976,0.020976
2020-09-07 21:00:15,0.16282,0.16282
2020-09-07 21:00:45,-0.005412,-0.005412
2020-09-07 22:00:15,-0.067236,-0.067236
2020-09-07 22:00:45,-0.041795,-0.041795
2020-09-07 23:00:15,-0.076388,-0.076388
2020-09-07 23:00:45,0.2346,0.2346
2020-09-08 00:00:15,0.23212,0.23212
2020-09-08 00:00:45,0.27218,0.27218
2020-09-08 01:00:15,0.35348,0.35348
2020-09-08 01:00:45,0.26468,0.26468
2020-09-08 02:00:15,0.96698,0.96698
2020-09-08 02:00:45,-0.045133,-0.045133
2020-09-08 03:00:15,-0.020614,-0.020614
2020-09-08 03:00:45,0.026092,0.026092
2020-09-08 04:00:15,0.10314,0.10314
2020-09-08 04:00:45,0.019517,0.019517
2020-09-08 05:00:15,-0.10909,-0.10909
2020-09-08 05:00:45,0.036442,0.036442
2020-09-08 06:00:15,-0.067144,-0.067144
2020-09-08 06:00:45,-0.5407,-0.5407
2020-09-08 07:00:15,-0.65116,-0.65116
2020-09-08 07:00:45,-0.29992,-0.29992
2020-09-08 08:00:15,-0.85001,-0.85001
2020-09-08 08:00:45,-0.46824,-0.46824
2020-09-08 09:00:15,-0.68319,-0.68319
2020-09-08 09:00:45,-0.44054,-0.44054
2020-09-08 10:00:15,,-0.5060812500000001
2020-09-08 10:00:45,-0.04713,-0.04713
2020-09-08 11:00:15,-0.66742,-0.66742
2020-09-08 11:00:45,-1.03,-1.03
2020-09-08 12:00:15,-1.0158,-1.0158
2020-09-08 12:00:45,-1.005,-1.005
2020-09-08 13:00:15,-0.81586,-0.81586
2020-09-08 13:00:45,-1.0902,-1.0902
2020-09-08 14:00:15,-0.48522,-0.48522
2020-09-08 14:00:45,-0.87479,-0.87479
2020-09-08 15:00:15,0.12678,0.12678
2020-09-08 15:00:45,0.18858,0.18858
2020-09-08 16:00:15,-0.92911,-0.92911
2020-09-08 16:00:45,-1.0474,-1.0474
2020-09-08 17:00:15,-0.81892,-0.81892
2020-09-08 17:00:45,-0.30497,-0.30497
2020-09-08 18:00:15,-0.14257,-0.14257
2020-09-08 18:00:45,,0.32118767000000004
2020-09-08 19:00:15,,0.42554089000000006
2020-09-08 19:00:45,0.67963,0.67963
2020-09-08 20:00:15,0.30389,0.30389
2020-09-08 20:00:45,-0.042679,-0.042679
2020-09-08 21:00:15,,0.2929031650000001
2020-09-08 21:00:45,,0.4343997300000003
2020-09-08 22:00:15,0.39833,0.39833
2020-09-08 22:00:45,0.2546,0.2546
2020-09-08 23:00:15,,0.31351678
2020-09-08 23:00:45,,0.8871762600000002
2020-09-09 00:00:15,,0.6785037725
2020-09-09 00:00:45,,0.7929488475000002
2020-09-09 01:00:15,,0.8535023150000001
2020-09-09 01:00:45,,0.48730349500000036
2020-09-09 02:00:15,,0.34250140250000016
2020-09-09 02:00:45,,1.0709029624999997
2020-09-09 03:00:15,,1.0907881999999998
2020-09-09 03:00:45,0.81568,0.81568
2020-09-09 04:00:15,0.4185,0.4185
2020-09-09 04:00:45,0.43827,0.43827
2020-09-09 05:00:15,0.60466,0.60466
2020-09-09 05:00:45,0.50128,0.50128
2020-09-09 06:00:15,0.25105,0.25105
2020-09-09 06:00:45,0.18457,0.18457
2020-09-09 07:00:15,0.18015,0.18015
2020-09-09 07:00:45,0.017248,0.017248
2020-09-09 08:00:15,0.033337,0.033337
2020-09-09 08:00:45,0.2119,0.2119
2020-09-09 09:00:15,0.023926,0.023926
2020-09-09 09:00:45,-0.030725,-0.030725
2020-09-09 10:00:15,-0.10756,-0.10756
2020-09-09 10:00:45,-0.23178,-0.23178
2020-09-09 11:00:15,-0.11699,-0.11699
2020-09-09 11:00:45,-0.13983,-0.13983
2020-09-09 12:00:15,-0.15764,-0.15764
2020-09-09 12:00:45,0.18768,0.18768
2020-09-09 13:00:15,-0.17009,-0.17009
2020-09-09 13:00:45,-0.03561,-0.03561
2020-09-09 14:00:15,-0.095825,-0.095825
2020-09-09 14:00:45,,-0.03352316499999998
2020-09-09 15:00:15,1.426,1.426
2020-09-09 15:00:45,-0.046019,-0.046019
2020-09-09 16:00:15,0.046564,0.046564
2020-09-09 16:00:45,-0.12828,-0.12828
2020-09-09 17:00:15,0.042434,0.042434
2020-09-09 17:00:45,0.028705,0.028705
2020-09-09 18:00:15,,0.26460373250000013
2020-09-09 18:00:45,,0.31867762750000017
2020-09-09 19:00:15,,0.44512729250000005
2020-09-09 19:00:45,0.19546,0.19546
2020-09-09 20:00:15,,0.481863125
2020-09-09 20:00:45,,0.39867420500000006
2020-09-09 21:00:15,,0.43090178500000004
2020-09-09 21:00:45,,0.45954052999999995
2020-09-09 22:00:15,,0.28782621999999997
2020-09-09 22:00:45,0.69239,0.69239
2020-09-09 23:00:15,,0.4691386525000001
2020-09-09 23:00:45,0.1825,0.1825
2020-09-10 00:00:15,1.419,1.419
2020-09-10 00:00:45,,0.4261193525000002
2020-09-10 01:00:15,0.14739,0.14739
2020-09-10 01:00:45,-0.006746,-0.006746
2020-09-10 02:00:15,0.10915,0.10915
2020-09-10 02:00:45,-0.063127,-0.063127
2020-09-10 03:00:15,0.13938,0.13938
2020-09-10 03:00:45,0.18814,0.18814
2020-09-10 04:00:15,0.094458,0.094458
2020-09-10 04:00:45,0.069842,0.069842
2020-09-10 05:00:15,0.25178,0.25178
2020-09-10 05:00:45,0.3202,0.3202
2020-09-10 06:00:15,0.55897,0.55897
2020-09-10 06:00:45,0.079026,0.079026
2020-09-10 07:00:15,-0.018221,-0.018221
2020-09-10 07:00:45,-0.08779,-0.08779
2020-09-10 08:00:15,-0.18222,-0.18222
2020-09-10 08:00:45,-0.29997,-0.29997
2020-09-10 09:00:15,-0.26996,-0.26996
2020-09-10 09:00:45,-0.65106,-0.65106
2020-09-10 10:00:15,-0.78181,-0.78181
2020-09-10 10:00:45,-0.41841,-0.41841
2020-09-10 11:00:15,-0.52459,-0.52459
2020-09-10 11:00:45,-0.51743,-0.51743
2020-09-10 12:00:15,-0.82455,-0.82455
2020-09-10 12:00:45,-0.65116,-0.65116
2020-09-10 13:00:15,-0.51923,-0.51923
2020-09-10 13:00:45,-0.49684,-0.49684
2020-09-10 14:00:15,1.5891,1.5891
2020-09-10 14:00:45,-0.10215,-0.10215
2020-09-10 15:00:15,0.12525,0.12525
2020-09-10 15:00:45,-0.24449,-0.24449
2020-09-10 16:00:15,-0.21835,-0.21835
2020-09-10 16:00:45,0.29956,0.29956
2020-09-10 17:00:15,0.084975,0.084975
2020-09-10 17:00:45,0.22059,0.22059
2020-09-10 18:00:15,0.31481,0.31481
2020-09-10 18:00:45,0.3591,0.3591
2020-09-10 19:00:15,0.14041,0.14041
2020-09-10 19:00:45,0.34816,0.34816
2020-09-10 20:00:15,0.43536,0.43536
2020-09-10 20:00:45,0.31631,0.31631
2020-09-10 21:00:15,0.25492,0.25492
2020-09-10 21:00:45,0.16773,0.16773
2020-09-10 22:00:15,0.18283,0.18283
2020-09-10 22:00:45,0.13618,0.13618
2020-09-10 23:00:15,0.4599,0.4599
2020-09-10 23:00:45,0.38995,0.38995
2020-09-11 00:00:15,0.26333,0.26333
2020-09-11 00:00:45,0.30375,0.30375
2020-09-11 01:00:15,0.16773,0.16773
2020-09-11 01:00:45,0.54,0.54
2020-09-11 02:00:15,-0.64385,-0.64385
2020-09-11 02:00:45,0.43093,0.43093
2020-09-11 03:00:15,0.68585,0.68585
2020-09-11 03:00:45,0.025372,0.025372
2020-09-11 04:00:15,0.43076,0.43076
2020-09-11 04:00:45,0.24373,0.24373
2020-09-11 05:00:15,-0.38509,-0.38509
2020-09-11 05:00:45,0.49033,0.49033
2020-09-11 06:00:15,0.29863,0.29863
2020-09-11 06:00:45,-0.093277,-0.093277
2020-09-11 07:00:15,-0.02482,-0.02482
2020-09-11 07:00:45,-0.14241,-0.14241
2020-09-11 08:00:15,-0.49994,-0.49994
2020-09-11 08:00:45,-0.05923,-0.05923
2020-09-11 09:00:15,-0.13036,-0.13036
2020-09-11 09:00:45,0.47536,0.47536
2020-09-11 10:00:15,0.18279,0.18279
2020-09-11 10:00:45,0.65515,0.65515
2020-09-11 11:00:15,0.59205,0.59205
2020-09-11 11:00:45,0.44169,0.44169
2020-09-11 12:00:15,-0.12168,-0.12168
2020-09-11 12:00:45,0.13924,0.13924
2020-09-11 13:00:15,0.47342,0.47342
2020-09-11 13:00:45,0.32512,0.32512
2020-09-11 14:00:15,0.71481,0.71481
2020-09-11 14:00:45,0.016173,0.016173
2020-09-11 15:00:15,-0.023799,-0.023799
2020-09-11 15:00:45,-0.02607,-0.02607
2020-09-11 16:00:15,0.13451,0.13451
2020-09-11 16:00:45,0.42871,0.42871
2020-09-11 17:00:15,0.059114,0.059114
2020-09-11 17:00:45,-0.073775,-0.073775
2020-09-11 18:00:15,0.12751,0.12751
2020-09-11 18:00:45,0.024492,0.024492
2020-09-11 19:00:15,-0.33151,-0.33151
2020-09-11 19:00:45,-0.56264,-0.56264
2020-09-11 20:00:15,-0.44741,-0.44741
2020-09-11 20:00:45,-0.003756,-0.003756
2020-09-11 21:00:15,-0.006403,-0.006403
2020-09-11 21:00:45,-0.12471,-0.12471
2020-09-11 22:00:15,-0.070996,-0.070996
2020-09-11 22:00:45,-0.052,-0.052
2020-09-11 23:00:15,0.004977,0.004977
2020-09-11 23:00:45,-0.092521,-0.092521
2020-09-12 00:00:15,-0.02473,-0.02473
2020-09-12 00:00:45,-0.010782,-0.010782
2020-09-12 01:00:15,-1.1514,-1.1514
2020-09-12 01:00:45,-0.16798,-0.16798
2020-09-12 02:00:15,-0.04644,-0.04644
2020-09-12 02:00:45,0.006547,0.006547
2020-09-12 03:00:15,-0.064198,-0.064198
2020-09-12 03:00:45,-0.20192,-0.20192
2020-09-12 04:00:15,0.30108,0.30108
2020-09-12 04:00:45,0.46605,0.46605
2020-09-12 05:00:15,0.076502,0.076502
2020-09-12 05:00:45,-0.090894,-0.090894
2020-09-12 06:00:15,,-0.034791592499999996
2020-09-12 06:00:45,-0.12288,-0.12288
2020-09-12 07:00:15,0.15112,0.15112
2020-09-12 07:00:45,,-0.11965382750000003
2020-09-12 08:00:15,-1.584,-1.584
2020-09-12 08:00:45,0.81851,0.81851
2020-09-12 09:00:15,-0.075485,-0.075485
2020-09-12 09:00:45,-0.84994,-0.84994
2020-09-12 10:00:15,1.0245,1.0245
2020-09-12 10:00:45,-0.13219,-0.13219
2020-09-12 11:00:15,-0.46809,-0.46809
2020-09-12 11:00:45,0.3405,0.3405
2020-09-12 12:00:15,0.52768,0.52768
2020-09-12 12:00:45,0.53758,0.53758
2020-09-12 13:00:15,0.41499,0.41499
2020-09-12 13:00:45,0.46098,0.46098
2020-09-12 14:00:15,0.60189,0.60189
2020-09-12 14:00:45,0.39469,0.39469
2020-09-12 15:00:15,0.93361,0.93361
2020-09-12 15:00:45,0.4333,0.4333
2020-09-12 16:00:15,0.25155,0.25155
2020-09-12 16:00:45,0.13187,0.13187
2020-09-12 17:00:15,0.12961,0.12961
2020-09-12 17:00:45,0.11279,0.11279
2020-09-12 18:00:15,0.021812,0.021812
2020-09-12 18:00:45,0.087326,0.087326
2020-09-12 19:00:15,0.018006,0.018006
2020-09-12 19:00:45,-0.79529,-0.79529
2020-09-12 20:00:15,-0.024228,-0.024228
2020-09-12 20:00:45,0.14698,0.14698
2020-09-12 21:00:15,0.099426,0.099426
2020-09-12 21:00:45,0.010026,0.010026
2020-09-12 22:00:15,-0.025804,-0.025804
2020-09-12 22:00:45,-0.071058,-0.071058
2020-09-12 23:00:15,0.024908,0.024908
2020-09-12 23:00:45,0.050064,0.050064
2020-09-13 00:00:15,0.75708,0.75708
2020-09-13 00:00:45,-0.1049,-0.1049
2020-09-13 01:00:15,-0.13865,-0.13865
2020-09-13 01:00:45,-0.11854,-0.11854
2020-09-13 02:00:15,-0.24944,-0.24944
2020-09-13 02:00:45,0.073336,0.073336
2020-09-13 03:00:15,-0.018344,-0.018344
2020-09-13 03:00:45,-0.4771,-0.4771
2020-09-13 04:00:15,-0.60983,-0.60983
2020-09-13 04:00:45,-0.15024,-0.15024
2020-09-13 05:00:15,0.010374,0.010374
2020-09-13 05:00:45,-0.78212,-0.78212
2020-09-13 06:00:15,,-0.18503658000000006
2020-09-13 06:00:45,,-0.16588494750000002
2020-09-13 07:00:15,,-0.25365872749999996
2020-09-13 07:00:45,,-0.21730965500000005
2020-09-13 08:00:15,,-0.27610583499999997
2020-09-13 08:00:45,,-0.308141655
2020-09-13 09:00:15,,-0.30208755
2020-09-13 09:00:45,,-0.2466145825
2020-09-13 10:00:15,,-0.25763560250000006
2020-09-13 10:00:45,,-0.26290911499999997
2020-09-13 11:00:15,,-0.2616846525
2020-09-13 11:00:45,,-0.16039211750000004
2020-09-13 12:00:15,,-0.25712220500000005
2020-09-13 12:00:45,,-0.26879978000000004
2020-09-13 13:00:15,,-0.23042360000000006
2020-09-13 13:00:45,,-0.22807519500000004
2020-09-13 14:00:15,,-0.2872261375
2020-09-13 14:00:45,,-0.3148315575
2020-09-13 15:00:15,,-0.3030066125
2020-09-13 15:00:45,,-0.39278955500000007
2020-09-13 16:00:15,,-0.43610849000000007
2020-09-13 16:00:45,,-0.4015014700000001
2020-09-13 17:00:15,,-0.41711176250000004
2020-09-13 17:00:45,,-0.39238788750000003
2020-09-13 18:00:15,,-0.4110311425000001
2020-09-13 18:00:45,,-0.39172798749999993
2020-09-13 19:00:15,,-0.4527487425
2020-09-13 19:00:45,,-0.43155235000000003
2020-09-13 20:00:15,,-0.43431746499999996
2020-09-13 20:00:45,,-0.44295607750000004
2020-09-13 21:00:15,,-0.46053321999999997
2020-09-13 21:00:45,,-0.49959379749999994
2020-09-13 22:00:15,,-0.5008304450000001
2020-09-13 22:00:45,,-0.4771923150000002
2020-09-13 23:00:15,,-0.48064884500000005
2020-09-13 23:00:45,,-0.4814314275
2020-09-14 00:00:15,,-0.5047256674999999
2020-09-14 00:00:45,,-0.5328749475
2020-09-14 01:00:15,,-0.34858232749999996
2020-09-14 01:00:45,,-0.5441367249999999
2020-09-14 02:00:15,,-0.6134295599999998
2020-09-14 02:00:45,,-0.436532885
2020-09-14 03:00:15,,-0.3770907125
2020-09-14 03:00:45,,-0.39380940500000006
2020-09-14 04:00:15,,-0.375634755
2020-09-14 04:00:45,,-0.17064007000000003
2020-09-14 05:00:15,,-0.25455620749999996
2020-09-14 05:00:45,,-0.27859958999999995
2020-09-14 06:00:15,,-0.28326338
2020-09-14 06:00:45,,-0.3315816075
2020-09-14 07:00:15,,-0.3162543125
2020-09-14 07:00:45,,-0.38753368750000006
2020-09-14 08:00:15,,-0.5471148649999998
2020-09-14 08:00:45,,-0.57854214
2020-09-14 09:00:15,,-0.5391567675
2020-09-14 09:00:45,,-0.49735671750000016
2020-09-14 10:00:15,,-0.5317428675000001
2020-09-14 10:00:45,,-0.5606425675000001
2020-09-14 11:00:15,,-0.5739007500000001
2020-09-14 11:00:45,,-0.5414789750000001
2020-09-14 12:00:15,,-0.46437339500000013
2020-09-14 12:00:45,,-0.4379315525000001
2020-09-14 13:00:15,,-0.3932834975000001
2020-09-14 13:00:45,,-0.39567523500000007
2020-09-14 14:00:15,,-0.40592407750000015
2020-09-14 14:00:45,,-0.4144719150000001
2020-09-14 15:00:15,,-0.360310355
2020-09-14 15:00:45,,-0.38405885000000006
2020-09-14 16:00:15,,-0.3783210699999999
2020-09-14 16:00:45,,-0.42075479999999993
2020-09-14 17:00:15,,-0.4469889249999999
2020-09-14 17:00:45,,-0.48850655499999995
2020-09-14 18:00:15,,-0.49652130000000005
2020-09-14 18:00:45,,-0.4325188775000001
2020-09-14 19:00:15,,-0.4627578325000001
2020-09-14 19:00:45,,-0.4885054775
2020-09-14 20:00:15,,-0.5055280300000001
2020-09-14 20:00:45,,-0.51328086
2020-09-14 21:00:15,,-0.5041685450000001
2020-09-14 21:00:45,,-0.5142794374999999
2020-09-14 22:00:15,,-0.5376268375
2020-09-14 22:00:45,,-0.51526375
2020-09-14 23:00:15,,-0.3602863175
2020-09-14 23:00:45,,-0.19403032749999996
2020-09-15 00:00:15,,-0.06512266749999998
2020-09-15 00:00:45,-0.012248,-0.012248
2020-09-15 01:00:15,0.092958,0.092958
2020-09-15 01:00:45,0.21108,0.21108
2020-09-15 02:00:15,0.038022,0.038022
2020-09-15 02:00:45,-0.049424,-0.049424
2020-09-15 03:00:15,0.019376,0.019376
2020-09-15 03:00:45,-0.064667,-0.064667
2020-09-15 04:00:15,-0.009393,-0.009393
2020-09-15 04:00:45,-0.016334,-0.016334
2020-09-15 05:00:15,-0.076299,-0.076299
2020-09-15 05:00:45,-0.051586,-0.051586
2020-09-15 06:00:15,-0.020938,-0.020938
2020-09-15 06:00:45,-0.61457,-0.61457
2020-09-15 07:00:15,-1.1926,-1.1926
2020-09-15 07:00:45,-0.90106,-0.90106
2020-09-15 08:00:15,-0.9043,-0.9043
2020-09-15 08:00:45,-0.72835,-0.72835
2020-09-15 09:00:15,-0.46092,-0.46092
2020-09-15 09:00:45,-1.0995,-1.0995
2020-09-15 10:00:15,-0.96764,-0.96764
2020-09-15 10:00:45,-0.33299,-0.33299
2020-09-15 11:00:15,-0.35365,-0.35365
2020-09-15 11:00:45,-0.75262,-0.75262
2020-09-15 12:00:15,-0.36653,-0.36653
2020-09-15 12:00:45,0.66735,0.66735
2020-09-15 13:00:15,0.5287,0.5287
2020-09-15 13:00:45,0.77435,0.77435
2020-09-15 14:00:15,0.96932,0.96932
2020-09-15 14:00:45,0.49124,0.49124
2020-09-15 15:00:15,0.43294,0.43294
2020-09-15 15:00:45,0.27663,0.27663
2020-09-15 16:00:15,0.12697,0.12697
2020-09-15 16:00:45,0.035883,0.035883
2020-09-15 17:00:15,0.007966,0.007966
2020-09-15 17:00:45,-0.039893,-0.039893
2020-09-15 18:00:15,0.004898,0.004898
2020-09-15 18:00:45,-0.000427,-0.000427
2020-09-15 19:00:15,-0.67573,-0.67573
2020-09-15 19:00:45,0.27327,0.27327
2020-09-15 20:00:15,-0.047843,-0.047843
2020-09-15 20:00:45,0.028741,0.028741
2020-09-15 21:00:15,-0.22073,-0.22073
2020-09-15 21:00:45,0.069952,0.069952
2020-09-15 22:00:15,0.076803,0.076803
2020-09-15 22:00:45,0.001576,0.001576
2020-09-15 23:00:15,-0.21197,-0.21197
2020-09-15 23:00:45,-0.090339,-0.090339
2020-09-16 00:00:15,-0.26768,-0.26768
2020-09-16 00:00:45,-0.30061,-0.30061
2020-09-16 01:00:15,-0.28984,-0.28984
2020-09-16 01:00:45,-0.028488,-0.028488
2020-09-16 02:00:15,0.096971,0.096971
2020-09-16 02:00:45,-0.073008,-0.073008
2020-09-16 03:00:15,0.050608,0.050608
2020-09-16 03:00:45,-0.40486,-0.40486
2020-09-16 04:00:15,0.49103,0.49103
2020-09-16 04:00:45,0.007326,0.007326
2020-09-16 05:00:15,-0.14649,-0.14649
2020-09-16 05:00:45,-0.17976,-0.17976
2020-09-16 06:00:15,-0.35994,-0.35994
2020-09-16 06:00:45,-0.76954,-0.76954
2020-09-16 07:00:15,-1.1001,-1.1001
2020-09-16 07:00:45,-0.22548,-0.22548
2020-09-16 08:00:15,-0.019127,-0.019127
2020-09-16 08:00:45,0.1971,0.1971
2020-09-16 09:00:15,,-0.03322684500000002
2020-09-16 09:00:45,-0.11329,-0.11329
2020-09-16 10:00:15,-0.063148,-0.063148
2020-09-16 10:00:45,-0.119,-0.119
2020-09-16 11:00:15,0.42319,0.42319
2020-09-16 11:00:45,0.97507,0.97507
2020-09-16 12:00:15,0.46865,0.46865
2020-09-16 12:00:45,,-0.5555317124999999
2020-09-16 13:00:15,-0.060846,-0.060846
2020-09-16 13:00:45,-0.58152,-0.58152
2020-09-16 14:00:15,0.13209,0.13209
2020-09-16 14:00:45,0.092666,0.092666
2020-09-16 15:00:15,0.17896,0.17896
2020-09-16 15:00:45,-0.27278,-0.27278
2020-09-16 16:00:15,-0.59179,-0.59179
2020-09-16 16:00:45,-0.048818,-0.048818
2020-09-16 17:00:15,-0.24753,-0.24753
2020-09-16 17:00:45,-0.001817,-0.001817
2020-09-16 18:00:15,0.11781,0.11781
2020-09-16 18:00:45,0.23892,0.23892
2020-09-16 19:00:15,0.16849,0.16849
2020-09-16 19:00:45,0.10818,0.10818
2020-09-16 20:00:15,0.27303,0.27303
2020-09-16 20:00:45,0.38966,0.38966
2020-09-16 21:00:15,0.40329,0.40329
2020-09-16 21:00:45,0.54145,0.54145
2020-09-16 22:00:15,0.48206,0.48206
2020-09-16 22:00:45,0.41716,0.41716
2020-09-16 23:00:15,0.33226,0.33226
2020-09-16 23:00:45,0.2103,0.2103
2020-09-17 00:00:15,0.12977,0.12977
2020-09-17 00:00:45,0.16242,0.16242
2020-09-17 01:00:15,0.073953,0.073953
2020-09-17 01:00:45,0.23179,0.23179
2020-09-17 02:00:15,-0.025891,-0.025891
2020-09-17 02:00:45,0.32274,0.32274
2020-09-17 03:00:15,0.066881,0.066881
2020-09-17 03:00:45,0.28184,0.28184
2020-09-17 04:00:15,0.1438,0.1438
2020-09-17 04:00:45,0.012472,0.012472
2020-09-17 05:00:15,0.082854,0.082854
2020-09-17 05:00:45,0.025087,0.025087
2020-09-17 06:00:15,0.002597,0.002597
2020-09-17 06:00:45,-0.40784,-0.40784
2020-09-17 07:00:15,-0.79354,-0.79354
2020-09-17 07:00:45,-0.8833,-0.8833
2020-09-17 08:00:15,-0.56014,-0.56014
2020-09-17 08:00:45,-0.54313,-0.54313
2020-09-17 09:00:15,-0.51188,-0.51188
2020-09-17 09:00:45,-0.65063,-0.65063
2020-09-17 10:00:15,-0.64643,-0.64643
2020-09-17 10:00:45,-0.50991,-0.50991
2020-09-17 11:00:15,-0.87599,-0.87599
2020-09-17 11:00:45,-0.64558,-0.64558
2020-09-17 12:00:15,-0.79436,-0.79436
2020-09-17 12:00:45,-0.008264,-0.008264
2020-09-17 13:00:15,-0.36393,-0.36393
2020-09-17 13:00:45,-0.32013,-0.32013
2020-09-17 14:00:15,0.070547,0.070547
2020-09-17 14:00:45,0.13887,0.13887
2020-09-17 15:00:15,0.1195,0.1195
2020-09-17 15:00:45,0.1909,0.1909
2020-09-17 16:00:15,-0.036025,-0.036025
2020-09-17 16:00:45,-0.034549,-0.034549
2020-09-17 17:00:15,-0.23268,-0.23268
2020-09-17 17:00:45,-0.052776,-0.052776
2020-09-17 18:00:15,,0.0704257125
2020-09-17 18:00:45,-0.030697,-0.030697
2020-09-17 19:00:15,-0.079542,-0.079542
2020-09-17 19:00:45,0.017122,0.017122
2020-09-17 20:00:15,0.053631,0.053631
2020-09-17 20:00:45,0.067952,0.067952
2020-09-17 21:00:15,0.026695,0.026695
2020-09-17 21:00:45,0.079356,0.079356
2020-09-17 22:00:15,0.17028,0.17028
2020-09-17 22:00:45,0.16019,0.16019
2020-09-17 23:00:15,0.1451,0.1451
2020-09-17 23:00:45,0.13377,0.13377
2020-09-18 00:00:15,0.041387,0.041387
2020-09-18 00:00:45,0.1135,0.1135
2020-09-18 01:00:15,-0.08347,-0.08347
2020-09-18 01:00:45,-0.082127,-0.082127
2020-09-18 02:00:15,,0.0025142775000000033
2020-09-18 02:00:45,0.19643,0.19643
2020-09-18 03:00:15,0.28474,0.28474
2020-09-18 03:00:45,-0.092326,-0.092326
2020-09-18 04:00:15,-0.075411,-0.075411
2020-09-18 04:00:45,0.1078,0.1078
2020-09-18 05:00:15,-0.15831,-0.15831
2020-09-18 05:00:45,-0.13798,-0.13798
2020-09-18 06:00:15,-0.21379,-0.21379
2020-09-18 06:00:45,-0.3248,-0.3248
2020-09-18 07:00:15,-0.95446,-0.95446
2020-09-18 07:00:45,-1.1475,-1.1475
2020-09-18 08:00:15,-0.60106,-0.60106
2020-09-18 08:00:45,-0.96076,-0.96076
2020-09-18 09:00:15,0.36357,0.36357
2020-09-18 09:00:45,0.2134,0.2134
2020-09-18 10:00:15,0.40892,0.40892
2020-09-18 10:00:45,,-0.24744677750000005
2020-09-18 11:00:15,,-0.615760345
2020-09-18 11:00:45,,-0.5943826299999999
2020-09-18 12:00:15,-0.46496,-0.46496
2020-09-18 12:00:45,-0.3377,-0.3377
2020-09-18 13:00:15,-0.47757,-0.47757
2020-09-18 13:00:45,-0.44499,-0.44499
2020-09-18 14:00:15,-0.40314,-0.40314
2020-09-18 14:00:45,-0.7029,-0.7029
2020-09-18 15:00:15,-0.66887,-0.66887
2020-09-18 15:00:45,-0.52427,-0.52427
2020-09-18 16:00:15,-0.50426,-0.50426
2020-09-18 16:00:45,-0.36084,-0.36084
2020-09-18 17:00:15,-0.40311,-0.40311
2020-09-18 17:00:45,-0.24726,-0.24726
2020-09-18 18:00:15,-0.064522,-0.064522
2020-09-18 18:00:45,-0.006073,-0.006073
2020-09-18 19:00:15,0.011287,0.011287
2020-09-18 19:00:45,-0.07999,-0.07999
2020-09-18 20:00:15,-0.088461,-0.088461
2020-09-18 20:00:45,-0.007344,-0.007344
2020-09-18 21:00:15,-0.079649,-0.079649
2020-09-18 21:00:45,-0.090924,-0.090924
2020-09-18 22:00:15,-0.11008,-0.11008
2020-09-18 22:00:45,-0.17177,-0.17177
2020-09-18 23:00:15,-0.18067,-0.18067
2020-09-18 23:00:45,-0.14876,-0.14876
2020-09-19 00:00:15,-0.15829,-0.15829
2020-09-19 00:00:45,-0.14704,-0.14704
2020-09-19 01:00:15,-0.14628,-0.14628
2020-09-19 01:00:45,-0.15163,-0.15163
2020-09-19 02:00:15,-0.12549,-0.12549
2020-09-19 02:00:45,-0.052891,-0.052891
2020-09-19 03:00:15,0.034653,0.034653
2020-09-19 03:00:45,0.009801,0.009801
2020-09-19 04:00:15,0.032224,0.032224
2020-09-19 04:00:45,-0.10001,-0.10001
2020-09-19 05:00:15,0.07168,0.07168
2020-09-19 05:00:45,-0.034009,-0.034009
2020-09-19 06:00:15,-0.040538,-0.040538
2020-09-19 06:00:45,-0.46166,-0.46166
2020-09-19 07:00:15,-0.88627,-0.88627
2020-09-19 07:00:45,,-0.36178967749999996
2020-09-19 08:00:15,0.68506,0.68506
2020-09-19 08:00:45,-0.50143,-0.50143
2020-09-19 09:00:15,,-0.3623754
2020-09-19 09:00:45,-0.015208,-0.015208
2020-09-19 10:00:15,-0.56806,-0.56806
2020-09-19 10:00:45,-0.51362,-0.51362
2020-09-19 11:00:15,-0.42614,-0.42614
2020-09-19 11:00:45,-0.63454,-0.63454
2020-09-19 12:00:15,-0.066191,-0.066191
2020-09-19 12:00:45,-0.771,-0.771
2020-09-19 13:00:15,-0.25515,-0.25515
2020-09-19 13:00:45,-0.88269,-0.88269
2020-09-19 14:00:15,-0.76378,-0.76378
2020-09-19 14:00:45,-0.40876,-0.40876
2020-09-19 15:00:15,-0.28528,-0.28528
2020-09-19 15:00:45,-0.31015,-0.31015
2020-09-19 16:00:15,-0.71907,-0.71907
2020-09-19 16:00:45,-0.48406,-0.48406
2020-09-19 17:00:15,-0.36808,-0.36808
2020-09-19 17:00:45,-0.088635,-0.088635
2020-09-19 18:00:15,0.025017,0.025017
2020-09-19 18:00:45,-0.02814,-0.02814
2020-09-19 19:00:15,-0.069322,-0.069322
2020-09-19 19:00:45,0.14771,0.14771
2020-09-19 20:00:15,0.10762,0.10762
2020-09-19 20:00:45,0.037947,0.037947
2020-09-19 21:00:15,0.10585,0.10585
2020-09-19 21:00:45,0.12033,0.12033
2020-09-19 22:00:15,0.10812,0.10812
2020-09-19 22:00:45,0.095519,0.095519
2020-09-19 23:00:15,0.067571,0.067571
2020-09-19 23:00:45,0.069455,0.069455
2020-09-20 00:00:15,0.067575,0.067575
2020-09-20 00:00:45,-0.10518,-0.10518
2020-09-20 01:00:15,0.003444,0.003444
2020-09-20 01:00:45,-0.039593,-0.039593
2020-09-20 02:00:15,0.02829,0.02829
2020-09-20 02:00:45,0.10951,0.10951
2020-09-20 03:00:15,0.015053,0.015053
2020-09-20 03:00:45,0.062772,0.062772
2020-09-20 04:00:15,0.016925,0.016925
2020-09-20 04:00:45,0.002081,0.002081
2020-09-20 05:00:15,-0.022795,-0.022795
2020-09-20 05:00:45,-0.063126,-0.063126
2020-09-20 06:00:15,-0.27432,-0.27432
2020-09-20 06:00:45,-0.55611,-0.55611
2020-09-20 07:00:15,-0.66773,-0.66773
2020-09-20 07:00:45,-0.81853,-0.81853
2020-09-20 08:00:15,-0.5837,-0.5837
2020-09-20 08:00:45,-0.59113,-0.59113
2020-09-20 09:00:15,-0.48895,-0.48895
2020-09-20 09:00:45,-0.42282,-0.42282
2020-09-20 10:00:15,-0.54292,-0.54292
2020-09-20 10:00:45,-0.44017,-0.44017
2020-09-20 11:00:15,-0.42191,-0.42191
2020-09-20 11:00:45,-0.22159,-0.22159
2020-09-20 12:00:15,-0.44839,-0.44839
2020-09-20 12:00:45,-0.83592,-0.83592
2020-09-20 13:00:15,-0.91455,-0.91455
2020-09-20 13:00:45,-0.96727,-0.96727
2020-09-20 14:00:15,-0.96565,-0.96565
2020-09-20 14:00:45,-0.20801,-0.20801
2020-09-20 15:00:15,-0.54663,-0.54663
2020-09-20 15:00:45,-0.68471,-0.68471
2020-09-20 16:00:15,-0.52713,-0.52713
2020-09-20 16:00:45,-0.54822,-0.54822
2020-09-20 17:00:15,-0.36004,-0.36004
2020-09-20 17:00:45,-0.14064,-0.14064
2020-09-20 18:00:15,0.11394,0.11394
2020-09-20 18:00:45,-0.057208,-0.057208
2020-09-20 19:00:15,-0.032307,-0.032307
2020-09-20 19:00:45,-0.03424,-0.03424
2020-09-20 20:00:15,-0.033838,-0.033838
2020-09-20 20:00:45,-0.032583,-0.032583
2020-09-20 21:00:15,0.07034,0.07034
2020-09-20 21:00:45,0.042879,0.042879
2020-09-20 22:00:15,-0.022059,-0.022059
2020-09-20 22:00:45,-0.11339,-0.11339
2020-09-20 23:00:15,0.22691,0.22691
2020-09-20 23:00:45,-0.004411,-0.004411
2020-09-21 00:00:15,0.11531,0.11531
2020-09-21 00:00:45,0.094908,0.094908
2020-09-21 01:00:15,0.078966,0.078966
2020-09-21 01:00:45,0.079449,0.079449
2020-09-21 02:00:15,-0.016744,-0.016744
2020-09-21 02:00:45,-0.003585,-0.003585
2020-09-21 03:00:15,-0.093252,-0.093252
2020-09-21 03:00:45,-0.04649,-0.04649
2020-09-21 04:00:15,-0.14494,-0.14494
2020-09-21 04:00:45,0.26061,0.26061
2020-09-21 05:00:15,-0.037271,-0.037271
2020-09-21 05:00:45,0.011575,0.011575
2020-09-21 06:00:15,-0.055347,-0.055347
2020-09-21 06:00:45,-0.36265,-0.36265
2020-09-21 07:00:15,-0.55905,-0.55905
2020-09-21 07:00:45,-0.7054,-0.7054
2020-09-21 08:00:15,-0.38079,-0.38079
2020-09-21 08:00:45,-0.58155,-0.58155
2020-09-21 09:00:15,-0.44732,-0.44732
2020-09-21 09:00:45,-0.23082,-0.23082
2020-09-21 10:00:15,-0.73309,-0.73309
2020-09-21 10:00:45,-0.46425,-0.46425
2020-09-21 11:00:15,-0.000745,-0.000745
2020-09-21 11:00:45,-0.8366,-0.8366
2020-09-21 12:00:15,-1.0996,-1.0996
2020-09-21 12:00:45,-0.035094,-0.035094
2020-09-21 13:00:15,-0.33075,-0.33075
2020-09-21 13:00:45,-0.44672,-0.44672
2020-09-21 14:00:15,-0.065602,-0.065602
2020-09-21 14:00:45,-0.53104,-0.53104
2020-09-21 15:00:15,-0.84198,-0.84198
2020-09-21 15:00:45,-0.48253,-0.48253
2020-09-21 16:00:15,-0.55143,-0.55143
2020-09-21 16:00:45,-0.4252,-0.4252
2020-09-21 17:00:15,-0.42541,-0.42541
2020-09-21 17:00:45,-0.16798,-0.16798
2020-09-21 18:00:15,0.018698,0.018698
2020-09-21 18:00:45,-0.046315,-0.046315
2020-09-21 19:00:15,-0.13461,-0.13461
2020-09-21 19:00:45,0.18625,0.18625
2020-09-21 20:00:15,0.01885,0.01885
2020-09-21 20:00:45,0.1379,0.1379
2020-09-21 21:00:15,0.086921,0.086921
2020-09-21 21:00:45,0.061961,0.061961
2020-09-21 22:00:15,,0.029764420000000007
2020-09-21 22:00:45,0.10352,0.10352
2020-09-21 23:00:15,0.10971,0.10971
2020-09-21 23:00:45,0.2874,0.2874
2020-09-22 00:00:15,-0.13773,-0.13773
2020-09-22 00:00:45,0.009449,0.009449
2020-09-22 01:00:15,0.008414,0.008414
2020-09-22 01:00:45,-0.046668,-0.046668
2020-09-22 02:00:15,0.066259,0.066259
2020-09-22 02:00:45,-0.004945,-0.004945
2020-09-22 03:00:15,-0.022224,-0.022224
2020-09-22 03:00:45,0.060843,0.060843
2020-09-22 04:00:15,0.019997,0.019997
2020-09-22 04:00:45,-0.11037,-0.11037
2020-09-22 05:00:15,,-0.005221094999999997
2020-09-22 05:00:45,-0.060179,-0.060179
2020-09-22 06:00:15,0.083136,0.083136
2020-09-22 06:00:45,-0.2936,-0.2936
2020-09-22 07:00:15,-0.50465,-0.50465
2020-09-22 07:00:45,-0.52282,-0.52282
2020-09-22 08:00:15,-0.29974,-0.29974
2020-09-22 08:00:45,-0.18407,-0.18407
2020-09-22 09:00:15,-0.37869,-0.37869
2020-09-22 09:00:45,0.22814,0.22814
2020-09-22 10:00:15,-0.81313,-0.81313
2020-09-22 10:00:45,-0.052387,-0.052387
2020-09-22 11:00:15,-1.2241,-1.2241
2020-09-22 11:00:45,-0.47361,-0.47361
2020-09-22 12:00:15,-0.13307,-0.13307
2020-09-22 12:00:45,,0.9619811625000002
2020-09-22 13:00:15,0.54309,0.54309
2020-09-22 13:00:45,0.65312,0.65312
2020-09-22 14:00:15,0.36597,0.36597
2020-09-22 14:00:45,0.65529,0.65529
2020-09-22 15:00:15,-0.20925,-0.20925
2020-09-22 15:00:45,-0.060246,-0.060246
2020-09-22 16:00:15,-0.24445,-0.24445
2020-09-22 16:00:45,-0.28202,-0.28202
2020-09-22 17:00:15,-0.1496,-0.1496
2020-09-22 17:00:45,-0.064915,-0.064915
2020-09-22 18:00:15,-0.039333,-0.039333
2020-09-22 18:00:45,-0.058486,-0.058486
2020-09-22 19:00:15,-0.098903,-0.098903
2020-09-22 19:00:45,-0.052414,-0.052414
2020-09-22 20:00:15,0.025115,0.025115
2020-09-22 20:00:45,-0.015576,-0.015576
2020-09-22 21:00:15,-0.090563,-0.090563
2020-09-22 21:00:45,0.055268,0.055268
2020-09-22 22:00:15,0.019058,0.019058
2020-09-22 22:00:45,-0.004049,-0.004049
2020-09-22 23:00:15,0.16685,0.16685
2020-09-22 23:00:45,0.027187,0.027187
2020-09-23 00:00:15,-0.13908,-0.13908
2020-09-23 00:00:45,0.18877,0.18877
2020-09-23 01:00:15,-0.016824,-0.016824
2020-09-23 01:00:45,-0.11911,-0.11911
2020-09-23 02:00:15,-0.00874,-0.00874
2020-09-23 02:00:45,0.085515,0.085515
2020-09-23 03:00:15,,-0.009953484999999996
2020-09-23 03:00:45,0.13413,0.13413
2020-09-23 04:00:15,-0.01795,-0.01795
2020-09-23 04:00:45,-0.16149,-0.16149
2020-09-23 05:00:15,-0.063958,-0.063958
2020-09-23 05:00:45,0.030805,0.030805
2020-09-23 06:00:15,-0.10878,-0.10878
2020-09-23 06:00:45,-0.13697,-0.13697
2020-09-23 07:00:15,0.011994,0.011994
2020-09-23 07:00:45,-0.4844,-0.4844
2020-09-23 08:00:15,-0.27562,-0.27562
2020-09-23 08:00:45,0.017723,0.017723
2020-09-23 09:00:15,0.43681,0.43681
2020-09-23 09:00:45,0.28168,0.28168
2020-09-23 10:00:15,0.82862,0.82862
2020-09-23 10:00:45,1.0092,1.0092
2020-09-23 11:00:15,1.4824,1.4824
2020-09-23 11:00:45,0.43337,0.43337
2020-09-23 12:00:15,1.1724,1.1724
2020-09-23 12:00:45,1.4043,1.4043
2020-09-23 13:00:15,,1.0536729900000001
2020-09-23 13:00:45,1.0731,1.0731
2020-09-23 14:00:15,0.78086,0.78086
2020-09-23 14:00:45,0.61037,0.61037
2020-09-23 15:00:15,0.19276,0.19276
2020-09-23 15:00:45,0.60568,0.60568
2020-09-23 16:00:15,0.17472,0.17472
2020-09-23 16:00:45,-0.089257,-0.089257
2020-09-23 17:00:15,-0.12942,-0.12942
2020-09-23 17:00:45,-0.15435,-0.15435
2020-09-23 18:00:15,-0.016555,-0.016555
2020-09-23 18:00:45,0.02062,0.02062
2020-09-23 19:00:15,-0.15271,-0.15271
2020-09-23 19:00:45,-0.17262,-0.17262
2020-09-23 20:00:15,0.044986,0.044986
2020-09-23 20:00:45,,-0.010537419999999992
2020-09-23 21:00:15,-0.03223,-0.03223
2020-09-23 21:00:45,,0.018449905000000003
2020-09-23 22:00:15,,-0.023037965000000004
2020-09-23 22:00:45,-0.026902,-0.026902
2020-09-23 23:00:15,-0.024984,-0.024984
2020-09-23 23:00:45,-0.009169,-0.009169
2020-09-24 00:00:15,-0.079767,-0.079767
2020-09-24 00:00:45,,-0.04783740250000001
2020-09-24 01:00:15,-0.08469,-0.08469
2020-09-24 01:00:45,,-0.0097717425
2020-09-24 02:00:15,0.19008,0.19008
2020-09-24 02:00:45,0.0001,0.0001
2020-09-24 03:00:15,0.078686,0.078686
2020-09-24 03:00:45,-0.001842,-0.001842
2020-09-24 04:00:15,0.061804,0.061804
2020-09-24 04:00:45,-0.063417,-0.063417
2020-09-24 05:00:15,0.026849,0.026849
2020-09-24 05:00:45,0.023068,0.023068
2020-09-24 06:00:15,0.11368,0.11368
2020-09-24 06:00:45,-0.26437,-0.26437
2020-09-24 07:00:15,-1.0414,-1.0414
2020-09-24 07:00:45,0.048722,0.048722
2020-09-24 08:00:15,0.19433,0.19433
2020-09-24 08:00:45,0.36004,0.36004
2020-09-24 09:00:15,0.30106,0.30106
2020-09-24 09:00:45,0.79908,0.79908
2020-09-24 10:00:15,,0.2833669125
2020-09-24 10:00:45,0.53151,0.53151
2020-09-24 11:00:15,-0.27793,-0.27793
2020-09-24 11:00:45,0.54594,0.54594
2020-09-24 12:00:15,-0.42095,-0.42095
2020-09-24 12:00:45,0.89133,0.89133
2020-09-24 13:00:15,0.35781,0.35781
2020-09-24 13:00:45,0.22922,0.22922
2020-09-24 14:00:15,0.35878,0.35878
2020-09-24 14:00:45,-0.22142,-0.22142
2020-09-24 15:00:15,-0.17879,-0.17879
2020-09-24 15:00:45,0.13721,0.13721
2020-09-24 16:00:15,-0.34462,-0.34462
2020-09-24 16:00:45,-0.48278,-0.48278
2020-09-24 17:00:15,-0.23214,-0.23214
2020-09-24 17:00:45,-0.25705,-0.25705
2020-09-24 18:00:15,-0.101,-0.101
2020-09-24 18:00:45,-0.12681,-0.12681
2020-09-24 19:00:15,-0.13856,-0.13856
2020-09-24 19:00:45,-0.10661,-0.10661
2020-09-24 20:00:15,,-0.070663895
2020-09-24 20:00:45,-0.070361,-0.070361
2020-09-24 21:00:15,-0.007913,-0.007913
2020-09-24 21:00:45,-0.019122,-0.019122
2020-09-24 22:00:15,-0.049373,-0.049373
2020-09-24 22:00:45,-0.020066,-0.020066
2020-09-24 23:00:15,0.017629,0.017629
2020-09-24 23:00:45,,0.140265425
2020-09-25 00:00:15,0.018829,0.018829
2020-09-25 00:00:45,-0.030619,-0.030619
2020-09-25 01:00:15,-0.010897,-0.010897
2020-09-25 01:00:45,,-0.09887871250000002
2020-09-25 02:00:15,-0.14391,-0.14391
2020-09-25 02:00:45,-0.11139,-0.11139
2020-09-25 03:00:15,-0.16491,-0.16491
2020-09-25 03:00:45,,0.17430108500000002
2020-09-25 04:00:15,,-0.0400459625
2020-09-25 04:00:45,0.045632,0.045632
2020-09-25 05:00:15,,-0.05946983000000001
2020-09-25 05:00:45,-0.12324,-0.12324
2020-09-25 06:00:15,-0.25108,-0.25108
2020-09-25 06:00:45,-0.27379,-0.27379
2020-09-25 07:00:15,-0.56064,-0.56064
2020-09-25 07:00:45,-0.48569,-0.48569
2020-09-25 08:00:15,-0.25618,-0.25618
2020-09-25 08:00:45,0.09143,0.09143
2020-09-25 09:00:15,0.38847,0.38847
2020-09-25 09:00:45,-0.49828,-0.49828
2020-09-25 10:00:15,0.63281,0.63281
2020-09-25 10:00:45,,0.1621762575
2020-09-25 11:00:15,-0.18426,-0.18426
2020-09-25 11:00:45,-0.50734,-0.50734
2020-09-25 12:00:15,-0.57811,-0.57811
2020-09-25 12:00:45,-0.37313,-0.37313
2020-09-25 13:00:15,-0.87249,-0.87249
2020-09-25 13:00:45,-0.51224,-0.51224
2020-09-25 14:00:15,-0.7987,-0.7987
2020-09-25 14:00:45,-0.67891,-0.67891
2020-09-25 15:00:15,-0.65794,-0.65794
2020-09-25 15:00:45,-0.085123,-0.085123
2020-09-25 16:00:15,-0.16721,-0.16721
2020-09-25 16:00:45,-0.3397,-0.3397
2020-09-25 17:00:15,-0.13595,-0.13595
2020-09-25 17:00:45,-0.015654,-0.015654
2020-09-25 18:00:15,0.11422,0.11422
2020-09-25 18:00:45,-0.10212,-0.10212
2020-09-25 19:00:15,-0.039692,-0.039692
2020-09-25 19:00:45,0.089863,0.089863
2020-09-25 20:00:15,0.059971,0.059971
2020-09-25 20:00:45,-0.067995,-0.067995
2020-09-25 21:00:15,-0.042042,-0.042042
2020-09-25 21:00:45,0.16339,0.16339
2020-09-25 22:00:15,0.13483,0.13483
2020-09-25 22:00:45,0.005349,0.005349
2020-09-25 23:00:15,0.037677,0.037677
2020-09-25 23:00:45,-0.054644,-0.054644
2020-09-26 00:00:15,0.21156,0.21156
2020-09-26 00:00:45,,-0.0218734425
2020-09-26 01:00:15,-0.016799,-0.016799
2020-09-26 01:00:45,-0.18046,-0.18046
2020-09-26 02:00:15,-0.15551,-0.15551
2020-09-26 02:00:45,-0.199,-0.199
2020-09-26 03:00:15,-0.048547,-0.048547
2020-09-26 03:00:45,-0.047378,-0.047378
2020-09-26 04:00:15,-0.085141,-0.085141
2020-09-26 04:00:45,-0.16964,-0.16964
2020-09-26 05:00:15,-0.094871,-0.094871
2020-09-26 05:00:45,-0.12087,-0.12087
2020-09-26 06:00:15,-0.63795,-0.63795
2020-09-26 06:00:45,-0.41141,-0.41141
2020-09-26 07:00:15,-0.66628,-0.66628
2020-09-26 07:00:45,-0.60691,-0.60691
2020-09-26 08:00:15,-0.42934,-0.42934
2020-09-26 08:00:45,-0.25066,-0.25066
2020-09-26 09:00:15,0.25493,0.25493
2020-09-26 09:00:45,0.14324,0.14324
2020-09-26 10:00:15,0.5194,0.5194
2020-09-26 10:00:45,0.29376,0.29376
2020-09-26 11:00:15,0.31616,0.31616
2020-09-26 11:00:45,0.52414,0.52414
2020-09-26 12:00:15,-0.26295,-0.26295
2020-09-26 12:00:45,-0.018153,-0.018153
2020-09-26 13:00:15,-0.11531,-0.11531
2020-09-26 13:00:45,-0.2111,-0.2111
2020-09-26 14:00:15,0.089063,0.089063
2020-09-26 14:00:45,0.4249,0.4249
2020-09-26 15:00:15,0.001089,0.001089
2020-09-26 15:00:45,-0.087282,-0.087282
2020-09-26 16:00:15,-0.013552,-0.013552
2020-09-26 16:00:45,0.27583,0.27583
2020-09-26 17:00:15,0.084314,0.084314
2020-09-26 17:00:45,-0.059942,-0.059942
2020-09-26 18:00:15,0.00195,0.00195
2020-09-26 18:00:45,0.08747,0.08747
2020-09-26 19:00:15,-0.03512,-0.03512
2020-09-26 19:00:45,0.020672,0.020672
2020-09-26 20:00:15,0.018237,0.018237
2020-09-26 20:00:45,0.057578,0.057578
2020-09-26 21:00:15,0.025296,0.025296
2020-09-26 21:00:45,-0.014267,-0.014267
2020-09-26 22:00:15,-0.035626,-0.035626
2020-09-26 22:00:45,,-0.03208826249999999
2020-09-26 23:00:15,-0.057641,-0.057641
2020-09-26 23:00:45,0.19753,0.19753
2020-09-27 00:00:15,-0.02087,-0.02087
2020-09-27 00:00:45,-0.000506,-0.000506
2020-09-27 01:00:15,-0.12287,-0.12287
2020-09-27 01:00:45,0.33498,0.33498
2020-09-27 02:00:15,0.073907,0.073907
2020-09-27 02:00:45,-0.033793,-0.033793
2020-09-27 03:00:15,-0.077577,-0.077577
2020-09-27 03:00:45,-0.12371,-0.12371
2020-09-27 04:00:15,0.072238,0.072238
2020-09-27 04:00:45,0.12536,0.12536
2020-09-27 05:00:15,0.24728,0.24728
2020-09-27 05:00:45,,-0.0390286325
2020-09-27 06:00:15,-0.76884,-0.76884
2020-09-27 06:00:45,-0.3569,-0.3569
2020-09-27 07:00:15,-0.49042,-0.49042
2020-09-27 07:00:45,-0.12337,-0.12337
2020-09-27 08:00:15,-0.39469,-0.39469
2020-09-27 08:00:45,-0.32417,-0.32417
2020-09-27 09:00:15,-0.29401,-0.29401
2020-09-27 09:00:45,0.13109,0.13109
2020-09-27 10:00:15,0.28059,0.28059
2020-09-27 10:00:45,0.001913,0.001913
2020-09-27 11:00:15,-0.47661,-0.47661
2020-09-27 11:00:45,-0.1238,-0.1238
2020-09-27 12:00:15,-0.59413,-0.59413
2020-09-27 12:00:45,-0.6402,-0.6402
2020-09-27 13:00:15,-0.54223,-0.54223
2020-09-27 13:00:45,-0.003385,-0.003385
2020-09-27 14:00:15,-0.54384,-0.54384
2020-09-27 14:00:45,-0.17911,-0.17911
2020-09-27 15:00:15,0.16856,0.16856
2020-09-27 15:00:45,-0.041596,-0.041596
2020-09-27 16:00:15,0.21315,0.21315
2020-09-27 16:00:45,-0.035096,-0.035096
2020-09-27 17:00:15,0.031739,0.031739
2020-09-27 17:00:45,-0.13233,-0.13233
2020-09-27 18:00:15,-0.11604,-0.11604
2020-09-27 18:00:45,-0.13125,-0.13125
2020-09-27 19:00:15,0.10921,0.10921
2020-09-27 19:00:45,0.026543,0.026543
2020-09-27 20:00:15,0.040491,0.040491
2020-09-27 20:00:45,0.33415,0.33415
2020-09-27 21:00:15,1.2907,1.2907
2020-09-27 21:00:45,0.55039,0.55039
2020-09-27 22:00:15,1.5833,1.5833
2020-09-27 22:00:45,1.6384,1.6384
2020-09-27 23:00:15,1.6606,1.6606
2020-09-27 23:00:45,1.8311,1.8311
2020-09-28 00:00:15,1.3523,1.3523
2020-09-28 00:00:45,1.1438,1.1438
2020-09-28 01:00:15,1.3907,1.3907
2020-09-28 01:00:45,1.2929,1.2929
2020-09-28 02:00:15,1.2299,1.2299
2020-09-28 02:00:45,0.57234,0.57234
2020-09-28 03:00:15,0.65358,0.65358
2020-09-28 03:00:45,0.35785,0.35785
2020-09-28 04:00:15,0.38247,0.38247
2020-09-28 04:00:45,0.49768,0.49768
2020-09-28 05:00:15,0.59731,0.59731
2020-09-28 05:00:45,0.67719,0.67719
2020-09-28 06:00:15,0.41159,0.41159
2020-09-28 06:00:45,0.24093,0.24093
2020-09-28 07:00:15,-0.18802,-0.18802
2020-09-28 07:00:45,-0.31924,-0.31924
2020-09-28 08:00:15,-0.41057,-0.41057
2020-09-28 08:00:45,-0.42456,-0.42456
2020-09-28 09:00:15,-1.0134,-1.0134
2020-09-28 09:00:45,-1.4321,-1.4321
2020-09-28 10:00:15,-1.2323,-1.2323
2020-09-28 10:00:45,-1.2265,-1.2265
2020-09-28 11:00:15,-1.6306,-1.6306
2020-09-28 11:00:45,-1.4945,-1.4945
2020-09-28 12:00:15,-1.497,-1.497
2020-09-28 12:00:45,-1.2386,-1.2386
2020-09-28 13:00:15,-1.1304,-1.1304
2020-09-28 13:00:45,-1.8399,-1.8399
2020-09-28 14:00:15,-1.8685,-1.8685
2020-09-28 14:00:45,-1.1567,-1.1567
2020-09-28 15:00:15,-0.46827,-0.46827
2020-09-28 15:00:45,-0.96015,-0.96015
2020-09-28 16:00:15,-1.466,-1.466
2020-09-28 16:00:45,-1.1471,-1.1471
2020-09-28 17:00:15,-1.0005,-1.0005
2020-09-28 17:00:45,-0.35816,-0.35816
2020-09-28 18:00:15,,1.4119999999998543e-05
2020-09-28 18:00:45,-0.15945,-0.15945
2020-09-28 19:00:15,-0.16686,-0.16686
2020-09-28 19:00:45,-0.16077,-0.16077
2020-09-28 20:00:15,-0.14741,-0.14741
2020-09-28 20:00:45,-0.018032,-0.018032
2020-09-28 21:00:15,0.10671,0.10671
2020-09-28 21:00:45,0.11401,0.11401
2020-09-28 22:00:15,0.086581,0.086581
2020-09-28 22:00:45,0.14869,0.14869
2020-09-28 23:00:15,0.033165,0.033165
2020-09-28 23:00:45,0.054769,0.054769
2020-09-29 00:00:15,0.036848,0.036848
2020-09-29 00:00:45,0.096921,0.096921
2020-09-29 01:00:15,0.078453,0.078453
2020-09-29 01:00:45,0.076179,0.076179
2020-09-29 02:00:15,-0.080263,-0.080263
2020-09-29 02:00:45,-0.15536,-0.15536
2020-09-29 03:00:15,-0.11999,-0.11999
2020-09-29 03:00:45,-0.049939,-0.049939
2020-09-29 04:00:15,-0.046178,-0.046178
2020-09-29 04:00:45,-0.09508,-0.09508
2020-09-29 05:00:15,-0.148,-0.148
2020-09-29 05:00:45,0.22724,0.22724
2020-09-29 06:00:15,-0.10505,-0.10505
2020-09-29 06:00:45,-0.42181,-0.42181
2020-09-29 07:00:15,-0.58751,-0.58751
2020-09-29 07:00:45,-0.35012,-0.35012
2020-09-29 08:00:15,-0.15515,-0.15515
2020-09-29 08:00:45,0.10956,0.10956
2020-09-29 09:00:15,-0.74001,-0.74001
2020-09-29 09:00:45,-1.1559,-1.1559
2020-09-29 10:00:15,-1.4921,-1.4921
2020-09-29 10:00:45,-1.0701,-1.0701
2020-09-29 11:00:15,-0.90825,-0.90825
2020-09-29 11:00:45,-0.90927,-0.90927
2020-09-29 12:00:15,-1.2249,-1.2249
2020-09-29 12:00:45,-1.0381,-1.0381
2020-09-29 13:00:15,-1.0481,-1.0481
2020-09-29 13:00:45,-0.9154,-0.9154
2020-09-29 14:00:15,0.013737,0.013737
2020-09-29 14:00:45,-0.79051,-0.79051
2020-09-29 15:00:15,-0.55728,-0.55728
2020-09-29 15:00:45,-0.06045,-0.06045
2020-09-29 16:00:15,-0.47603,-0.47603
2020-09-29 16:00:45,-0.58359,-0.58359
2020-09-29 17:00:15,-0.55791,-0.55791
2020-09-29 17:00:45,-0.16745,-0.16745
2020-09-29 18:00:15,0.050383,0.050383
2020-09-29 18:00:45,-0.059666,-0.059666
2020-09-29 19:00:15,-0.14384,-0.14384
2020-09-29 19:00:45,-0.10422,-0.10422
2020-09-29 20:00:15,0.034521,0.034521
2020-09-29 20:00:45,-0.14103,-0.14103
2020-09-29 21:00:15,-0.043497,-0.043497
2020-09-29 21:00:45,0.046088,0.046088
2020-09-29 22:00:15,0.028217,0.028217
2020-09-29 22:00:45,-0.062915,-0.062915
2020-09-29 23:00:15,-0.039475,-0.039475
2020-09-29 23:00:45,-0.045692,-0.045692
2020-09-30 00:00:15,-0.039017,-0.039017
2020-09-30 00:00:45,-0.13515,-0.13515
2020-09-30 01:00:15,-0.11543,-0.11543
2020-09-30 01:00:45,-0.095663,-0.095663
2020-09-30 02:00:15,,-0.04885979
2020-09-30 02:00:45,-0.023734,-0.023734
2020-09-30 03:00:15,,0.007360987500000003
2020-09-30 03:00:45,0.10931,0.10931
2020-09-30 04:00:15,-0.036427,-0.036427
2020-09-30 04:00:45,0.027374,0.027374
2020-09-30 05:00:15,0.028128,0.028128
2020-09-30 05:00:45,0.12591,0.12591
2020-09-30 06:00:15,-0.48824,-0.48824
2020-09-30 06:00:45,-0.24992,-0.24992
2020-09-30 07:00:15,-1.5598,-1.5598
2020-09-30 07:00:45,0.010108,0.010108
2020-09-30 08:00:15,0.86824,0.86824
2020-09-30 08:00:45,-0.49508,-0.49508
2020-09-30 09:00:15,-0.42488,-0.42488
2020-09-30 09:00:45,0.53224,0.53224
2020-09-30 10:00:15,-0.29786,-0.29786
2020-09-30 10:00:45,0.69417,0.69417
2020-09-30 11:00:15,1.1454,1.1454
2020-09-30 11:00:45,-0.52171,-0.52171
2020-09-30 12:00:15,-0.7989,-0.7989
2020-09-30 12:00:45,-0.15592,-0.15592
2020-09-30 13:00:15,-0.65199,-0.65199
2020-09-30 13:00:45,-0.40836,-0.40836
2020-09-30 14:00:15,-0.13787,-0.13787
2020-09-30 14:00:45,-0.40053,-0.40053
2020-09-30 15:00:15,-0.38472,-0.38472
2020-09-30 15:00:45,-0.35999,-0.35999
2020-09-30 16:00:15,-0.46068,-0.46068
2020-09-30 16:00:45,-0.37057,-0.37057
2020-09-30 17:00:15,-0.38897,-0.38897
2020-09-30 17:00:45,-0.00419,-0.00419
2020-09-30 18:00:15,,0.046403089999999994
2020-09-30 18:00:45,,-0.04690953749999999
2020-09-30 19:00:15,-0.1118,-0.1118
2020-09-30 19:00:45,-0.12833,-0.12833
2020-09-30 20:00:15,-0.1308,-0.1308
2020-09-30 20:00:45,-0.041056,-0.041056
2020-09-30 21:00:15,-0.16767,-0.16767
2020-09-30 21:00:45,,-0.030927767500000015
2020-09-30 22:00:15,,-0.029861199999999997
2020-09-30 22:00:45,,0.0296513525
2020-09-30 23:00:15,0.076119,0.076119
2020-09-30 23:00:45,-0.090482,-0.090482
2020-10-01 00:00:15,-0.12985,-0.12985
2020-10-01 00:00:45,-0.18171,-0.18171
2020-10-01 01:00:15,,-0.024437787499999995
2020-10-01 01:00:45,-0.11966,-0.11966
2020-10-01 02:00:15,-0.061681,-0.061681
2020-10-01 02:00:45,-0.089621,-0.089621
2020-10-01 03:00:15,-0.020005,-0.020005
2020-10-01 03:00:45,-0.04592,-0.04592
2020-10-01 04:00:15,-0.058175,-0.058175
2020-10-01 04:00:45,-0.10899,-0.10899
2020-10-01 05:00:15,-0.060081,-0.060081
2020-10-01 05:00:45,-0.063927,-0.063927
2020-10-01 06:00:15,-0.035593,-0.035593
2020-10-01 06:00:45,-0.15127,-0.15127
2020-10-01 07:00:15,-0.36579,-0.36579
2020-10-01 07:00:45,-0.27864,-0.27864
2020-10-01 08:00:15,-0.06878,-0.06878
2020-10-01 08:00:45,-0.45852,-0.45852
2020-10-01 09:00:15,-0.17739,-0.17739
2020-10-01 09:00:45,-0.31395,-0.31395
2020-10-01 10:00:15,-1.2002,-1.2002
2020-10-01 10:00:45,-0.98435,-0.98435
2020-10-01 11:00:15,-1.1203,-1.1203
2020-10-01 11:00:45,-0.76257,-0.76257
2020-10-01 12:00:15,-0.5212,-0.5212
2020-10-01 12:00:45,-1.2076,-1.2076
2020-10-01 13:00:15,-0.92802,-0.92802
2020-10-01 13:00:45,-0.87122,-0.87122
2020-10-01 14:00:15,-0.9527,-0.9527
2020-10-01 14:00:45,-0.85605,-0.85605
2020-10-01 15:00:15,-0.96712,-0.96712
2020-10-01 15:00:45,-0.96058,-0.96058
2020-10-01 16:00:15,-0.94094,-0.94094
2020-10-01 16:00:45,-0.38571,-0.38571
2020-10-01 17:00:15,-0.26955,-0.26955
2020-10-01 17:00:45,0.050156,0.050156
2020-10-01 18:00:15,0.37646,0.37646
2020-10-01 18:00:45,0.29903,0.29903
2020-10-01 19:00:15,0.16316,0.16316
2020-10-01 19:00:45,0.24809,0.24809
2020-10-01 20:00:15,0.47905,0.47905
2020-10-01 20:00:45,0.4341,0.4341
2020-10-01 21:00:15,0.29461,0.29461
2020-10-01 21:00:45,0.23978,0.23978
2020-10-01 22:00:15,0.21565,0.21565
2020-10-01 22:00:45,0.13585,0.13585
2020-10-01 23:00:15,0.038773,0.038773
2020-10-01 23:00:45,-0.019801,-0.019801
2020-10-02 00:00:15,0.087769,0.087769
2020-10-02 00:00:45,0.40127,0.40127
2020-10-02 01:00:15,0.12782,0.12782
2020-10-02 01:00:45,0.064761,0.064761
2020-10-02 02:00:15,-0.11472,-0.11472
2020-10-02 02:00:45,-0.015552,-0.015552
2020-10-02 03:00:15,0.001403,0.001403
2020-10-02 03:00:45,0.032185,0.032185
2020-10-02 04:00:15,-0.059293,-0.059293
2020-10-02 04:00:45,,-0.0441625075
2020-10-02 05:00:15,,-0.0738916425
2020-10-02 05:00:45,0.17361,0.17361
2020-10-02 06:00:15,-0.025987,-0.025987
2020-10-02 06:00:45,-0.18277,-0.18277
2020-10-02 07:00:15,-0.41551,-0.41551
2020-10-02 07:00:45,-0.016423,-0.016423
2020-10-02 08:00:15,-0.28035,-0.28035
2020-10-02 08:00:45,-1.0608,-1.0608
2020-10-02 09:00:15,-1.0714,-1.0714
2020-10-02 09:00:45,-0.41344,-0.41344
2020-10-02 10:00:15,-0.48158,-0.48158
2020-10-02 10:00:45,-0.95433,-0.95433
2020-10-02 11:00:15,-1.614,-1.614
2020-10-02 11:00:45,-0.30751,-0.30751
2020-10-02 12:00:15,-1.1356,-1.1356
2020-10-02 12:00:45,-1.0687,-1.0687
2020-10-02 13:00:15,-0.89411,-0.89411
2020-10-02 13:00:45,-0.28609,-0.28609
2020-10-02 14:00:15,-0.86233,-0.86233
2020-10-02 14:00:45,-0.51665,-0.51665
2020-10-02 15:00:15,0.10862,0.10862
2020-10-02 15:00:45,-0.41645,-0.41645
2020-10-02 16:00:15,-0.32358,-0.32358
2020-10-02 16:00:45,-0.45441,-0.45441
2020-10-02 17:00:15,-0.45309,-0.45309
2020-10-02 17:00:45,-0.085016,-0.085016
2020-10-02 18:00:15,-0.078401,-0.078401
2020-10-02 18:00:45,0.006956,0.006956
2020-10-02 19:00:15,0.056817,0.056817
2020-10-02 19:00:45,,-0.04783538999999999
2020-10-02 20:00:15,-0.057886,-0.057886
2020-10-02 20:00:45,-0.11658,-0.11658
2020-10-02 21:00:15,0.031759,0.031759
2020-10-02 21:00:45,-0.16773,-0.16773
2020-10-02 22:00:15,-0.14684,-0.14684
2020-10-02 22:00:45,-0.11494,-0.11494
2020-10-02 23:00:15,-0.19079,-0.19079
2020-10-02 23:00:45,0.29186,0.29186
2020-10-03 00:00:15,-0.026479,-0.026479
2020-10-03 00:00:45,0.005743,0.005743
2020-10-03 01:00:15,-0.059766,-0.059766
2020-10-03 01:00:45,,0.20059131000000005
2020-10-03 02:00:15,0.002933,0.002933
2020-10-03 02:00:45,0.54328,0.54328
2020-10-03 03:00:15,0.96146,0.96146
2020-10-03 03:00:45,0.24928,0.24928
2020-10-03 04:00:15,-0.086534,-0.086534
2020-10-03 04:00:45,0.11589,0.11589
2020-10-03 05:00:15,,0.0283387275
2020-10-03 05:00:45,-0.17439,-0.17439
2020-10-03 06:00:15,0.44789,0.44789
2020-10-03 06:00:45,-0.080104,-0.080104
2020-10-03 07:00:15,-1.4526,-1.4526
2020-10-03 07:00:45,0.24715,0.24715
2020-10-03 08:00:15,-0.79485,-0.79485
2020-10-03 08:00:45,-0.59591,-0.59591
2020-10-03 09:00:15,-0.72987,-0.72987
2020-10-03 09:00:45,-1.2947,-1.2947
2020-10-03 10:00:15,0.55032,0.55032
2020-10-03 10:00:45,-0.49428,-0.49428
2020-10-03 11:00:15,-0.81814,-0.81814
2020-10-03 11:00:45,-1.2186,-1.2186
2020-10-03 12:00:15,-1.5003,-1.5003
2020-10-03 12:00:45,-1.1369,-1.1369
2020-10-03 13:00:15,-0.25221,-0.25221
2020-10-03 13:00:45,-0.53924,-0.53924
2020-10-03 14:00:15,-0.73857,-0.73857
2020-10-03 14:00:45,0.047088,0.047088
2020-10-03 15:00:15,-0.53126,-0.53126
2020-10-03 15:00:45,-0.39081,-0.39081
2020-10-03 16:00:15,-0.39286,-0.39286
2020-10-03 16:00:45,-0.18596,-0.18596
2020-10-03 17:00:15,-0.24361,-0.24361
2020-10-03 17:00:45,0.14383,0.14383
2020-10-03 18:00:15,0.36754,0.36754
2020-10-03 18:00:45,0.23039,0.23039
2020-10-03 19:00:15,0.29872,0.29872
2020-10-03 19:00:45,0.20366,0.20366
2020-10-03 20:00:15,0.33746,0.33746
2020-10-03 20:00:45,0.32201,0.32201
2020-10-03 21:00:15,0.51833,0.51833
2020-10-03 21:00:45,0.34975,0.34975
2020-10-03 22:00:15,0.33733,0.33733
2020-10-03 22:00:45,0.27602,0.27602
2020-10-03 23:00:15,0.16281,0.16281
2020-10-03 23:00:45,0.29792,0.29792
2020-10-04 00:00:15,0.37581,0.37581
2020-10-04 00:00:45,-0.047098,-0.047098
2020-10-04 01:00:15,-0.037932,-0.037932
2020-10-04 01:00:45,-0.19134,-0.19134
2020-10-04 02:00:15,-0.002967,-0.002967
2020-10-04 02:00:45,-0.055405,-0.055405
2020-10-04 03:00:15,0.16394,0.16394
2020-10-04 03:00:45,-0.091114,-0.091114
2020-10-04 04:00:15,-0.069037,-0.069037
2020-10-04 04:00:45,-0.13861,-0.13861
2020-10-04 05:00:15,-0.037495,-0.037495
2020-10-04 05:00:45,0.01576,0.01576
2020-10-04 06:00:15,0.078937,0.078937
2020-10-04 06:00:45,-0.28514,-0.28514
2020-10-04 07:00:15,-0.1448,-0.1448
2020-10-04 07:00:45,-0.075348,-0.075348
2020-10-04 08:00:15,0.23693,0.23693
2020-10-04 08:00:45,-0.3383,-0.3383
2020-10-04 09:00:15,0.45623,0.45623
2020-10-04 09:00:45,-0.50264,-0.50264
2020-10-04 10:00:15,-0.10505,-0.10505
2020-10-04 10:00:45,-0.35876,-0.35876
2020-10-04 11:00:15,0.11645,0.11645
2020-10-04 11:00:45,-0.44213,-0.44213
2020-10-04 12:00:15,-1.3401,-1.3401
2020-10-04 12:00:45,-0.76801,-0.76801
2020-10-04 13:00:15,-1.1133,-1.1133
2020-10-04 13:00:45,-1.1347,-1.1347
2020-10-04 14:00:15,-1.4817,-1.4817
2020-10-04 14:00:45,-1.4668,-1.4668
2020-10-04 15:00:15,-1.3078,-1.3078
2020-10-04 15:00:45,-1.0816,-1.0816
2020-10-04 16:00:15,-0.85668,-0.85668
2020-10-04 16:00:45,-0.62535,-0.62535
2020-10-04 17:00:15,-0.28399,-0.28399
2020-10-04 17:00:45,-0.053409,-0.053409
2020-10-04 18:00:15,-0.11025,-0.11025
2020-10-04 18:00:45,-0.093317,-0.093317
2020-10-04 19:00:15,-0.045749,-0.045749
2020-10-04 19:00:45,0.043426,0.043426
2020-10-04 20:00:15,0.066293,0.066293
2020-10-04 20:00:45,0.14818,0.14818
2020-10-04 21:00:15,0.021156,0.021156
2020-10-04 21:00:45,0.24899,0.24899
2020-10-04 22:00:15,0.24038,0.24038
2020-10-04 22:00:45,0.21329,0.21329
2020-10-04 23:00:15,0.24005,0.24005
2020-10-04 23:00:45,0.16243,0.16243
2020-10-05 00:00:15,0.040085,0.040085
2020-10-05 00:00:45,0.00239,0.00239
2020-10-05 01:00:15,0.16634,0.16634
2020-10-05 01:00:45,-0.083418,-0.083418
2020-10-05 02:00:15,-0.15641,-0.15641
2020-10-05 02:00:45,-0.075864,-0.075864
2020-10-05 03:00:15,-0.10561,-0.10561
2020-10-05 03:00:45,-0.057068,-0.057068
2020-10-05 04:00:15,-0.12065,-0.12065
2020-10-05 04:00:45,-0.14454,-0.14454
2020-10-05 05:00:15,-0.14377,-0.14377
2020-10-05 05:00:45,-0.14125,-0.14125
2020-10-05 06:00:15,-0.044926,-0.044926
2020-10-05 06:00:45,-0.19954,-0.19954
2020-10-05 07:00:15,0.74784,0.74784
2020-10-05 07:00:45,-0.44966,-0.44966
2020-10-05 08:00:15,-0.14927,-0.14927
2020-10-05 08:00:45,-0.68682,-0.68682
2020-10-05 09:00:15,-0.40639,-0.40639
2020-10-05 09:00:45,-0.26193,-0.26193
2020-10-05 10:00:15,-0.27516,-0.27516
2020-10-05 10:00:45,-0.16749,-0.16749
2020-10-05 11:00:15,-0.60605,-0.60605
2020-10-05 11:00:45,-0.54859,-0.54859
2020-10-05 12:00:15,0.6016,0.6016
2020-10-05 12:00:45,0.19008,0.19008
2020-10-05 13:00:15,-0.65742,-0.65742
2020-10-05 13:00:45,-0.46425,-0.46425
2020-10-05 14:00:15,-0.84228,-0.84228
2020-10-05 14:00:45,0.38595,0.38595
2020-10-05 15:00:15,-0.28313,-0.28313
2020-10-05 15:00:45,-0.27784,-0.27784
2020-10-05 16:00:15,-0.12435,-0.12435
2020-10-05 16:00:45,-0.39597,-0.39597
2020-10-05 17:00:15,-0.19174,-0.19174
2020-10-05 17:00:45,-0.039726,-0.039726
2020-10-05 18:00:15,-0.017019,-0.017019
2020-10-05 18:00:45,,0.2004704625
2020-10-05 19:00:15,0.55957,0.55957
2020-10-05 19:00:45,0.030142,0.030142
2020-10-05 20:00:15,-0.13691,-0.13691
2020-10-05 20:00:45,0.040647,0.040647
2020-10-05 21:00:15,-0.083567,-0.083567
2020-10-05 21:00:45,-0.11346,-0.11346
2020-10-05 22:00:15,,-0.0186829525
2020-10-05 22:00:45,0.087587,0.087587
2020-10-05 23:00:15,0.011818,0.011818
2020-10-05 23:00:45,0.11582,0.11582
2020-10-06 00:00:15,0.029597,0.029597
2020-10-06 00:00:45,,0.03081412999999999
2020-10-06 01:00:15,-0.032447,-0.032447
2020-10-06 01:00:45,,0.11783235750000007
2020-10-06 02:00:15,-0.062196,-0.062196
2020-10-06 02:00:45,-0.006763,-0.006763
2020-10-06 03:00:15,0.094024,0.094024
2020-10-06 03:00:45,,0.0032014650000000006
2020-10-06 04:00:15,0.000643,0.000643
2020-10-06 04:00:45,0.1233,0.1233
2020-10-06 05:00:15,0.057154,0.057154
2020-10-06 05:00:45,0.003007,0.003007
2020-10-06 06:00:15,0.37159,0.37159
2020-10-06 06:00:45,-0.21638,-0.21638
2020-10-06 07:00:15,-0.25921,-0.25921
2020-10-06 07:00:45,-0.95322,-0.95322
2020-10-06 08:00:15,-0.34033,-0.34033
2020-10-06 08:00:45,-0.66141,-0.66141
2020-10-06 09:00:15,0.1437,0.1437
2020-10-06 09:00:45,-0.51821,-0.51821
2020-10-06 10:00:15,0.014929,0.014929
2020-10-06 10:00:45,-0.19958,-0.19958
2020-10-06 11:00:15,-1.0478,-1.0478
2020-10-06 11:00:45,-0.68973,-0.68973
2020-10-06 12:00:15,-0.53463,-0.53463
2020-10-06 12:00:45,-1.5091,-1.5091
2020-10-06 13:00:15,-1.243,-1.243
2020-10-06 13:00:45,-0.58199,-0.58199
2020-10-06 14:00:15,-1.282,-1.282
2020-10-06 14:00:45,-0.0118,-0.0118
2020-10-06 15:00:15,-0.94634,-0.94634
2020-10-06 15:00:45,-0.39548,-0.39548
2020-10-06 16:00:15,-0.60178,-0.60178
2020-10-06 16:00:45,-0.60929,-0.60929
2020-10-06 17:00:15,-0.28092,-0.28092
2020-10-06 17:00:45,-0.036662,-0.036662
2020-10-06 18:00:15,0.004281,0.004281
2020-10-06 18:00:45,0.11337,0.11337
2020-10-06 19:00:15,0.27534,0.27534
2020-10-06 19:00:45,-0.085178,-0.085178
2020-10-06 20:00:15,-0.11076,-0.11076
2020-10-06 20:00:45,-0.066778,-0.066778
2020-10-06 21:00:15,-0.041747,-0.041747
2020-10-06 21:00:45,0.33696,0.33696
2020-10-06 22:00:15,0.26048,0.26048
2020-10-06 22:00:45,0.27767,0.27767
2020-10-06 23:00:15,-0.090212,-0.090212
2020-10-06 23:00:45,-0.002658,-0.002658
2020-10-07 00:00:15,,-0.019560344999999996
2020-10-07 00:00:45,-0.008244,-0.008244
2020-10-07 01:00:15,-0.045338,-0.045338
2020-10-07 01:00:45,-0.062114,-0.062114
2020-10-07 02:00:15,-0.0235,-0.0235
2020-10-07 02:00:45,-0.0507,-0.0507
2020-10-07 03:00:15,-0.027902,-0.027902
2020-10-07 03:00:45,0.50768,0.50768
2020-10-07 04:00:15,0.56301,0.56301
2020-10-07 04:00:45,0.039194,0.039194
2020-10-07 05:00:15,,0.10687917250000001
2020-10-07 05:00:45,-0.00927,-0.00927
2020-10-07 06:00:15,,-0.029809759999999994
2020-10-07 06:00:45,0.18375,0.18375
2020-10-07 07:00:15,0.073854,0.073854
2020-10-07 07:00:45,-0.84575,-0.84575
2020-10-07 08:00:15,-0.49415,-0.49415
2020-10-07 08:00:45,-0.67859,-0.67859
2020-10-07 09:00:15,-0.67264,-0.67264
2020-10-07 09:00:45,-0.83772,-0.83772
2020-10-07 10:00:15,-0.88249,-0.88249
2020-10-07 10:00:45,0.25186,0.25186
2020-10-07 11:00:15,-0.64592,-0.64592
2020-10-07 11:00:45,-0.39202,-0.39202
2020-10-07 12:00:15,-1.3656,-1.3656
2020-10-07 12:00:45,,-0.64546796
2020-10-07 13:00:15,-0.1583,-0.1583
2020-10-07 13:00:45,-0.86065,-0.86065
2020-10-07 14:00:15,-1.4936,-1.4936
2020-10-07 14:00:45,-0.47103,-0.47103
2020-10-07 15:00:15,-0.94437,-0.94437
2020-10-07 15:00:45,-0.68807,-0.68807
2020-10-07 16:00:15,-0.50712,-0.50712
2020-10-07 16:00:45,-0.47967,-0.47967
2020-10-07 17:00:15,-0.23165,-0.23165
2020-10-07 17:00:45,-0.1273,-0.1273
2020-10-07 18:00:15,-0.13821,-0.13821
2020-10-07 18:00:45,-0.16834,-0.16834
2020-10-07 19:00:15,-0.070901,-0.070901
2020-10-07 19:00:45,-0.031719,-0.031719
2020-10-07 20:00:15,-0.12807,-0.12807
2020-10-07 20:00:45,0.001189,0.001189
2020-10-07 21:00:15,-0.098929,-0.098929
2020-10-07 21:00:45,-0.019378,-0.019378
2020-10-07 22:00:15,0.001712,0.001712
2020-10-07 22:00:45,0.094076,0.094076
2020-10-07 23:00:15,0.14059,0.14059
2020-10-07 23:00:45,0.25269,0.25269
2020-10-08 00:00:15,0.94115,0.94115
2020-10-08 00:00:45,-0.098243,-0.098243
2020-10-08 01:00:15,-0.029354,-0.029354
2020-10-08 01:00:45,-0.056309,-0.056309
2020-10-08 02:00:15,-0.019053,-0.019053
2020-10-08 02:00:45,0.008079,0.008079
2020-10-08 03:00:15,-0.015463,-0.015463
2020-10-08 03:00:45,-0.13876,-0.13876
2020-10-08 04:00:15,0.12916,0.12916
2020-10-08 04:00:45,-0.020583,-0.020583
2020-10-08 05:00:15,0.05096,0.05096
2020-10-08 05:00:45,,0.14573996749999998
2020-10-08 06:00:15,-0.25322,-0.25322
2020-10-08 06:00:45,-0.74191,-0.74191
2020-10-08 07:00:15,-0.35027,-0.35027
2020-10-08 07:00:45,0.19941,0.19941
2020-10-08 08:00:15,-0.97606,-0.97606
2020-10-08 08:00:45,-0.088193,-0.088193
2020-10-08 09:00:15,-1.4756,-1.4756
2020-10-08 09:00:45,-0.4755,-0.4755
2020-10-08 10:00:15,-1.0447,-1.0447
2020-10-08 10:00:45,-0.7445,-0.7445
2020-10-08 11:00:15,-0.4036,-0.4036
2020-10-08 11:00:45,-0.065506,-0.065506
2020-10-08 12:00:15,-0.54608,-0.54608
2020-10-08 12:00:45,-0.66978,-0.66978
2020-10-08 13:00:15,0.91564,0.91564
2020-10-08 13:00:45,-0.57518,-0.57518
2020-10-08 14:00:15,-0.46459,-0.46459
2020-10-08 14:00:45,-0.50103,-0.50103
2020-10-08 15:00:15,-0.48699,-0.48699
2020-10-08 15:00:45,-0.61107,-0.61107
2020-10-08 16:00:15,-0.6066,-0.6066
2020-10-08 16:00:45,-0.65976,-0.65976
2020-10-08 17:00:15,-0.17835,-0.17835
2020-10-08 17:00:45,-0.012735,-0.012735
2020-10-08 18:00:15,,-0.05303121749999999
2020-10-08 18:00:45,,-0.11425332500000006
2020-10-08 19:00:15,-0.14905,-0.14905
2020-10-08 19:00:45,-0.11788,-0.11788
2020-10-08 20:00:15,-0.11449,-0.11449
2020-10-08 20:00:45,-0.10642,-0.10642
2020-10-08 21:00:15,-0.12073,-0.12073
2020-10-08 21:00:45,-0.11822,-0.11822
2020-10-08 22:00:15,-0.064089,-0.064089
2020-10-08 22:00:45,-0.093224,-0.093224
2020-10-08 23:00:15,,-0.09356837499999998
2020-10-08 23:00:45,0.14502,0.14502
2020-10-09 00:00:15,0.053413,0.053413
2020-10-09 00:00:45,-0.006127,-0.006127
2020-10-09 01:00:15,0.00943,0.00943
2020-10-09 01:00:45,-0.047117,-0.047117
2020-10-09 02:00:15,-0.029248,-0.029248
2020-10-09 02:00:45,-0.07402,-0.07402
2020-10-09 03:00:15,-0.039606,-0.039606
2020-10-09 03:00:45,-0.1085,-0.1085
2020-10-09 04:00:15,-0.097109,-0.097109
2020-10-09 04:00:45,0.67156,0.67156
2020-10-09 05:00:15,0.20273,0.20273
2020-10-09 05:00:45,0.57489,0.57489
2020-10-09 06:00:15,-0.035746,-0.035746
2020-10-09 06:00:45,-0.11324,-0.11324
2020-10-09 07:00:15,-0.24543,-0.24543
2020-10-09 07:00:45,-0.72025,-0.72025
2020-10-09 08:00:15,-0.18971,-0.18971
2020-10-09 08:00:45,-0.17467,-0.17467
2020-10-09 09:00:15,-1.3657,-1.3657
2020-10-09 09:00:45,0.045551,0.045551
2020-10-09 10:00:15,-1.1442,-1.1442
2020-10-09 10:00:45,,-0.4203927249999999
2020-10-09 11:00:15,0.24537,0.24537
2020-10-09 11:00:45,-0.45149,-0.45149
2020-10-09 12:00:15,-0.2522,-0.2522
2020-10-09 12:00:45,-1.3179,-1.3179
2020-10-09 13:00:15,-1.0761,-1.0761
2020-10-09 13:00:45,-0.3311,-0.3311
2020-10-09 14:00:15,-0.65865,-0.65865
2020-10-09 14:00:45,-1.2062,-1.2062
2020-10-09 15:00:15,-0.88827,-0.88827
2020-10-09 15:00:45,-0.86389,-0.86389
2020-10-09 16:00:15,-0.64301,-0.64301
2020-10-09 16:00:45,-0.34253,-0.34253
2020-10-09 17:00:15,-0.24326,-0.24326
2020-10-09 17:00:45,0.1083,0.1083
2020-10-09 18:00:15,0.024329,0.024329
2020-10-09 18:00:45,-0.11043,-0.11043
2020-10-09 19:00:15,-0.027753,-0.027753
2020-10-09 19:00:45,0.121,0.121
2020-10-09 20:00:15,-0.025389,-0.025389
2020-10-09 20:00:45,-0.10195,-0.10195
2020-10-09 21:00:15,-0.080006,-0.080006
2020-10-09 21:00:45,-0.12216,-0.12216
2020-10-09 22:00:15,-0.022527,-0.022527
2020-10-09 22:00:45,-0.068393,-0.068393
2020-10-09 23:00:15,-0.047361,-0.047361
2020-10-09 23:00:45,0.005793,0.005793
2020-10-10 00:00:15,-0.19604,-0.19604
2020-10-10 00:00:45,-0.069895,-0.069895
2020-10-10 01:00:15,-0.083516,-0.083516
2020-10-10 01:00:45,-0.027823,-0.027823
2020-10-10 02:00:15,-0.01488,-0.01488
2020-10-10 02:00:45,-0.08361,-0.08361
2020-10-10 03:00:15,0.073335,0.073335
2020-10-10 03:00:45,-0.022837,-0.022837
2020-10-10 04:00:15,-0.025703,-0.025703
2020-10-10 04:00:45,-0.080049,-0.080049
2020-10-10 05:00:15,-0.018827,-0.018827
2020-10-10 05:00:45,-0.055263,-0.055263
2020-10-10 06:00:15,0.22718,0.22718
2020-10-10 06:00:45,-0.097033,-0.097033
2020-10-10 07:00:15,-0.39566,-0.39566
2020-10-10 07:00:45,-0.18288,-0.18288
2020-10-10 08:00:15,-0.18277,-0.18277
2020-10-10 08:00:45,-0.093154,-0.093154
2020-10-10 09:00:15,0.25899,0.25899
2020-10-10 09:00:45,0.073051,0.073051
2020-10-10 10:00:15,-0.36014,-0.36014
2020-10-10 10:00:45,-0.88037,-0.88037
2020-10-10 11:00:15,-0.73213,-0.73213
2020-10-10 11:00:45,-1.4854,-1.4854
2020-10-10 12:00:15,-0.8124,-0.8124
2020-10-10 12:00:45,,-0.7019413474999999
2020-10-10 13:00:15,-0.088664,-0.088664
2020-10-10 13:00:45,-1.2343,-1.2343
2020-10-10 14:00:15,-1.5989,-1.5989
2020-10-10 14:00:45,-1.0272,-1.0272
2020-10-10 15:00:15,-1.052,-1.052
2020-10-10 15:00:45,-0.87262,-0.87262
2020-10-10 16:00:15,-0.68815,-0.68815
2020-10-10 16:00:45,-0.49592,-0.49592
2020-10-10 17:00:15,-0.17482,-0.17482
2020-10-10 17:00:45,-0.027012,-0.027012
2020-10-10 18:00:15,-0.099877,-0.099877
2020-10-10 18:00:45,-0.16122,-0.16122
2020-10-10 19:00:15,-0.04185,-0.04185
2020-10-10 19:00:45,0.033912,0.033912
2020-10-10 20:00:15,-6e-06,-6e-06
2020-10-10 20:00:45,-0.073984,-0.073984
2020-10-10 21:00:15,-0.0633,-0.0633
2020-10-10 21:00:45,-0.089132,-0.089132
2020-10-10 22:00:15,-0.12152,-0.12152
2020-10-10 22:00:45,-0.11501,-0.11501
2020-10-10 23:00:15,-0.028479,-0.028479
2020-10-10 23:00:45,0.012785,0.012785
2020-10-11 00:00:15,-0.17013,-0.17013
2020-10-11 00:00:45,-0.036683,-0.036683
2020-10-11 01:00:15,-0.1022,-0.1022
2020-10-11 01:00:45,-0.001402,-0.001402
2020-10-11 02:00:15,-0.032643,-0.032643
2020-10-11 02:00:45,-0.024986,-0.024986
2020-10-11 03:00:15,-0.036448,-0.036448
2020-10-11 03:00:45,-0.03154,-0.03154
2020-10-11 04:00:15,-0.091937,-0.091937
2020-10-11 04:00:45,0.055961,0.055961
2020-10-11 05:00:15,-0.16416,-0.16416
2020-10-11 05:00:45,-0.072106,-0.072106
2020-10-11 06:00:15,-0.18164,-0.18164
2020-10-11 06:00:45,-0.17981,-0.17981
2020-10-11 07:00:15,-0.16885,-0.16885
2020-10-11 07:00:45,-0.41105,-0.41105
2020-10-11 08:00:15,-0.059703,-0.059703
2020-10-11 08:00:45,-0.17824,-0.17824
2020-10-11 09:00:15,-0.34792,-0.34792
2020-10-11 09:00:45,-0.048432,-0.048432
2020-10-11 10:00:15,-0.41808,-0.41808
2020-10-11 10:00:45,-0.61391,-0.61391
2020-10-11 11:00:15,-0.47181,-0.47181
2020-10-11 11:00:45,-0.74809,-0.74809
2020-10-11 12:00:15,-0.26706,-0.26706
2020-10-11 12:00:45,-0.51085,-0.51085
2020-10-11 13:00:15,-0.071485,-0.071485
2020-10-11 13:00:45,-0.67897,-0.67897
2020-10-11 14:00:15,-0.63233,-0.63233
2020-10-11 14:00:45,-0.54547,-0.54547
2020-10-11 15:00:15,-0.24532,-0.24532
2020-10-11 15:00:45,-0.12063,-0.12063
2020-10-11 16:00:15,-0.033634,-0.033634
2020-10-11 16:00:45,0.075009,0.075009
2020-10-11 17:00:15,0.12708,0.12708
2020-10-11 17:00:45,-0.036921,-0.036921
2020-10-11 18:00:15,0.089523,0.089523
2020-10-11 18:00:45,0.15703,0.15703
2020-10-11 19:00:15,-0.003103,-0.003103
2020-10-11 19:00:45,-0.11115,-0.11115
2020-10-11 20:00:15,-0.1362,-0.1362
2020-10-11 20:00:45,-0.022027,-0.022027
2020-10-11 21:00:15,-0.14666,-0.14666
2020-10-11 21:00:45,-0.14177,-0.14177
2020-10-11 22:00:15,-0.092823,-0.092823
2020-10-11 22:00:45,-0.0521,-0.0521
2020-10-11 23:00:15,-0.16111,-0.16111
2020-10-11 23:00:45,-0.054286,-0.054286
2020-10-12 00:00:15,0.037242,0.037242
2020-10-12 00:00:45,0.014417,0.014417
2020-10-12 01:00:15,-0.10593,-0.10593
2020-10-12 01:00:45,,-0.0621233875
2020-10-12 02:00:15,-0.071159,-0.071159
2020-10-12 02:00:45,0.059174,0.059174
2020-10-12 03:00:15,0.15797,0.15797
2020-10-12 03:00:45,,0.00902038
2020-10-12 04:00:15,-0.053115,-0.053115
2020-10-12 04:00:45,-0.13111,-0.13111
2020-10-12 05:00:15,-0.039954,-0.039954
2020-10-12 05:00:45,-0.12212,-0.12212
2020-10-12 06:00:15,,-0.013466340000000002
2020-10-12 06:00:45,-0.64649,-0.64649
2020-10-12 07:00:15,-0.66937,-0.66937
2020-10-12 07:00:45,-0.24683,-0.24683
2020-10-12 08:00:15,0.40454,0.40454
2020-10-12 08:00:45,-0.35053,-0.35053
2020-10-12 09:00:15,-0.71208,-0.71208
2020-10-12 09:00:45,-0.61324,-0.61324
2020-10-12 10:00:15,-0.90408,-0.90408
2020-10-12 10:00:45,-0.61508,-0.61508
2020-10-12 11:00:15,-0.89641,-0.89641
2020-10-12 11:00:45,-0.27028,-0.27028
2020-10-12 12:00:15,-0.46772,-0.46772
2020-10-12 12:00:45,-0.31555,-0.31555
2020-10-12 13:00:15,-0.020106,-0.020106
2020-10-12 13:00:45,-0.29374,-0.29374
2020-10-12 14:00:15,-0.24294,-0.24294
2020-10-12 14:00:45,-1.1043,-1.1043
2020-10-12 15:00:15,-0.48778,-0.48778
2020-10-12 15:00:45,-0.53743,-0.53743
2020-10-12 16:00:15,-0.31277,-0.31277
2020-10-12 16:00:45,-0.3877,-0.3877
2020-10-12 17:00:15,-0.13517,-0.13517
2020-10-12 17:00:45,-0.044744,-0.044744
2020-10-12 18:00:15,-0.017857,-0.017857
2020-10-12 18:00:45,,-0.09426128
2020-10-12 19:00:15,,-0.11187893500000001
2020-10-12 19:00:45,,-0.11440727250000003
2020-10-12 20:00:15,-0.16599,-0.16599
2020-10-12 20:00:45,-0.083183,-0.083183
2020-10-12 21:00:15,-0.032475,-0.032475
2020-10-12 21:00:45,-0.11313,-0.11313
2020-10-12 22:00:15,-0.082796,-0.082796
2020-10-12 22:00:45,-0.034361,-0.034361
2020-10-12 23:00:15,-0.010182,-0.010182
2020-10-12 23:00:45,-0.01578,-0.01578
2020-10-13 00:00:15,-0.084145,-0.084145
2020-10-13 00:00:45,,-0.050809867499999994
2020-10-13 01:00:15,-0.14144,-0.14144
2020-10-13 01:00:45,,0.10920129250000002
2020-10-13 02:00:15,-0.074637,-0.074637
2020-10-13 02:00:45,0.4068,0.4068
2020-10-13 03:00:15,-0.088799,-0.088799
2020-10-13 03:00:45,-0.028129,-0.028129
2020-10-13 04:00:15,-0.040471,-0.040471
2020-10-13 04:00:45,-0.009304,-0.009304
2020-10-13 05:00:15,-0.010837,-0.010837
2020-10-13 05:00:45,0.006833,0.006833
2020-10-13 06:00:15,,-0.04176014500000001
2020-10-13 06:00:45,-0.45406,-0.45406
2020-10-13 07:00:15,,-0.46308862000000006
2020-10-13 07:00:45,-0.22412,-0.22412
2020-10-13 08:00:15,-0.38357,-0.38357
2020-10-13 08:00:45,-0.29779,-0.29779
2020-10-13 09:00:15,-0.44227,-0.44227
2020-10-13 09:00:45,-0.71849,-0.71849
2020-10-13 10:00:15,-0.82349,-0.82349
2020-10-13 10:00:45,0.1005,0.1005
2020-10-13 11:00:15,-0.035519,-0.035519
2020-10-13 11:00:45,-0.10266,-0.10266
2020-10-13 12:00:15,-0.29675,-0.29675
2020-10-13 12:00:45,-0.55383,-0.55383
2020-10-13 13:00:15,-1.0326,-1.0326
2020-10-13 13:00:45,-0.7606,-0.7606
2020-10-13 14:00:15,-0.49977,-0.49977
2020-10-13 14:00:45,-0.17899,-0.17899
2020-10-13 15:00:15,-0.58851,-0.58851
2020-10-13 15:00:45,-0.65454,-0.65454
2020-10-13 16:00:15,-0.55119,-0.55119
2020-10-13 16:00:45,-0.56916,-0.56916
2020-10-13 17:00:15,-0.43439,-0.43439
2020-10-13 17:00:45,0.11642,0.11642
2020-10-13 18:00:15,-0.043331,-0.043331
2020-10-13 18:00:45,-0.011454,-0.011454
2020-10-13 19:00:15,0.049734,0.049734
2020-10-13 19:00:45,-0.098955,-0.098955
2020-10-13 20:00:15,-0.082915,-0.082915
2020-10-13 20:00:45,-0.10645,-0.10645
2020-10-13 21:00:15,-0.13421,-0.13421
2020-10-13 21:00:45,-0.060008,-0.060008
2020-10-13 22:00:15,-0.12945,-0.12945
2020-10-13 22:00:45,-0.067825,-0.067825
2020-10-13 23:00:15,0.21264,0.21264
2020-10-13 23:00:45,-0.005885,-0.005885
2020-10-14 00:00:15,-0.02314,-0.02314
2020-10-14 00:00:45,-0.050339,-0.050339
2020-10-14 01:00:15,-0.067121,-0.067121
2020-10-14 01:00:45,-0.055541,-0.055541
2020-10-14 02:00:15,0.014679,0.014679
2020-10-14 02:00:45,-0.013319,-0.013319
2020-10-14 03:00:15,,-0.0218270875
2020-10-14 03:00:45,-0.090228,-0.090228
2020-10-14 04:00:15,,-0.007758962499999999
2020-10-14 04:00:45,-0.007619,-0.007619
2020-10-14 05:00:15,-0.03172,-0.03172
2020-10-14 05:00:45,-0.055837,-0.055837
2020-10-14 06:00:15,-0.01684,-0.01684
2020-10-14 06:00:45,-0.046075,-0.046075
2020-10-14 07:00:15,-0.092893,-0.092893
2020-10-14 07:00:45,-0.2176,-0.2176
2020-10-14 08:00:15,-0.59318,-0.59318
2020-10-14 08:00:45,-0.21349,-0.21349
2020-10-14 09:00:15,0.086462,0.086462
2020-10-14 09:00:45,-0.28858,-0.28858
2020-10-14 10:00:15,-0.28882,-0.28882
2020-10-14 10:00:45,0.35213,0.35213
2020-10-14 11:00:15,0.038575,0.038575
2020-10-14 11:00:45,-0.55327,-0.55327
2020-10-14 12:00:15,-0.37857,-0.37857
2020-10-14 12:00:45,0.20385,0.20385
2020-10-14 13:00:15,-0.15911,-0.15911
2020-10-14 13:00:45,-0.26965,-0.26965
2020-10-14 14:00:15,-0.41728,-0.41728
2020-10-14 14:00:45,-0.076952,-0.076952
2020-10-14 15:00:15,-0.015258,-0.015258
2020-10-14 15:00:45,-0.13231,-0.13231
2020-10-14 16:00:15,-0.092052,-0.092052
2020-10-14 16:00:45,0.008066,0.008066
2020-10-14 17:00:15,-0.036828,-0.036828
2020-10-14 17:00:45,-0.032552,-0.032552
2020-10-14 18:00:15,-0.010965,-0.010965
2020-10-14 18:00:45,0.067075,0.067075
2020-10-14 19:00:15,0.032231,0.032231
2020-10-14 19:00:45,-0.001439,-0.001439
2020-10-14 20:00:15,0.000484,0.000484
2020-10-14 20:00:45,0.028626,0.028626
2020-10-14 21:00:15,0.027197,0.027197
2020-10-14 21:00:45,-0.19097,-0.19097
2020-10-14 22:00:15,-0.008668,-0.008668
2020-10-14 22:00:45,-0.023385,-0.023385
2020-10-14 23:00:15,-0.049058,-0.049058
2020-10-14 23:00:45,,0.017909067500000007
2020-10-15 00:00:15,-0.11267,-0.11267
2020-10-15 00:00:45,0.018987,0.018987
2020-10-15 01:00:15,0.071189,0.071189
2020-10-15 01:00:45,0.038403,0.038403
2020-10-15 02:00:15,-0.12353,-0.12353
2020-10-15 02:00:45,0.005118,0.005118
2020-10-15 03:00:15,-0.039891,-0.039891
2020-10-15 03:00:45,-0.13893,-0.13893
2020-10-15 04:00:15,-0.031748,-0.031748
2020-10-15 04:00:45,-0.077337,-0.077337
2020-10-15 05:00:15,-0.072634,-0.072634
2020-10-15 05:00:45,0.13417,0.13417
2020-10-15 06:00:15,-0.10091,-0.10091
2020-10-15 06:00:45,-0.15143,-0.15143
2020-10-15 07:00:15,-0.32426,-0.32426
2020-10-15 07:00:45,0.13624,0.13624
2020-10-15 08:00:15,-0.11555,-0.11555
2020-10-15 08:00:45,-0.69364,-0.69364
2020-10-15 09:00:15,-0.37391,-0.37391
2020-10-15 09:00:45,,-0.30848383499999993
2020-10-15 10:00:15,-0.5255,-0.5255
2020-10-15 10:00:45,,-0.7320144650000002
2020-10-15 11:00:15,-0.71974,-0.71974
2020-10-15 11:00:45,-0.56958,-0.56958
2020-10-15 12:00:15,-0.098098,-0.098098
2020-10-15 12:00:45,-0.33583,-0.33583
2020-10-15 13:00:15,-0.78356,-0.78356
2020-10-15 13:00:45,-0.72846,-0.72846
2020-10-15 14:00:15,-0.56727,-0.56727
2020-10-15 14:00:45,-1.0505,-1.0505
2020-10-15 15:00:15,-0.56784,-0.56784
2020-10-15 15:00:45,-0.93589,-0.93589
2020-10-15 16:00:15,-0.59401,-0.59401
2020-10-15 16:00:45,-0.47442,-0.47442
2020-10-15 17:00:15,-0.2399,-0.2399
2020-10-15 17:00:45,-0.11941,-0.11941
2020-10-15 18:00:15,-0.069278,-0.069278
2020-10-15 18:00:45,0.045902,0.045902
2020-10-15 19:00:15,,-0.098927995
2020-10-15 19:00:45,-0.12007,-0.12007
2020-10-15 20:00:15,,-0.075609765
2020-10-15 20:00:45,-0.19108,-0.19108
2020-10-15 21:00:15,0.067448,0.067448
2020-10-15 21:00:45,0.045008,0.045008
2020-10-15 22:00:15,-0.13606,-0.13606
2020-10-15 22:00:45,-0.15577,-0.15577
2020-10-15 23:00:15,-0.076621,-0.076621
2020-10-15 23:00:45,-0.034352,-0.034352
2020-10-16 00:00:15,-0.11314,-0.11314
2020-10-16 00:00:45,,-0.07710002749999997
2020-10-16 01:00:15,-0.061678,-0.061678
2020-10-16 01:00:45,,0.010363320000000002
2020-10-16 02:00:15,,0.027459119999999997
2020-10-16 02:00:45,,-0.080425205
2020-10-16 03:00:15,-0.064689,-0.064689
2020-10-16 03:00:45,0.001972,0.001972
2020-10-16 04:00:15,-0.16797,-0.16797
2020-10-16 04:00:45,-0.154,-0.154
2020-10-16 05:00:15,-0.12611,-0.12611
2020-10-16 05:00:45,-0.012993,-0.012993
2020-10-16 06:00:15,-0.11561,-0.11561
2020-10-16 06:00:45,-0.19567,-0.19567
2020-10-16 07:00:15,-0.89875,-0.89875
2020-10-16 07:00:45,-0.19041,-0.19041
2020-10-16 08:00:15,-0.4564,-0.4564
2020-10-16 08:00:45,-0.66731,-0.66731
2020-10-16 09:00:15,-0.56127,-0.56127
2020-10-16 09:00:45,-0.93993,-0.93993
2020-10-16 10:00:15,-1.1469,-1.1469
2020-10-16 10:00:45,-1.0719,-1.0719
2020-10-16 11:00:15,-0.41773,-0.41773
2020-10-16 11:00:45,-0.68266,-0.68266
2020-10-16 12:00:15,-1.378,-1.378
2020-10-16 12:00:45,-0.92803,-0.92803
2020-10-16 13:00:15,-0.99208,-0.99208
2020-10-16 13:00:45,-0.86688,-0.86688
2020-10-16 14:00:15,-1.3493,-1.3493
2020-10-16 14:00:45,-1.1371,-1.1371
2020-10-16 15:00:15,-1.0211,-1.0211
2020-10-16 15:00:45,-0.90393,-0.90393
2020-10-16 16:00:15,-0.54863,-0.54863
2020-10-16 16:00:45,-0.42081,-0.42081
2020-10-16 17:00:15,-0.029651,-0.029651
2020-10-16 17:00:45,-0.047909,-0.047909
2020-10-16 18:00:15,-0.035595,-0.035595
2020-10-16 18:00:45,-0.029893,-0.029893
2020-10-16 19:00:15,-0.027036,-0.027036
2020-10-16 19:00:45,0.089418,0.089418
2020-10-16 20:00:15,0.021607,0.021607
2020-10-16 20:00:45,0.005366,0.005366
2020-10-16 21:00:15,0.14808,0.14808
2020-10-16 21:00:45,0.14943,0.14943
2020-10-16 22:00:15,0.20506,0.20506
2020-10-16 22:00:45,0.048969,0.048969
2020-10-16 23:00:15,-0.091575,-0.091575
2020-10-16 23:00:45,0.0459,0.0459
2020-10-17 00:00:15,-0.014411,-0.014411
2020-10-17 00:00:45,-0.018733,-0.018733
2020-10-17 01:00:15,-0.012292,-0.012292
2020-10-17 01:00:45,-0.05181,-0.05181
2020-10-17 02:00:15,-0.042332,-0.042332
2020-10-17 02:00:45,-0.082038,-0.082038
2020-10-17 03:00:15,-0.1218,-0.1218
2020-10-17 03:00:45,-0.085189,-0.085189
2020-10-17 04:00:15,-0.027859,-0.027859
2020-10-17 04:00:45,0.014505,0.014505
2020-10-17 05:00:15,-0.047261,-0.047261
2020-10-17 05:00:45,0.25221,0.25221
2020-10-17 06:00:15,,-0.033490555000000005
2020-10-17 06:00:45,-0.53628,-0.53628
2020-10-17 07:00:15,-0.28254,-0.28254
2020-10-17 07:00:45,-0.54931,-0.54931
2020-10-17 08:00:15,-0.39094,-0.39094
2020-10-17 08:00:45,-0.41635,-0.41635
2020-10-17 09:00:15,,-0.2459123
2020-10-17 09:00:45,0.076325,0.076325
2020-10-17 10:00:15,-0.18696,-0.18696
2020-10-17 10:00:45,0.042159,0.042159
2020-10-17 11:00:15,-0.31417,-0.31417
2020-10-17 11:00:45,-0.93686,-0.93686
2020-10-17 12:00:15,-0.87291,-0.87291
2020-10-17 12:00:45,-1.0232,-1.0232
2020-10-17 13:00:15,-0.59063,-0.59063
2020-10-17 13:00:45,-0.43155,-0.43155
2020-10-17 14:00:15,-0.61272,-0.61272
2020-10-17 14:00:45,-0.41917,-0.41917
2020-10-17 15:00:15,-0.54271,-0.54271
2020-10-17 15:00:45,-0.24424,-0.24424
2020-10-17 16:00:15,-0.14615,-0.14615
2020-10-17 16:00:45,-0.33809,-0.33809
2020-10-17 17:00:15,-0.18957,-0.18957
2020-10-17 17:00:45,-0.084926,-0.084926
2020-10-17 18:00:15,-0.11956,-0.11956
2020-10-17 18:00:45,-0.058619,-0.058619
2020-10-17 19:00:15,-0.035388,-0.035388
2020-10-17 19:00:45,-0.10154,-0.10154
2020-10-17 20:00:15,-0.016911,-0.016911
2020-10-17 20:00:45,-0.05338,-0.05338
2020-10-17 21:00:15,-0.029495,-0.029495
2020-10-17 21:00:45,0.27941,0.27941
2020-10-17 22:00:15,-0.19296,-0.19296
2020-10-17 22:00:45,0.26986,0.26986
2020-10-17 23:00:15,0.1831,0.1831
2020-10-17 23:00:45,0.038646,0.038646
2020-10-18 00:00:15,-0.14063,-0.14063
2020-10-18 00:00:45,,-0.0544692125
2020-10-18 01:00:15,-0.04396,-0.04396
2020-10-18 01:00:45,,-0.038417745
2020-10-18 02:00:15,-0.00504,-0.00504
2020-10-18 02:00:45,-0.1232,-0.1232
2020-10-18 03:00:15,-0.069924,-0.069924
2020-10-18 03:00:45,,-0.050791955
2020-10-18 04:00:15,0.016202,0.016202
2020-10-18 04:00:45,0.12301,0.12301
2020-10-18 05:00:15,-0.055375,-0.055375
2020-10-18 05:00:45,-0.059649,-0.059649
2020-10-18 06:00:15,0.02453,0.02453
2020-10-18 06:00:45,-0.14523,-0.14523
2020-10-18 07:00:15,-0.042569,-0.042569
2020-10-18 07:00:45,-0.31432,-0.31432
2020-10-18 08:00:15,0.028772,0.028772
2020-10-18 08:00:45,-0.034643,-0.034643
2020-10-18 09:00:15,-0.12915,-0.12915
2020-10-18 09:00:45,-0.061173,-0.061173
2020-10-18 10:00:15,0.067066,0.067066
2020-10-18 10:00:45,-0.11266,-0.11266
2020-10-18 11:00:15,-0.35102,-0.35102
2020-10-18 11:00:45,-0.10764,-0.10764
2020-10-18 12:00:15,-1.0197,-1.0197
2020-10-18 12:00:45,,-0.5360635625000001
2020-10-18 13:00:15,-0.35506,-0.35506
2020-10-18 13:00:45,,-0.5077376549999999
2020-10-18 14:00:15,-0.50413,-0.50413
2020-10-18 14:00:45,-0.56801,-0.56801
2020-10-18 15:00:15,-0.52711,-0.52711
2020-10-18 15:00:45,-0.6103,-0.6103
2020-10-18 16:00:15,-0.4063,-0.4063
2020-10-18 16:00:45,-0.25883,-0.25883
2020-10-18 17:00:15,-0.071784,-0.071784
2020-10-18 17:00:45,-0.11855,-0.11855
2020-10-18 18:00:15,,-0.12320911000000001
2020-10-18 18:00:45,-0.19745,-0.19745
2020-10-18 19:00:15,-0.10649,-0.10649
2020-10-18 19:00:45,-0.11295,-0.11295
2020-10-18 20:00:15,-0.10823,-0.10823
2020-10-18 20:00:45,-0.054668,-0.054668
2020-10-18 21:00:15,-0.061804,-0.061804
2020-10-18 21:00:45,-0.061774,-0.061774
2020-10-18 22:00:15,-0.11368,-0.11368
2020-10-18 22:00:45,-0.1551,-0.1551
2020-10-18 23:00:15,-0.031354,-0.031354
2020-10-18 23:00:45,-0.063834,-0.063834
2020-10-19 00:00:15,-0.03562,-0.03562
2020-10-19 00:00:45,-0.13921,-0.13921
2020-10-19 01:00:15,-0.09938,-0.09938
2020-10-19 01:00:45,-0.13239,-0.13239
2020-10-19 02:00:15,-0.18602,-0.18602
2020-10-19 02:00:45,-0.051706,-0.051706
2020-10-19 03:00:15,-0.030067,-0.030067
2020-10-19 03:00:45,-0.11233,-0.11233
2020-10-19 04:00:15,-0.001881,-0.001881
2020-10-19 04:00:45,-0.18674,-0.18674
2020-10-19 05:00:15,-0.054341,-0.054341
2020-10-19 05:00:45,-0.050921,-0.050921
2020-10-19 06:00:15,-0.020642,-0.020642
2020-10-19 06:00:45,-0.084196,-0.084196
2020-10-19 07:00:15,-0.28392,-0.28392
2020-10-19 07:00:45,-0.32903,-0.32903
2020-10-19 08:00:15,-0.18413,-0.18413
2020-10-19 08:00:45,-0.1266,-0.1266
2020-10-19 09:00:15,-0.49853,-0.49853
2020-10-19 09:00:45,-0.38004,-0.38004
2020-10-19 10:00:15,-0.023989,-0.023989
2020-10-19 10:00:45,-0.34881,-0.34881
2020-10-19 11:00:15,-0.73904,-0.73904
2020-10-19 11:00:45,-0.5224,-0.5224
2020-10-19 12:00:15,0.09699,0.09699
2020-10-19 12:00:45,-0.26997,-0.26997
2020-10-19 13:00:15,-0.13259,-0.13259
2020-10-19 13:00:45,0.12301,0.12301
2020-10-19 14:00:15,-0.29035,-0.29035
2020-10-19 14:00:45,-0.35435,-0.35435
2020-10-19 15:00:15,-0.013608,-0.013608
2020-10-19 15:00:45,-0.55374,-0.55374
2020-10-19 16:00:15,-0.55314,-0.55314
2020-10-19 16:00:45,-0.406,-0.406
2020-10-19 17:00:15,-0.25893,-0.25893
2020-10-19 17:00:45,-0.13601,-0.13601
2020-10-19 18:00:15,-0.046612,-0.046612
2020-10-19 18:00:45,-0.10726,-0.10726
2020-10-19 19:00:15,-0.12963,-0.12963
2020-10-19 19:00:45,-0.12326,-0.12326
2020-10-19 20:00:15,-0.16441,-0.16441
2020-10-19 20:00:45,-0.11293,-0.11293
2020-10-19 21:00:15,-0.12619,-0.12619
2020-10-19 21:00:45,-0.16613,-0.16613
2020-10-19 22:00:15,-0.09208,-0.09208
2020-10-19 22:00:45,-0.040338,-0.040338
2020-10-19 23:00:15,0.008924,0.008924
2020-10-19 23:00:45,-0.029625,-0.029625
2020-10-20 00:00:15,-0.006129,-0.006129
2020-10-20 00:00:45,0.007167,0.007167
2020-10-20 01:00:15,-0.021804,-0.021804
2020-10-20 01:00:45,-0.073268,-0.073268
2020-10-20 02:00:15,-0.003276,-0.003276
2020-10-20 02:00:45,-0.04469,-0.04469
2020-10-20 03:00:15,-0.064304,-0.064304
2020-10-20 03:00:45,-0.12504,-0.12504
2020-10-20 04:00:15,-0.11478,-0.11478
2020-10-20 04:00:45,-0.029577,-0.029577
2020-10-20 05:00:15,-0.034919,-0.034919
2020-10-20 05:00:45,-0.03949,-0.03949
2020-10-20 06:00:15,0.000218,0.000218
2020-10-20 06:00:45,0.36681,0.36681
2020-10-20 07:00:15,,-0.2917919599999999
2020-10-20 07:00:45,-0.32383,-0.32383
2020-10-20 08:00:15,,-0.29860657749999997
2020-10-20 08:00:45,0.25506,0.25506
2020-10-20 09:00:15,0.31157,0.31157
2020-10-20 09:00:45,-0.87953,-0.87953
2020-10-20 10:00:15,-0.3264,-0.3264
2020-10-20 10:00:45,-0.41145,-0.41145
2020-10-20 11:00:15,0.019044,0.019044
2020-10-20 11:00:45,0.031974,0.031974
2020-10-20 12:00:15,-0.26341,-0.26341
2020-10-20 12:00:45,-0.40747,-0.40747
2020-10-20 13:00:15,-0.41511,-0.41511
2020-10-20 13:00:45,-0.59292,-0.59292
2020-10-20 14:00:15,-0.089643,-0.089643
2020-10-20 14:00:45,-0.46237,-0.46237
2020-10-20 15:00:15,-0.51127,-0.51127
2020-10-20 15:00:45,-0.093338,-0.093338
2020-10-20 16:00:15,-0.40086,-0.40086
2020-10-20 16:00:45,-0.18239,-0.18239
2020-10-20 17:00:15,0.18879,0.18879
2020-10-20 17:00:45,-0.034616,-0.034616
2020-10-20 18:00:15,-0.13254,-0.13254
2020-10-20 18:00:45,-0.032373,-0.032373
2020-10-20 19:00:15,-0.0313,-0.0313
2020-10-20 19:00:45,-0.12472,-0.12472
2020-10-20 20:00:15,-0.048564,-0.048564
2020-10-20 20:00:45,-0.054162,-0.054162
2020-10-20 21:00:15,-0.13855,-0.13855
2020-10-20 21:00:45,,-0.09552415250000001
2020-10-20 22:00:15,,-0.013207644999999995
2020-10-20 22:00:45,-0.076273,-0.076273
2020-10-20 23:00:15,0.01147,0.01147
2020-10-20 23:00:45,,-0.09644774500000002
2020-10-21 00:00:15,-0.18561,-0.18561
2020-10-21 00:00:45,-0.044805,-0.044805
2020-10-21 01:00:15,-0.10662,-0.10662
2020-10-21 01:00:45,0.045566,0.045566
2020-10-21 02:00:15,0.17472,0.17472
2020-10-21 02:00:45,0.19333,0.19333
2020-10-21 03:00:15,-0.025961,-0.025961
2020-10-21 03:00:45,-0.063078,-0.063078
2020-10-21 04:00:15,-0.027814,-0.027814
2020-10-21 04:00:45,-0.01113,-0.01113
2020-10-21 05:00:15,-0.12366,-0.12366
2020-10-21 05:00:45,,-0.00983471
2020-10-21 06:00:15,-0.006341,-0.006341
2020-10-21 06:00:45,-0.49804,-0.49804
2020-10-21 07:00:15,-0.042783,-0.042783
2020-10-21 07:00:45,-0.32587,-0.32587
2020-10-21 08:00:15,0.73433,0.73433
2020-10-21 08:00:45,-0.18419,-0.18419
2020-10-21 09:00:15,,-0.259027785
2020-10-21 09:00:45,-0.051086,-0.051086
2020-10-21 10:00:15,-0.57202,-0.57202
2020-10-21 10:00:45,-0.36941,-0.36941
2020-10-21 11:00:15,-0.001925,-0.001925
2020-10-21 11:00:45,-0.54142,-0.54142
2020-10-21 12:00:15,0.1006,0.1006
2020-10-21 12:00:45,-0.43227,-0.43227
2020-10-21 13:00:15,-0.65731,-0.65731
2020-10-21 13:00:45,-0.75233,-0.75233
2020-10-21 14:00:15,-0.82627,-0.82627
2020-10-21 14:00:45,-0.82066,-0.82066
2020-10-21 15:00:15,-0.74419,-0.74419
2020-10-21 15:00:45,-0.57764,-0.57764
2020-10-21 16:00:15,-0.45585,-0.45585
2020-10-21 16:00:45,-0.23216,-0.23216
2020-10-21 17:00:15,0.036809,0.036809
2020-10-21 17:00:45,0.002029,0.002029
2020-10-21 18:00:15,-0.097226,-0.097226
2020-10-21 18:00:45,-0.010649,-0.010649
2020-10-21 19:00:15,0.062653,0.062653
2020-10-21 19:00:45,0.094309,0.094309
2020-10-21 20:00:15,-0.032386,-0.032386
2020-10-21 20:00:45,0.004523,0.004523
2020-10-21 21:00:15,-0.10606,-0.10606
2020-10-21 21:00:45,,-0.08497234250000002
2020-10-21 22:00:15,-0.07768,-0.07768
2020-10-21 22:00:45,-0.01413,-0.01413
2020-10-21 23:00:15,-0.13037,-0.13037
2020-10-21 23:00:45,-0.092942,-0.092942
2020-10-22 00:00:15,-0.18448,-0.18448
2020-10-22 00:00:45,-0.17536,-0.17536
2020-10-22 01:00:15,-0.094352,-0.094352
2020-10-22 01:00:45,-0.069963,-0.069963
2020-10-22 02:00:15,-0.18288,-0.18288
2020-10-22 02:00:45,-0.18683,-0.18683
2020-10-22 03:00:15,-0.15633,-0.15633
2020-10-22 03:00:45,-0.023917,-0.023917
2020-10-22 04:00:15,0.005753,0.005753
2020-10-22 04:00:45,0.013732,0.013732
2020-10-22 05:00:15,,-0.022815767500000004
2020-10-22 05:00:45,-0.002044,-0.002044
2020-10-22 06:00:15,-0.099231,-0.099231
2020-10-22 06:00:45,-0.11712,-0.11712
2020-10-22 07:00:15,-0.22811,-0.22811
2020-10-22 07:00:45,-0.38692,-0.38692
2020-10-22 08:00:15,-0.090246,-0.090246
2020-10-22 08:00:45,-0.28277,-0.28277
2020-10-22 09:00:15,0.029884,0.029884
2020-10-22 09:00:45,0.19402,0.19402
2020-10-22 10:00:15,,0.3623562525000001
2020-10-22 10:00:45,0.79426,0.79426
2020-10-22 11:00:15,-0.21619,-0.21619
2020-10-22 11:00:45,0.64995,0.64995
2020-10-22 12:00:15,0.8928,0.8928
2020-10-22 12:00:45,0.51671,0.51671
2020-10-22 13:00:15,0.75728,0.75728
2020-10-22 13:00:45,0.40273,0.40273
2020-10-22 14:00:15,0.31948,0.31948
2020-10-22 14:00:45,0.41247,0.41247
2020-10-22 15:00:15,0.14102,0.14102
2020-10-22 15:00:45,0.1767,0.1767
2020-10-22 16:00:15,0.14259,0.14259
2020-10-22 16:00:45,0.049776,0.049776
2020-10-22 17:00:15,-0.22911,-0.22911
2020-10-22 17:00:45,,-0.0795600725
2020-10-22 18:00:15,,-0.09121291249999999
2020-10-22 18:00:45,,-0.09408996249999999
2020-10-22 19:00:15,-0.10836,-0.10836
2020-10-22 19:00:45,-0.030315,-0.030315
2020-10-22 20:00:15,0.14552,0.14552
2020-10-22 20:00:45,0.32557,0.32557
2020-10-22 21:00:15,0.028631,0.028631
2020-10-22 21:00:45,-0.03425,-0.03425
2020-10-22 22:00:15,-0.013013,-0.013013
2020-10-22 22:00:45,0.36944,0.36944
2020-10-22 23:00:15,-0.16003,-0.16003
2020-10-22 23:00:45,0.07936,0.07936
2020-10-23 00:00:15,-0.17948,-0.17948
2020-10-23 00:00:45,0.13515,0.13515
2020-10-23 01:00:15,-0.027436,-0.027436
2020-10-23 01:00:45,-0.12701,-0.12701
2020-10-23 02:00:15,-0.040461,-0.040461
2020-10-23 02:00:45,-0.1985,-0.1985
2020-10-23 03:00:15,,-0.10368925000000001
2020-10-23 03:00:45,-0.046393,-0.046393
2020-10-23 04:00:15,-0.10712,-0.10712
2020-10-23 04:00:45,-0.086092,-0.086092
2020-10-23 05:00:15,-0.089458,-0.089458
2020-10-23 05:00:45,-0.19537,-0.19537
2020-10-23 06:00:15,-0.12849,-0.12849
2020-10-23 06:00:45,-0.19633,-0.19633
2020-10-23 07:00:15,-0.24583,-0.24583
2020-10-23 07:00:45,-0.2033,-0.2033
2020-10-23 08:00:15,0.2816,0.2816
2020-10-23 08:00:45,0.62653,0.62653
2020-10-23 09:00:15,0.54529,0.54529
2020-10-23 09:00:45,0.87466,0.87466
2020-10-23 10:00:15,0.99641,0.99641
2020-10-23 10:00:45,0.81406,0.81406
2020-10-23 11:00:15,0.14832,0.14832
2020-10-23 11:00:45,-0.2684,-0.2684
2020-10-23 12:00:15,0.09989,0.09989
2020-10-23 12:00:45,0.057695,0.057695
2020-10-23 13:00:15,0.012307,0.012307
2020-10-23 13:00:45,-0.011818,-0.011818
2020-10-23 14:00:15,-0.21952,-0.21952
2020-10-23 14:00:45,-0.10989,-0.10989
2020-10-23 15:00:15,-0.15188,-0.15188
2020-10-23 15:00:45,-0.38631,-0.38631
2020-10-23 16:00:15,-0.53726,-0.53726
2020-10-23 16:00:45,-0.3967,-0.3967
2020-10-23 17:00:15,-0.3926,-0.3926
2020-10-23 17:00:45,,0.400855985
2020-10-23 18:00:15,,0.19058627500000003
2020-10-23 18:00:45,-0.15666,-0.15666
2020-10-23 19:00:15,,0.08381309499999999
2020-10-23 19:00:45,-0.17931,-0.17931
2020-10-23 20:00:15,,0.014135482500000008
2020-10-23 20:00:45,-0.12282,-0.12282
2020-10-23 21:00:15,-0.16984,-0.16984
2020-10-23 21:00:45,-0.12691,-0.12691
2020-10-23 22:00:15,-0.003945,-0.003945
2020-10-23 22:00:45,-0.11254,-0.11254
2020-10-23 23:00:15,-0.11456,-0.11456
2020-10-23 23:00:45,-0.004826,-0.004826
2020-10-24 00:00:15,,0.0067124674999999995
2020-10-24 00:00:45,-0.044786,-0.044786
2020-10-24 01:00:15,-0.092653,-0.092653
2020-10-24 01:00:45,,-0.03311237
2020-10-24 02:00:15,,0.0317234925
2020-10-24 02:00:45,-0.14005,-0.14005
2020-10-24 03:00:15,0.31121,0.31121
2020-10-24 03:00:45,-0.10643,-0.10643
2020-10-24 04:00:15,-0.19737,-0.19737
2020-10-24 04:00:45,-0.063879,-0.063879
2020-10-24 05:00:15,-0.050622,-0.050622
2020-10-24 05:00:45,-0.12246,-0.12246
2020-10-24 06:00:15,,0.012694925000000003
2020-10-24 06:00:45,-0.2492,-0.2492
2020-10-24 07:00:15,,-0.31603299999999995
2020-10-24 07:00:45,-0.30859,-0.30859
2020-10-24 08:00:15,-0.10989,-0.10989
2020-10-24 08:00:45,0.21794,0.21794
2020-10-24 09:00:15,0.057931,0.057931
2020-10-24 09:00:45,0.27706,0.27706
2020-10-24 10:00:15,0.16862,0.16862
2020-10-24 10:00:45,0.16686,0.16686
2020-10-24 11:00:15,0.45375,0.45375
2020-10-24 11:00:45,0.50811,0.50811
2020-10-24 12:00:15,0.22739,0.22739
2020-10-24 12:00:45,-0.31885,-0.31885
2020-10-24 13:00:15,0.23478,0.23478
2020-10-24 13:00:45,0.18454,0.18454
2020-10-24 14:00:15,0.16248,0.16248
2020-10-24 14:00:45,0.59416,0.59416
2020-10-24 15:00:15,0.046879,0.046879
2020-10-24 15:00:45,0.075502,0.075502
2020-10-24 16:00:15,0.064234,0.064234
2020-10-24 16:00:45,0.002457,0.002457
2020-10-24 17:00:15,-0.16718,-0.16718
2020-10-24 17:00:45,-0.13607,-0.13607
2020-10-24 18:00:15,,-0.06168257999999998
2020-10-24 18:00:45,-0.19278,-0.19278
2020-10-24 19:00:15,,-0.08821852250000001
2020-10-24 19:00:45,-0.13085,-0.13085
2020-10-24 20:00:15,-0.092862,-0.092862
2020-10-24 20:00:45,0.059366,0.059366
2020-10-24 21:00:15,0.1412,0.1412
2020-10-24 21:00:45,0.12783,0.12783
2020-10-24 22:00:15,0.074722,0.074722
2020-10-24 22:00:45,-0.041257,-0.041257
2020-10-24 23:00:15,-0.006319,-0.006319
2020-10-24 23:00:45,0.006217,0.006217
2020-10-25 00:00:15,0.078208,0.078208
2020-10-25 00:00:45,0.12366,0.12366
2020-10-25 01:00:15,0.003483,0.003483
2020-10-25 01:00:45,-0.054032,-0.054032
2020-10-25 02:00:15,-0.066491,-0.066491
2020-10-25 02:00:45,-0.024922,-0.024922
2020-10-25 03:00:15,-0.11181,-0.11181
2020-10-25 03:00:45,-0.088059,-0.088059
2020-10-25 04:00:15,-0.16818,-0.16818
2020-10-25 04:00:45,-0.078746,-0.078746
2020-10-25 05:00:15,-0.12182,-0.12182
2020-10-25 05:00:45,-0.18125,-0.18125
2020-10-25 06:00:15,-0.10249,-0.10249
2020-10-25 06:00:45,-0.096236,-0.096236
2020-10-25 07:00:15,-0.033896,-0.033896
2020-10-25 07:00:45,-0.23281,-0.23281
2020-10-25 08:00:15,-0.13787,-0.13787
2020-10-25 08:00:45,-0.092037,-0.092037
2020-10-25 09:00:15,-0.070606,-0.070606
2020-10-25 09:00:45,-0.084559,-0.084559
2020-10-25 10:00:15,-0.057735,-0.057735
2020-10-25 10:00:45,0.089675,0.089675
2020-10-25 11:00:15,0.13189,0.13189
2020-10-25 11:00:45,0.17946,0.17946
2020-10-25 12:00:15,0.50241,0.50241
2020-10-25 12:00:45,0.4992,0.4992
2020-10-25 13:00:15,0.589,0.589
2020-10-25 13:00:45,0.5015,0.5015
2020-10-25 14:00:15,0.14247,0.14247
2020-10-25 14:00:45,0.084719,0.084719
2020-10-25 15:00:15,0.050693,0.050693
2020-10-25 15:00:45,0.23834,0.23834
2020-10-25 16:00:15,0.20942,0.20942
2020-10-25 16:00:45,0.60122,0.60122
2020-10-25 17:00:15,0.51875,0.51875
2020-10-25 17:00:45,0.78714,0.78714
2020-10-25 18:00:15,0.83921,0.83921
2020-10-25 18:00:45,0.29678,0.29678
2020-10-25 19:00:15,0.1227,0.1227
2020-10-25 19:00:45,-0.00162,-0.00162
2020-10-25 20:00:15,-0.013037,-0.013037
2020-10-25 20:00:45,-0.072151,-0.072151
2020-10-25 21:00:15,-0.097361,-0.097361
2020-10-25 21:00:45,0.053225,0.053225
2020-10-25 22:00:15,,0.206796755
2020-10-25 22:00:45,-0.14624,-0.14624
2020-10-25 23:00:15,,0.1695781275
2020-10-25 23:00:45,,0.3635195050000001
2020-10-26 00:00:15,,0.38302822
2020-10-26 00:00:45,,0.31580506499999994
2020-10-26 01:00:15,,0.4088459725000001
2020-10-26 01:00:45,,0.4124343100000001
2020-10-26 02:00:15,,0.45484207000000026
2020-10-26 02:00:45,,0.37395851750000003
2020-10-26 03:00:15,,0.033556754999999994
2020-10-26 03:00:45,,0.08894212749999998
2020-10-26 04:00:15,,-0.0860815625
2020-10-26 04:00:45,,-0.10025001250000001
2020-10-26 05:00:15,-0.17637,-0.17637
2020-10-26 05:00:45,,-0.07219629250000001
2020-10-26 06:00:15,,0.02459115000000001
2020-10-26 06:00:45,-0.52732,-0.52732
2020-10-26 07:00:15,-0.24703,-0.24703
2020-10-26 07:00:45,-0.60855,-0.60855
2020-10-26 08:00:15,-0.71681,-0.71681
2020-10-26 08:00:45,-0.2394,-0.2394
2020-10-26 09:00:15,-0.37941,-0.37941
2020-10-26 09:00:45,-0.60181,-0.60181
2020-10-26 10:00:15,-0.36259,-0.36259
2020-10-26 10:00:45,-0.43724,-0.43724
2020-10-26 11:00:15,-0.27299,-0.27299
2020-10-26 11:00:45,-0.32428,-0.32428
2020-10-26 12:00:15,-0.30016,-0.30016
2020-10-26 12:00:45,0.17064,0.17064
2020-10-26 13:00:15,1.2839,1.2839
2020-10-26 13:00:45,1.3795,1.3795
2020-10-26 14:00:15,1.0682,1.0682
2020-10-26 14:00:45,1.1997,1.1997
2020-10-26 15:00:15,1.0189,1.0189
2020-10-26 15:00:45,0.97122,0.97122
2020-10-26 16:00:15,0.26423,0.26423
2020-10-26 16:00:45,0.16566,0.16566
2020-10-26 17:00:15,,0.5032788525
2020-10-26 17:00:45,,0.7819991824999999
2020-10-26 18:00:15,,0.6734732349999997
2020-10-26 18:00:45,0.58671,0.58671
2020-10-26 19:00:15,1.74,1.74
2020-10-26 19:00:45,,0.6556399599999999
2020-10-26 20:00:15,,0.7334587499999997
2020-10-26 20:00:45,0.40711,0.40711
2020-10-26 21:00:15,0.32332,0.32332
2020-10-26 21:00:45,0.79897,0.79897
2020-10-26 22:00:15,0.93819,0.93819
2020-10-26 22:00:45,1.2756,1.2756
2020-10-26 23:00:15,0.39704,0.39704
2020-10-26 23:00:45,0.38837,0.38837
2020-10-27 00:00:15,2.0819,2.0819
2020-10-27 00:00:45,0.71911,0.71911
2020-10-27 01:00:15,0.68196,0.68196
2020-10-27 01:00:45,0.67358,0.67358
2020-10-27 02:00:15,0.7815,0.7815
2020-10-27 02:00:45,0.43265,0.43265
2020-10-27 03:00:15,1.1493,1.1493
2020-10-27 03:00:45,0.36922,0.36922
2020-10-27 04:00:15,0.37914,0.37914
2020-10-27 04:00:45,0.54181,0.54181
2020-10-27 05:00:15,0.69099,0.69099
2020-10-27 05:00:45,0.82082,0.82082
2020-10-27 06:00:15,0.70208,0.70208
2020-10-27 06:00:45,0.70695,0.70695
2020-10-27 07:00:15,1.5292,1.5292
2020-10-27 07:00:45,1.042,1.042
2020-10-27 08:00:15,1.3877,1.3877
2020-10-27 08:00:45,1.0487,1.0487
2020-10-27 09:00:15,0.95097,0.95097
2020-10-27 09:00:45,,0.97493005
2020-10-27 10:00:15,,1.0111917
2020-10-27 10:00:45,,1.0005761499999997
2020-10-27 11:00:15,1.5158,1.5158
2020-10-27 11:00:45,1.56,1.56
2020-10-27 12:00:15,1.1164,1.1164
2020-10-27 12:00:45,0.82694,0.82694
2020-10-27 13:00:15,0.90696,0.90696
2020-10-27 13:00:45,1.2767,1.2767
2020-10-27 14:00:15,1.5399,1.5399
2020-10-27 14:00:45,1.4555,1.4555
2020-10-27 15:00:15,1.4186,1.4186
2020-10-27 15:00:45,1.2893,1.2893
2020-10-27 16:00:15,1.1628,1.1628
2020-10-27 16:00:45,0.41691,0.41691
2020-10-27 17:00:15,0.48343,0.48343
2020-10-27 17:00:45,0.39041,0.39041
2020-10-27 18:00:15,0.39929,0.39929
2020-10-27 18:00:45,0.32819,0.32819
2020-10-27 19:00:15,0.30187,0.30187
2020-10-27 19:00:45,0.52915,0.52915
2020-10-27 20:00:15,0.30869,0.30869
2020-10-27 20:00:45,0.37374,0.37374
2020-10-27 21:00:15,,0.38987297249999997
2020-10-27 21:00:45,0.53103,0.53103
2020-10-27 22:00:15,0.42414,0.42414
2020-10-27 22:00:45,,0.384459805
2020-10-27 23:00:15,0.54906,0.54906
2020-10-27 23:00:45,0.48285,0.48285
2020-10-28 00:00:15,0.39249,0.39249
2020-10-28 00:00:45,0.33463,0.33463
2020-10-28 01:00:15,0.36253,0.36253
2020-10-28 01:00:45,0.15242,0.15242
2020-10-28 02:00:15,0.43645,0.43645
2020-10-28 02:00:45,0.42945,0.42945
2020-10-28 03:00:15,-0.17238,-0.17238
2020-10-28 03:00:45,,0.4233261924999999
2020-10-28 04:00:15,,0.5088994375
2020-10-28 04:00:45,,0.4653924
2020-10-28 05:00:15,,0.4710226
2020-10-28 05:00:45,,0.4922574225
2020-10-28 06:00:15,,0.41407291749999997
2020-10-28 06:00:45,,0.6256781450000002
2020-10-28 07:00:15,,0.7253699100000002
2020-10-28 07:00:45,,0.8297939624999999
2020-10-28 08:00:15,,0.7161688350000002
2020-10-28 08:00:45,,0.5499974125
2020-10-28 09:00:15,,0.02101490250000001
2020-10-28 09:00:45,,0.01439841499999999
2020-10-28 10:00:15,,0.052196674999999984
2020-10-28 10:00:45,0.27842,0.27842
2020-10-28 11:00:15,-0.29604,-0.29604
2020-10-28 11:00:45,0.74854,0.74854
2020-10-28 12:00:15,0.74659,0.74659
2020-10-28 12:00:45,0.93191,0.93191
2020-10-28 13:00:15,1.024,1.024
2020-10-28 13:00:45,0.58031,0.58031
2020-10-28 14:00:15,0.57631,0.57631
2020-10-28 14:00:45,0.12533,0.12533
2020-10-28 15:00:15,0.25303,0.25303
2020-10-28 15:00:45,0.066737,0.066737
2020-10-28 16:00:15,0.18636,0.18636
2020-10-28 16:00:45,0.11492,0.11492
2020-10-28 17:00:15,-0.080172,-0.080172
2020-10-28 17:00:45,-0.14027,-0.14027
2020-10-28 18:00:15,-0.15248,-0.15248
2020-10-28 18:00:45,0.027368,0.027368
2020-10-28 19:00:15,-0.023096,-0.023096
2020-10-28 19:00:45,-0.12335,-0.12335
2020-10-28 20:00:15,-0.075495,-0.075495
2020-10-28 20:00:45,,-0.039600930000000006
2020-10-28 21:00:15,-0.015572,-0.015572
2020-10-28 21:00:45,0.06866,0.06866
2020-10-28 22:00:15,,-0.04782950999999999
2020-10-28 22:00:45,-0.03274,-0.03274
2020-10-28 23:00:15,,-0.03485038249999999
2020-10-28 23:00:45,-0.059017,-0.059017
2020-10-29 00:00:15,-0.012922,-0.012922
2020-10-29 00:00:45,-0.16281,-0.16281
2020-10-29 01:00:15,0.003171,0.003171
2020-10-29 01:00:45,0.022528,0.022528
2020-10-29 02:00:15,-0.039831,-0.039831
2020-10-29 02:00:45,-0.003073,-0.003073
2020-10-29 03:00:15,-0.10925,-0.10925
2020-10-29 03:00:45,-0.086294,-0.086294
2020-10-29 04:00:15,-0.009311,-0.009311
2020-10-29 04:00:45,0.014327,0.014327
2020-10-29 05:00:15,-0.11456,-0.11456
2020-10-29 05:00:45,,-0.012085192500000005
2020-10-29 06:00:15,0.30882,0.30882
2020-10-29 06:00:45,-0.066899,-0.066899
2020-10-29 07:00:15,0.74145,0.74145
2020-10-29 07:00:45,0.19223,0.19223
2020-10-29 08:00:15,0.39879,0.39879
2020-10-29 08:00:45,-0.60713,-0.60713
2020-10-29 09:00:15,-0.42204,-0.42204
2020-10-29 09:00:45,-0.75951,-0.75951
2020-10-29 10:00:15,-0.059657,-0.059657
2020-10-29 10:00:45,-0.3319,-0.3319
2020-10-29 11:00:15,0.31461,0.31461
2020-10-29 11:00:45,1.2899,1.2899
2020-10-29 12:00:15,0.65647,0.65647
2020-10-29 12:00:45,0.068768,0.068768
2020-10-29 13:00:15,1.4531,1.4531
2020-10-29 13:00:45,1.0981,1.0981
2020-10-29 14:00:15,1.1482,1.1482
2020-10-29 14:00:45,0.8218,0.8218
2020-10-29 15:00:15,0.6781,0.6781
2020-10-29 15:00:45,0.6339,0.6339
2020-10-29 16:00:15,0.24836,0.24836
2020-10-29 16:00:45,0.19937,0.19937
2020-10-29 17:00:15,0.10061,0.10061
2020-10-29 17:00:45,0.20849,0.20849
2020-10-29 18:00:15,0.17008,0.17008
2020-10-29 18:00:45,0.094467,0.094467
2020-10-29 19:00:15,0.10028,0.10028
2020-10-29 19:00:45,-0.064988,-0.064988
2020-10-29 20:00:15,-0.057606,-0.057606
2020-10-29 20:00:45,-0.073526,-0.073526
2020-10-29 21:00:15,-0.12729,-0.12729
2020-10-29 21:00:45,-0.10371,-0.10371
2020-10-29 22:00:15,-0.028683,-0.028683
2020-10-29 22:00:45,-0.15706,-0.15706
2020-10-29 23:00:15,-0.19315,-0.19315
2020-10-29 23:00:45,-0.19589,-0.19589
2020-10-30 00:00:15,,-0.13741926
2020-10-30 00:00:45,-0.13383,-0.13383
2020-10-30 01:00:15,0.55568,0.55568
2020-10-30 01:00:45,-0.060021,-0.060021
2020-10-30 02:00:15,-0.012643,-0.012643
2020-10-30 02:00:45,-0.064888,-0.064888
2020-10-30 03:00:15,-0.025458,-0.025458
2020-10-30 03:00:45,-0.039458,-0.039458
2020-10-30 04:00:15,-0.052162,-0.052162
2020-10-30 04:00:45,,-0.0018358775000000016
2020-10-30 05:00:15,,-0.026666867500000007
2020-10-30 05:00:45,,-0.005693487499999999
2020-10-30 06:00:15,-0.039642,-0.039642
2020-10-30 06:00:45,0.001213,0.001213
2020-10-30 07:00:15,-0.014328,-0.014328
2020-10-30 07:00:45,0.026442,0.026442
2020-10-30 08:00:15,-0.17942,-0.17942
2020-10-30 08:00:45,0.082002,0.082002
2020-10-30 09:00:15,1.353,1.353
2020-10-30 09:00:45,0.34688,0.34688
2020-10-30 10:00:15,0.98131,0.98131
2020-10-30 10:00:45,0.12421,0.12421
2020-10-30 11:00:15,1.3216,1.3216
2020-10-30 11:00:45,,0.65966308
2020-10-30 12:00:15,1.1017,1.1017
2020-10-30 12:00:45,0.74948,0.74948
2020-10-30 13:00:15,0.93215,0.93215
2020-10-30 13:00:45,0.42509,0.42509
2020-10-30 14:00:15,0.7564,0.7564
2020-10-30 14:00:45,0.47302,0.47302
2020-10-30 15:00:15,0.52727,0.52727
2020-10-30 15:00:45,0.46148,0.46148
2020-10-30 16:00:15,0.34362,0.34362
2020-10-30 16:00:45,0.21635,0.21635
2020-10-30 17:00:15,0.087324,0.087324
2020-10-30 17:00:45,0.030471,0.030471
2020-10-30 18:00:15,-0.030642,-0.030642
2020-10-30 18:00:45,-0.17584,-0.17584
2020-10-30 19:00:15,-0.071598,-0.071598
2020-10-30 19:00:45,0.01037,0.01037
2020-10-30 20:00:15,-0.037822,-0.037822
2020-10-30 20:00:45,0.080349,0.080349
2020-10-30 21:00:15,0.022196,0.022196
2020-10-30 21:00:45,-0.028185,-0.028185
2020-10-30 22:00:15,-0.030909,-0.030909
2020-10-30 22:00:45,-0.07797,-0.07797
2020-10-30 23:00:15,-0.093266,-0.093266
2020-10-30 23:00:45,-0.19073,-0.19073
2020-10-31 00:00:15,-0.11611,-0.11611
2020-10-31 00:00:45,-0.13988,-0.13988
2020-10-31 01:00:15,-0.16124,-0.16124
2020-10-31 01:00:45,-0.025501,-0.025501
2020-10-31 02:00:15,-0.004828,-0.004828
2020-10-31 02:00:45,,0.022789305
2020-10-31 03:00:15,-0.13597,-0.13597
2020-10-31 03:00:45,-0.075342,-0.075342
2020-10-31 04:00:15,-0.01991,-0.01991
2020-10-31 04:00:45,-0.010918,-0.010918
2020-10-31 05:00:15,-0.063083,-0.063083
2020-10-31 05:00:45,-0.087892,-0.087892
2020-10-31 06:00:15,-0.095693,-0.095693
2020-10-31 06:00:45,-0.08079,-0.08079
2020-10-31 07:00:15,-0.39019,-0.39019
2020-10-31 07:00:45,,-0.3154418425
2020-10-31 08:00:15,-1.2035,-1.2035
2020-10-31 08:00:45,-0.5016,-0.5016
2020-10-31 09:00:15,0.49532,0.49532
2020-10-31 09:00:45,0.54083,0.54083
2020-10-31 10:00:15,-0.38378,-0.38378
2020-10-31 10:00:45,-0.18488,-0.18488
2020-10-31 11:00:15,0.36995,0.36995
2020-10-31 11:00:45,0.18528,0.18528
2020-10-31 12:00:15,0.55983,0.55983
2020-10-31 12:00:45,0.80736,0.80736
2020-10-31 13:00:15,0.60981,0.60981
2020-10-31 13:00:45,0.5232,0.5232
2020-10-31 14:00:15,0.16134,0.16134
2020-10-31 14:00:45,-0.018222,-0.018222
2020-10-31 15:00:15,0.099627,0.099627
2020-10-31 15:00:45,0.12312,0.12312
2020-10-31 16:00:15,0.15807,0.15807
2020-10-31 16:00:45,-0.020299,-0.020299
2020-10-31 17:00:15,-0.081402,-0.081402
2020-10-31 17:00:45,0.005599,0.005599
2020-10-31 18:00:15,-0.067319,-0.067319
2020-10-31 18:00:45,-0.12153,-0.12153
2020-10-31 19:00:15,-0.038897,-0.038897
2020-10-31 19:00:45,-0.092978,-0.092978
2020-10-31 20:00:15,-0.074736,-0.074736
2020-10-31 20:00:45,-0.11736,-0.11736
2020-10-31 21:00:15,-0.0708,-0.0708
2020-10-31 21:00:45,0.037006,0.037006
2020-10-31 22:00:15,-0.12041,-0.12041
2020-10-31 22:00:45,0.13326,0.13326
2020-10-31 23:00:15,0.057334,0.057334
2020-10-31 23:00:45,-0.090078,-0.090078
2020-11-01 00:00:15,-0.025021,-0.025021
2020-11-01 00:00:45,0.27498,0.27498
2020-11-01 01:00:15,0.14099,0.14099
2020-11-01 01:00:45,0.37084,0.37084
2020-11-01 02:00:15,0.065231,0.065231
2020-11-01 02:00:45,-0.16217,-0.16217
2020-11-01 03:00:15,-0.018068,-0.018068
2020-11-01 03:00:45,-0.088408,-0.088408
2020-11-01 04:00:15,0.13727,0.13727
2020-11-01 04:00:45,0.44068,0.44068
2020-11-01 05:00:15,0.42101,0.42101
2020-11-01 05:00:45,,0.011921092500000004
2020-11-01 06:00:15,-0.006762,-0.006762
2020-11-01 06:00:45,-0.20252,-0.20252
2020-11-01 07:00:15,-0.29757,-0.29757
2020-11-01 07:00:45,-0.20861,-0.20861
2020-11-01 08:00:15,0.47994,0.47994
2020-11-01 08:00:45,-0.11839,-0.11839
2020-11-01 09:00:15,0.32495,0.32495
2020-11-01 09:00:45,0.20801,0.20801
2020-11-01 10:00:15,0.97552,0.97552
2020-11-01 10:00:45,0.716,0.716
2020-11-01 11:00:15,0.77615,0.77615
2020-11-01 11:00:45,0.52061,0.52061
2020-11-01 12:00:15,-1.0567,-1.0567
2020-11-01 12:00:45,0.21289,0.21289
2020-11-01 13:00:15,0.81245,0.81245
2020-11-01 13:00:45,0.75517,0.75517
2020-11-01 14:00:15,0.60832,0.60832
2020-11-01 14:00:45,0.53162,0.53162
2020-11-01 15:00:15,0.1352,0.1352
2020-11-01 15:00:45,0.16075,0.16075
2020-11-01 16:00:15,0.099529,0.099529
2020-11-01 16:00:45,-0.013835,-0.013835
2020-11-01 17:00:15,-0.008244,-0.008244
2020-11-01 17:00:45,-0.10732,-0.10732
2020-11-01 18:00:15,-0.038912,-0.038912
2020-11-01 18:00:45,-0.032118,-0.032118
2020-11-01 19:00:15,-0.13615,-0.13615
2020-11-01 19:00:45,-0.065785,-0.065785
2020-11-01 20:00:15,-0.035731,-0.035731
2020-11-01 20:00:45,-0.046516,-0.046516
2020-11-01 21:00:15,-0.021701,-0.021701
2020-11-01 21:00:45,-0.011905,-0.011905
2020-11-01 22:00:15,-0.025076,-0.025076
2020-11-01 22:00:45,-0.031894,-0.031894
2020-11-01 23:00:15,-0.003621,-0.003621
2020-11-01 23:00:45,,0.0988468375
2020-11-02 00:00:15,0.008011,0.008011
2020-11-02 00:00:45,0.003732,0.003732
2020-11-02 01:00:15,-0.035314,-0.035314
2020-11-02 01:00:45,-0.055759,-0.055759
2020-11-02 02:00:15,-0.001188,-0.001188
2020-11-02 02:00:45,0.1426,0.1426
2020-11-02 03:00:15,,0.0542264625
2020-11-02 03:00:45,0.21748,0.21748
2020-11-02 04:00:15,,0.04157917
2020-11-02 04:00:45,,0.054587212499999996
2020-11-02 05:00:15,-0.025607,-0.025607
2020-11-02 05:00:45,-0.073335,-0.073335
2020-11-02 06:00:15,-0.11472,-0.11472
2020-11-02 06:00:45,,-0.09051557750000004
2020-11-02 07:00:15,-0.5553,-0.5553
2020-11-02 07:00:45,0.18851,0.18851
2020-11-02 08:00:15,0.5313,0.5313
2020-11-02 08:00:45,0.29103,0.29103
2020-11-02 09:00:15,0.86899,0.86899
2020-11-02 09:00:45,-0.5591,-0.5591
2020-11-02 10:00:15,0.45887,0.45887
2020-11-02 10:00:45,0.99386,0.99386
2020-11-02 11:00:15,1.0236,1.0236
2020-11-02 11:00:45,1.0661,1.0661
2020-11-02 12:00:15,0.094015,0.094015
2020-11-02 12:00:45,0.76771,0.76771
2020-11-02 13:00:15,-0.1419,-0.1419
2020-11-02 13:00:45,0.41527,0.41527
2020-11-02 14:00:15,-0.63776,-0.63776
2020-11-02 14:00:45,-0.06753,-0.06753
2020-11-02 15:00:15,0.049226,0.049226
2020-11-02 15:00:45,0.042369,0.042369
2020-11-02 16:00:15,0.031253,0.031253
2020-11-02 16:00:45,-0.23632,-0.23632
2020-11-02 17:00:15,-0.035657,-0.035657
2020-11-02 17:00:45,-0.043954,-0.043954
2020-11-02 18:00:15,-0.1958,-0.1958
2020-11-02 18:00:45,-0.069184,-0.069184
2020-11-02 19:00:15,-0.055207,-0.055207
2020-11-02 19:00:45,-0.039499,-0.039499
2020-11-02 20:00:15,-0.1181,-0.1181
2020-11-02 20:00:45,-0.042735,-0.042735
2020-11-02 21:00:15,-0.024697,-0.024697
2020-11-02 21:00:45,-0.11528,-0.11528
2020-11-02 22:00:15,-0.10622,-0.10622
2020-11-02 22:00:45,-0.17963,-0.17963
2020-11-02 23:00:15,-0.10588,-0.10588
2020-11-02 23:00:45,-0.008638,-0.008638
2020-11-03 00:00:15,0.001311,0.001311
2020-11-03 00:00:45,,0.0038631274999999955
2020-11-03 01:00:15,,0.0294201275
2020-11-03 01:00:45,0.015693,0.015693
2020-11-03 02:00:15,0.070621,0.070621
2020-11-03 02:00:45,0.019932,0.019932
2020-11-03 03:00:15,,0.0193754525
2020-11-03 03:00:45,0.072748,0.072748
2020-11-03 04:00:15,0.29325,0.29325
2020-11-03 04:00:45,0.29536,0.29536
2020-11-03 05:00:15,0.072502,0.072502
2020-11-03 05:00:45,-0.07671,-0.07671
2020-11-03 06:00:15,,-0.011747455000000002
2020-11-03 06:00:45,-0.35419,-0.35419
2020-11-03 07:00:15,0.52741,0.52741
2020-11-03 07:00:45,-1.2025,-1.2025
2020-11-03 08:00:15,-0.98992,-0.98992
2020-11-03 08:00:45,0.047683,0.047683
2020-11-03 09:00:15,,0.17542249999999993
2020-11-03 09:00:45,,0.4119273450000001
2020-11-03 10:00:15,0.015367,0.015367
2020-11-03 10:00:45,,0.29327741999999996
2020-11-03 11:00:15,-0.62159,-0.62159
2020-11-03 11:00:45,0.49301,0.49301
2020-11-03 12:00:15,0.29881,0.29881
2020-11-03 12:00:45,0.64365,0.64365
2020-11-03 13:00:15,0.62046,0.62046
2020-11-03 13:00:45,0.39515,0.39515
2020-11-03 14:00:15,0.4051,0.4051
2020-11-03 14:00:45,0.028335,0.028335
2020-11-03 15:00:15,0.15006,0.15006
2020-11-03 15:00:45,0.014127,0.014127
2020-11-03 16:00:15,-0.016687,-0.016687
2020-11-03 16:00:45,0.021831,0.021831
2020-11-03 17:00:15,-0.097625,-0.097625
2020-11-03 17:00:45,-0.027429,-0.027429
2020-11-03 18:00:15,-0.085929,-0.085929
2020-11-03 18:00:45,-0.16992,-0.16992
2020-11-03 19:00:15,-0.15107,-0.15107
2020-11-03 19:00:45,-0.13844,-0.13844
2020-11-03 20:00:15,-0.13269,-0.13269
2020-11-03 20:00:45,-0.058829,-0.058829
2020-11-03 21:00:15,-0.19204,-0.19204
2020-11-03 21:00:45,-0.15085,-0.15085
2020-11-03 22:00:15,-0.14648,-0.14648
2020-11-03 22:00:45,-0.13553,-0.13553
2020-11-03 23:00:15,,0.08329939000000001
2020-11-03 23:00:45,-0.14535,-0.14535
2020-11-04 00:00:15,0.094335,0.094335
2020-11-04 00:00:45,,-0.10345571
2020-11-04 01:00:15,-0.06503,-0.06503
2020-11-04 01:00:45,-0.019645,-0.019645
2020-11-04 02:00:15,-0.067067,-0.067067
2020-11-04 02:00:45,-0.077391,-0.077391
2020-11-04 03:00:15,-0.15472,-0.15472
2020-11-04 03:00:45,-0.1732,-0.1732
2020-11-04 04:00:15,-0.12292,-0.12292
2020-11-04 04:00:45,-0.10235,-0.10235
2020-11-04 05:00:15,-0.065349,-0.065349
2020-11-04 05:00:45,,0.0747837375
2020-11-04 06:00:15,,-0.019939897499999994
2020-11-04 06:00:45,0.59028,0.59028
2020-11-04 07:00:15,-0.33337,-0.33337
2020-11-04 07:00:45,,-0.18084549749999998
2020-11-04 08:00:15,-0.10126,-0.10126
2020-11-04 08:00:45,-0.41663,-0.41663
2020-11-04 09:00:15,-0.50667,-0.50667
2020-11-04 09:00:45,0.85448,0.85448
2020-11-04 10:00:15,0.20413,0.20413
2020-11-04 10:00:45,0.20552,0.20552
2020-11-04 11:00:15,0.55893,0.55893
2020-11-04 11:00:45,0.60299,0.60299
2020-11-04 12:00:15,0.46956,0.46956
2020-11-04 12:00:45,1.1521,1.1521
2020-11-04 13:00:15,0.1388,0.1388
2020-11-04 13:00:45,-0.086892,-0.086892
2020-11-04 14:00:15,0.078669,0.078669
2020-11-04 14:00:45,0.25022,0.25022
2020-11-04 15:00:15,0.14257,0.14257
2020-11-04 15:00:45,-0.073876,-0.073876
2020-11-04 16:00:15,0.034195,0.034195
2020-11-04 16:00:45,-0.077484,-0.077484
2020-11-04 17:00:15,,-0.049908327499999995
2020-11-04 17:00:45,0.025772,0.025772
2020-11-04 18:00:15,0.020377,0.020377
2020-11-04 18:00:45,0.007255,0.007255
2020-11-04 19:00:15,-0.025285,-0.025285
2020-11-04 19:00:45,,-0.04628517749999999
2020-11-04 20:00:15,-0.053276,-0.053276
2020-11-04 20:00:45,0.096644,0.096644
2020-11-04 21:00:15,,-0.013852872499999998
2020-11-04 21:00:45,-0.10357,-0.10357
2020-11-04 22:00:15,-0.070404,-0.070404
2020-11-04 22:00:45,-0.08453,-0.08453
2020-11-04 23:00:15,-0.1624,-0.1624
2020-11-04 23:00:45,-0.008002,-0.008002
2020-11-05 00:00:15,-0.033372,-0.033372
2020-11-05 00:00:45,-0.12374,-0.12374
2020-11-05 01:00:15,-0.047021,-0.047021
2020-11-05 01:00:45,,-0.0884760625
2020-11-05 02:00:15,-0.14246,-0.14246
2020-11-05 02:00:45,-0.1632,-0.1632
2020-11-05 03:00:15,-0.053861,-0.053861
2020-11-05 03:00:45,-0.016481,-0.016481
2020-11-05 04:00:15,-0.19524,-0.19524
2020-11-05 04:00:45,,-0.07054068749999999
2020-11-05 05:00:15,-0.10412,-0.10412
2020-11-05 05:00:45,0.19454,0.19454
2020-11-05 06:00:15,-0.066171,-0.066171
2020-11-05 06:00:45,-0.053894,-0.053894
2020-11-05 07:00:15,-0.15103,-0.15103
2020-11-05 07:00:45,-0.77407,-0.77407
2020-11-05 08:00:15,-0.61053,-0.61053
2020-11-05 08:00:45,-0.3015,-0.3015
2020-11-05 09:00:15,-0.29763,-0.29763
2020-11-05 09:00:45,0.21795,0.21795
2020-11-05 10:00:15,0.15134,0.15134
2020-11-05 10:00:45,0.25808,0.25808
2020-11-05 11:00:15,0.66248,0.66248
2020-11-05 11:00:45,-0.34287,-0.34287
2020-11-05 12:00:15,0.047004,0.047004
2020-11-05 12:00:45,0.039194,0.039194
2020-11-05 13:00:15,0.003315,0.003315
2020-11-05 13:00:45,0.24218,0.24218
2020-11-05 14:00:15,0.47142,0.47142
2020-11-05 14:00:45,-0.10773,-0.10773
2020-11-05 15:00:15,0.094448,0.094448
2020-11-05 15:00:45,0.25501,0.25501
2020-11-05 16:00:15,0.12851,0.12851
2020-11-05 16:00:45,0.027685,0.027685
2020-11-05 17:00:15,-0.019995,-0.019995
2020-11-05 17:00:45,-0.005077,-0.005077
2020-11-05 18:00:15,-0.16259,-0.16259
2020-11-05 18:00:45,-0.11922,-0.11922
2020-11-05 19:00:15,-0.080235,-0.080235
2020-11-05 19:00:45,-0.070511,-0.070511
2020-11-05 20:00:15,-0.14827,-0.14827
2020-11-05 20:00:45,-0.12652,-0.12652
2020-11-05 21:00:15,-0.10337,-0.10337
2020-11-05 21:00:45,-0.022415,-0.022415
2020-11-05 22:00:15,0.093993,0.093993
2020-11-05 22:00:45,-0.13715,-0.13715
2020-11-05 23:00:15,-0.136,-0.136
2020-11-05 23:00:45,-0.15187,-0.15187
2020-11-06 00:00:15,-0.083728,-0.083728
2020-11-06 00:00:45,-0.003945,-0.003945
2020-11-06 01:00:15,-0.024513,-0.024513
2020-11-06 01:00:45,-0.075049,-0.075049
2020-11-06 02:00:15,-0.075448,-0.075448
2020-11-06 02:00:45,-0.13424,-0.13424
2020-11-06 03:00:15,,0.07776973250000002
2020-11-06 03:00:45,-0.10898,-0.10898
2020-11-06 04:00:15,,-0.015222044999999997
2020-11-06 04:00:45,,0.007634609999999995
2020-11-06 05:00:15,,0.043443525000000004
2020-11-06 05:00:45,,-0.015206705000000001
2020-11-06 06:00:15,-0.037702,-0.037702
2020-11-06 06:00:45,0.31111,0.31111
2020-11-06 07:00:15,-0.21032,-0.21032
2020-11-06 07:00:45,-0.34958,-0.34958
2020-11-06 08:00:15,-0.25788,-0.25788
2020-11-06 08:00:45,0.81126,0.81126
2020-11-06 09:00:15,0.2753,0.2753
2020-11-06 09:00:45,0.11623,0.11623
2020-11-06 10:00:15,,-0.03922237
2020-11-06 10:00:45,0.93452,0.93452
2020-11-06 11:00:15,0.55485,0.55485
2020-11-06 11:00:45,0.15549,0.15549
2020-11-06 12:00:15,0.12705,0.12705
2020-11-06 12:00:45,0.27953,0.27953
2020-11-06 13:00:15,0.47681,0.47681
2020-11-06 13:00:45,0.29837,0.29837
2020-11-06 14:00:15,0.37183,0.37183
2020-11-06 14:00:45,0.29737,0.29737
2020-11-06 15:00:15,0.26021,0.26021
2020-11-06 15:00:45,0.22346,0.22346
2020-11-06 16:00:15,0.30647,0.30647
2020-11-06 16:00:45,0.1882,0.1882
2020-11-06 17:00:15,0.087242,0.087242
2020-11-06 17:00:45,0.007849,0.007849
2020-11-06 18:00:15,0.24174,0.24174
2020-11-06 18:00:45,0.22978,0.22978
2020-11-06 19:00:15,0.24702,0.24702
2020-11-06 19:00:45,0.092812,0.092812
2020-11-06 20:00:15,0.038322,0.038322
2020-11-06 20:00:45,0.019237,0.019237
2020-11-06 21:00:15,-0.055893,-0.055893
2020-11-06 21:00:45,0.015171,0.015171
2020-11-06 22:00:15,0.012128,0.012128
2020-11-06 22:00:45,-0.11234,-0.11234
2020-11-06 23:00:15,-0.062538,-0.062538
2020-11-06 23:00:45,-0.022845,-0.022845
2020-11-07 00:00:15,-0.007521,-0.007521
2020-11-07 00:00:45,0.065587,0.065587
2020-11-07 01:00:15,0.1728,0.1728
2020-11-07 01:00:45,0.26996,0.26996
2020-11-07 02:00:15,0.20938,0.20938
2020-11-07 02:00:45,0.13438,0.13438
2020-11-07 03:00:15,0.095083,0.095083
2020-11-07 03:00:45,0.048892,0.048892
2020-11-07 04:00:15,0.020799,0.020799
2020-11-07 04:00:45,0.11811,0.11811
2020-11-07 05:00:15,0.091828,0.091828
2020-11-07 05:00:45,-0.045251,-0.045251
2020-11-07 06:00:15,0.021163,0.021163
2020-11-07 06:00:45,-0.09363,-0.09363
2020-11-07 07:00:15,-0.23786,-0.23786
2020-11-07 07:00:45,-0.33292,-0.33292
2020-11-07 08:00:15,-0.25121,-0.25121
2020-11-07 08:00:45,-0.078814,-0.078814
2020-11-07 09:00:15,0.4939,0.4939
2020-11-07 09:00:45,0.31528,0.31528
2020-11-07 10:00:15,0.12767,0.12767
2020-11-07 10:00:45,0.62298,0.62298
2020-11-07 11:00:15,0.57409,0.57409
2020-11-07 11:00:45,0.22178,0.22178
2020-11-07 12:00:15,0.46975,0.46975
2020-11-07 12:00:45,0.47409,0.47409
2020-11-07 13:00:15,0.80952,0.80952
2020-11-07 13:00:45,1.1649,1.1649
2020-11-07 14:00:15,0.87943,0.87943
2020-11-07 14:00:45,0.76907,0.76907
2020-11-07 15:00:15,1.59,1.59
2020-11-07 15:00:45,1.4451,1.4451
2020-11-07 16:00:15,1.0428,1.0428
2020-11-07 16:00:45,0.87397,0.87397
2020-11-07 17:00:15,0.55473,0.55473
2020-11-07 17:00:45,0.39329,0.39329
2020-11-07 18:00:15,0.30404,0.30404
2020-11-07 18:00:45,0.46598,0.46598
2020-11-07 19:00:15,0.7385,0.7385
2020-11-07 19:00:45,0.45673,0.45673
2020-11-07 20:00:15,1.115,1.115
2020-11-07 20:00:45,0.58208,0.58208
2020-11-07 21:00:15,0.40901,0.40901
2020-11-07 21:00:45,0.42902,0.42902
2020-11-07 22:00:15,0.66682,0.66682
2020-11-07 22:00:45,0.66414,0.66414
2020-11-07 23:00:15,0.90604,0.90604
2020-11-07 23:00:45,0.69284,0.69284
2020-11-08 00:00:15,0.72943,0.72943
2020-11-08 00:00:45,1.0783,1.0783
2020-11-08 01:00:15,1.5787,1.5787
2020-11-08 01:00:45,1.0224,1.0224
2020-11-08 02:00:15,0.58744,0.58744
2020-11-08 02:00:45,0.40743,0.40743
2020-11-08 03:00:15,2.2194,2.2194
2020-11-08 03:00:45,0.79296,0.79296
2020-11-08 04:00:15,0.43334,0.43334
2020-11-08 04:00:45,0.12609,0.12609
2020-11-08 05:00:15,0.39003,0.39003
2020-11-08 05:00:45,,0.0681890975
2020-11-08 06:00:15,-0.017507,-0.017507
2020-11-08 06:00:45,-0.056981,-0.056981
2020-11-08 07:00:15,-0.20041,-0.20041
2020-11-08 07:00:45,-0.25136,-0.25136
2020-11-08 08:00:15,-0.21363,-0.21363
2020-11-08 08:00:45,-0.51364,-0.51364
2020-11-08 09:00:15,-0.60924,-0.60924
2020-11-08 09:00:45,-0.4927,-0.4927
2020-11-08 10:00:15,-0.62758,-0.62758
2020-11-08 10:00:45,-0.43983,-0.43983
2020-11-08 11:00:15,-0.042185,-0.042185
2020-11-08 11:00:45,0.15737,0.15737
2020-11-08 12:00:15,0.25344,0.25344
2020-11-08 12:00:45,0.819,0.819
2020-11-08 13:00:15,1.1277,1.1277
2020-11-08 13:00:45,0.89263,0.89263
2020-11-08 14:00:15,1.1203,1.1203
2020-11-08 14:00:45,1.2556,1.2556
2020-11-08 15:00:15,1.5264,1.5264
2020-11-08 15:00:45,1.4524,1.4524
2020-11-08 16:00:15,1.0652,1.0652
2020-11-08 16:00:45,1.5433,1.5433
2020-11-08 17:00:15,1.1613,1.1613
2020-11-08 17:00:45,0.83499,0.83499
2020-11-08 18:00:15,0.37391,0.37391
2020-11-08 18:00:45,0.62457,0.62457
2020-11-08 19:00:15,0.49126,0.49126
2020-11-08 19:00:45,1.1222,1.1222
2020-11-08 20:00:15,1.1102,1.1102
2020-11-08 20:00:45,1.1078,1.1078
2020-11-08 21:00:15,1.1542,1.1542
2020-11-08 21:00:45,1.2916,1.2916
2020-11-08 22:00:15,1.1554,1.1554
2020-11-08 22:00:45,1.1376,1.1376
2020-11-08 23:00:15,1.4766,1.4766
2020-11-08 23:00:45,1.5835,1.5835
2020-11-09 00:00:15,0.99829,0.99829
2020-11-09 00:00:45,0.57741,0.57741
2020-11-09 01:00:15,0.65128,0.65128
2020-11-09 01:00:45,0.67348,0.67348
2020-11-09 02:00:15,0.80927,0.80927
2020-11-09 02:00:45,0.69014,0.69014
2020-11-09 03:00:15,0.48986,0.48986
2020-11-09 03:00:45,0.42837,0.42837
2020-11-09 04:00:15,0.30752,0.30752
2020-11-09 04:00:45,0.19085,0.19085
2020-11-09 05:00:15,0.1712,0.1712
2020-11-09 05:00:45,0.16669,0.16669
2020-11-09 06:00:15,-0.064635,-0.064635
2020-11-09 06:00:45,-0.17769,-0.17769
2020-11-09 07:00:15,-0.24662,-0.24662
2020-11-09 07:00:45,-0.35108,-0.35108
2020-11-09 08:00:15,-0.16249,-0.16249
2020-11-09 08:00:45,-0.057336,-0.057336
2020-11-09 09:00:15,-0.033013,-0.033013
2020-11-09 09:00:45,0.065399,0.065399
2020-11-09 10:00:15,0.36188,0.36188
2020-11-09 10:00:45,0.006,0.006
2020-11-09 11:00:15,0.077084,0.077084
2020-11-09 11:00:45,0.082259,0.082259
2020-11-09 12:00:15,-0.037848,-0.037848
2020-11-09 12:00:45,0.12148,0.12148
2020-11-09 13:00:15,-0.5315,-0.5315
2020-11-09 13:00:45,0.69814,0.69814
2020-11-09 14:00:15,0.65161,0.65161
2020-11-09 14:00:45,-0.20876,-0.20876
2020-11-09 15:00:15,0.3343,0.3343
2020-11-09 15:00:45,-0.080616,-0.080616
2020-11-09 16:00:15,0.081668,0.081668
2020-11-09 16:00:45,-0.17354,-0.17354
2020-11-09 17:00:15,0.33817,0.33817
2020-11-09 17:00:45,0.38207,0.38207
2020-11-09 18:00:15,0.29723,0.29723
2020-11-09 18:00:45,0.36903,0.36903
2020-11-09 19:00:15,,0.3662888975
2020-11-09 19:00:45,0.27714,0.27714
2020-11-09 20:00:15,0.000347,0.000347
2020-11-09 20:00:45,0.028156,0.028156
2020-11-09 21:00:15,-0.1943,-0.1943
2020-11-09 21:00:45,,-0.04864520250000001
2020-11-09 22:00:15,,-0.08324819250000001
2020-11-09 22:00:45,,-0.04352302000000001
2020-11-09 23:00:15,-0.16342,-0.16342
2020-11-09 23:00:45,-0.022501,-0.022501
2020-11-10 00:00:15,-0.001102,-0.001102
2020-11-10 00:00:45,0.47422,0.47422
2020-11-10 01:00:15,0.11791,0.11791
2020-11-10 01:00:45,0.005252,0.005252
2020-11-10 02:00:15,0.057592,0.057592
2020-11-10 02:00:45,0.12644,0.12644
2020-11-10 03:00:15,0.28747,0.28747
2020-11-10 03:00:45,0.35811,0.35811
2020-11-10 04:00:15,0.42132,0.42132
2020-11-10 04:00:45,0.014072,0.014072
2020-11-10 05:00:15,0.14986,0.14986
2020-11-10 05:00:45,0.37513,0.37513
2020-11-10 06:00:15,0.34764,0.34764
2020-11-10 06:00:45,0.38878,0.38878
2020-11-10 07:00:15,0.11208,0.11208
2020-11-10 07:00:45,-0.31766,-0.31766
2020-11-10 08:00:15,-1.1051,-1.1051
2020-11-10 08:00:45,-0.52105,-0.52105
2020-11-10 09:00:15,0.43455,0.43455
2020-11-10 09:00:45,0.48161,0.48161
2020-11-10 10:00:15,0.40472,0.40472
2020-11-10 10:00:45,-0.52506,-0.52506
2020-11-10 11:00:15,-0.27935,-0.27935
2020-11-10 11:00:45,-0.55818,-0.55818
2020-11-10 12:00:15,-0.2866,-0.2866
2020-11-10 12:00:45,-0.59694,-0.59694
2020-11-10 13:00:15,-0.17109,-0.17109
2020-11-10 13:00:45,-0.60442,-0.60442
2020-11-10 14:00:15,-0.60142,-0.60142
2020-11-10 14:00:45,-0.94022,-0.94022
2020-11-10 15:00:15,-0.8087,-0.8087
2020-11-10 15:00:45,-1.4576,-1.4576
2020-11-10 16:00:15,-0.72528,-0.72528
2020-11-10 16:00:45,-0.37086,-0.37086
2020-11-10 17:00:15,-0.040828,-0.040828
2020-11-10 17:00:45,-0.021352,-0.021352
2020-11-10 18:00:15,,-0.0550725725
2020-11-10 18:00:45,,-0.03447816749999999
2020-11-10 19:00:15,,-0.04575895
2020-11-10 19:00:45,,-0.08472871000000001
2020-11-10 20:00:15,-0.17631,-0.17631
2020-11-10 20:00:45,,-0.11023812750000005
2020-11-10 21:00:15,-0.1445,-0.1445
2020-11-10 21:00:45,-0.071809,-0.071809
2020-11-10 22:00:15,0.15575,0.15575
2020-11-10 22:00:45,0.18143,0.18143
2020-11-10 23:00:15,-0.074911,-0.074911
2020-11-10 23:00:45,0.019272,0.019272
2020-11-11 00:00:15,0.06389,0.06389
2020-11-11 00:00:45,-0.048862,-0.048862
2020-11-11 01:00:15,0.14549,0.14549
2020-11-11 01:00:45,0.29538,0.29538
2020-11-11 02:00:15,0.28776,0.28776
2020-11-11 02:00:45,0.30565,0.30565
2020-11-11 03:00:15,0.34996,0.34996
2020-11-11 03:00:45,0.4376,0.4376
2020-11-11 04:00:15,0.35873,0.35873
2020-11-11 04:00:45,,0.33962797750000007
2020-11-11 05:00:15,0.20276,0.20276
2020-11-11 05:00:45,0.26909,0.26909
2020-11-11 06:00:15,0.68951,0.68951
2020-11-11 06:00:45,0.36853,0.36853
2020-11-11 07:00:15,0.28486,0.28486
2020-11-11 07:00:45,0.64485,0.64485
2020-11-11 08:00:15,0.42683,0.42683
2020-11-11 08:00:45,0.12317,0.12317
2020-11-11 09:00:15,0.51049,0.51049
2020-11-11 09:00:45,0.41681,0.41681
2020-11-11 10:00:15,0.054944,0.054944
2020-11-11 10:00:45,0.15422,0.15422
2020-11-11 11:00:15,-0.37924,-0.37924
2020-11-11 11:00:45,0.47569,0.47569
2020-11-11 12:00:15,0.32796,0.32796
2020-11-11 12:00:45,0.003893,0.003893
2020-11-11 13:00:15,-0.71301,-0.71301
2020-11-11 13:00:45,0.037954,0.037954
2020-11-11 14:00:15,0.36503,0.36503
2020-11-11 14:00:45,-0.98588,-0.98588
2020-11-11 15:00:15,-0.86677,-0.86677
2020-11-11 15:00:45,-0.16025,-0.16025
2020-11-11 16:00:15,-0.34987,-0.34987
2020-11-11 16:00:45,-0.1631,-0.1631
2020-11-11 17:00:15,-0.031561,-0.031561
2020-11-11 17:00:45,-0.051751,-0.051751
2020-11-11 18:00:15,-0.012026,-0.012026
2020-11-11 18:00:45,0.077895,0.077895
2020-11-11 19:00:15,0.003602,0.003602
2020-11-11 19:00:45,-0.061943,-0.061943
2020-11-11 20:00:15,-0.1024,-0.1024
2020-11-11 20:00:45,-0.070367,-0.070367
2020-11-11 21:00:15,-0.036756,-0.036756
2020-11-11 21:00:45,-0.069259,-0.069259
2020-11-11 22:00:15,0.047635,0.047635
2020-11-11 22:00:45,-0.19129,-0.19129
2020-11-11 23:00:15,-0.16475,-0.16475
2020-11-11 23:00:45,,-0.04610664999999998
2020-11-12 00:00:15,-0.012115,-0.012115
2020-11-12 00:00:45,0.006388,0.006388
2020-11-12 01:00:15,-0.1504,-0.1504
2020-11-12 01:00:45,,0.020015997499999997
2020-11-12 02:00:15,0.043737,0.043737
2020-11-12 02:00:45,-0.020151,-0.020151
2020-11-12 03:00:15,,-0.029496137500000012
2020-11-12 03:00:45,0.50451,0.50451
2020-11-12 04:00:15,0.17339,0.17339
2020-11-12 04:00:45,0.1183,0.1183
2020-11-12 05:00:15,0.20803,0.20803
2020-11-12 05:00:45,0.093906,0.093906
2020-11-12 06:00:15,0.30364,0.30364
2020-11-12 06:00:45,1.0352,1.0352
2020-11-12 07:00:15,-0.16553,-0.16553
2020-11-12 07:00:45,0.50012,0.50012
2020-11-12 08:00:15,1.1937,1.1937
2020-11-12 08:00:45,-0.10633,-0.10633
2020-11-12 09:00:15,-0.03823,-0.03823
2020-11-12 09:00:45,,-0.270765755
2020-11-12 10:00:15,0.74522,0.74522
2020-11-12 10:00:45,1.1806,1.1806
2020-11-12 11:00:15,-0.28631,-0.28631
2020-11-12 11:00:45,-0.1087,-0.1087
2020-11-12 12:00:15,-0.69919,-0.69919
2020-11-12 12:00:45,-0.58168,-0.58168
2020-11-12 13:00:15,-0.036405,-0.036405
2020-11-12 13:00:45,-0.025371,-0.025371
2020-11-12 14:00:15,-0.14979,-0.14979
2020-11-12 14:00:45,-0.11206,-0.11206
2020-11-12 15:00:15,-0.23081,-0.23081
2020-11-12 15:00:45,-0.31874,-0.31874
2020-11-12 16:00:15,-0.15302,-0.15302
2020-11-12 16:00:45,-0.18989,-0.18989
2020-11-12 17:00:15,-0.18146,-0.18146
2020-11-12 17:00:45,,-0.08812326000000001
2020-11-12 18:00:15,,-0.1013155375
2020-11-12 18:00:45,-0.11104,-0.11104
2020-11-12 19:00:15,-0.06093,-0.06093
2020-11-12 19:00:45,-0.090921,-0.090921
2020-11-12 20:00:15,,-0.09045038749999998
2020-11-12 20:00:45,-0.087813,-0.087813
2020-11-12 21:00:15,-0.079712,-0.079712
2020-11-12 21:00:45,,-0.0380607325
2020-11-12 22:00:15,-0.14039,-0.14039
2020-11-12 22:00:45,,-0.046076297499999995
2020-11-12 23:00:15,0.47308,0.47308
2020-11-12 23:00:45,-0.050054,-0.050054
2020-11-13 00:00:15,,0.14044391999999994
2020-11-13 00:00:45,0.3728,0.3728
2020-11-13 01:00:15,,0.1970817675
2020-11-13 01:00:45,-0.031639,-0.031639
2020-11-13 02:00:15,0.092604,0.092604
2020-11-13 02:00:45,0.3721,0.3721
2020-11-13 03:00:15,,0.11184530749999996
2020-11-13 03:00:45,0.16981,0.16981
2020-11-13 04:00:15,-0.11704,-0.11704
2020-11-13 04:00:45,,-0.002265019999999998
2020-11-13 05:00:15,-0.059909,-0.059909
2020-11-13 05:00:45,,0.09601051250000002
2020-11-13 06:00:15,0.049916,0.049916
2020-11-13 06:00:45,0.04488,0.04488
2020-11-13 07:00:15,-0.005626,-0.005626
2020-11-13 07:00:45,-0.279,-0.279
2020-11-13 08:00:15,-0.13585,-0.13585
2020-11-13 08:00:45,-0.55191,-0.55191
2020-11-13 09:00:15,0.39513,0.39513
2020-11-13 09:00:45,1.0856,1.0856
2020-11-13 10:00:15,-0.34995,-0.34995
2020-11-13 10:00:45,0.11967,0.11967
2020-11-13 11:00:15,-0.3139,-0.3139
2020-11-13 11:00:45,-0.091502,-0.091502
2020-11-13 12:00:15,-0.17777,-0.17777
2020-11-13 12:00:45,-0.19212,-0.19212
2020-11-13 13:00:15,-0.83294,-0.83294
2020-11-13 13:00:45,-0.67855,-0.67855
2020-11-13 14:00:15,-0.5282,-0.5282
2020-11-13 14:00:45,-0.12457,-0.12457
2020-11-13 15:00:15,1.0607,1.0607
2020-11-13 15:00:45,-0.23421,-0.23421
2020-11-13 16:00:15,-0.36373,-0.36373
2020-11-13 16:00:45,-0.088514,-0.088514
2020-11-13 17:00:15,0.061841,0.061841
2020-11-13 17:00:45,0.004198,0.004198
2020-11-13 18:00:15,-0.056642,-0.056642
2020-11-13 18:00:45,,-0.08154126
2020-11-13 19:00:15,-0.15813,-0.15813
2020-11-13 19:00:45,-0.13248,-0.13248
2020-11-13 20:00:15,-0.035941,-0.035941
2020-11-13 20:00:45,0.024617,0.024617
2020-11-13 21:00:15,-0.026067,-0.026067
2020-11-13 21:00:45,,-0.0565210475
2020-11-13 22:00:15,-0.096265,-0.096265
2020-11-13 22:00:45,-0.097193,-0.097193
2020-11-13 23:00:15,-0.17023,-0.17023
2020-11-13 23:00:45,-0.11045,-0.11045
2020-11-14 00:00:15,,-0.08560554000000001
2020-11-14 00:00:45,-0.13985,-0.13985
2020-11-14 01:00:15,-0.16388,-0.16388
2020-11-14 01:00:45,-0.16403,-0.16403
2020-11-14 02:00:15,-0.083511,-0.083511
2020-11-14 02:00:45,0.004032,0.004032
2020-11-14 03:00:15,,-0.05513857250000001
2020-11-14 03:00:45,-0.017162,-0.017162
2020-11-14 04:00:15,0.10734,0.10734
2020-11-14 04:00:45,-0.15492,-0.15492
2020-11-14 05:00:15,-0.19946,-0.19946
2020-11-14 05:00:45,,-0.11729139499999999
2020-11-14 06:00:15,-0.14845,-0.14845
2020-11-14 06:00:45,-0.14144,-0.14144
2020-11-14 07:00:15,-0.2475,-0.2475
2020-11-14 07:00:45,-0.25412,-0.25412
2020-11-14 08:00:15,0.41584,0.41584
2020-11-14 08:00:45,-0.014785,-0.014785
2020-11-14 09:00:15,0.32492,0.32492
2020-11-14 09:00:45,0.19497,0.19497
2020-11-14 10:00:15,0.75523,0.75523
2020-11-14 10:00:45,1.3116,1.3116
2020-11-14 11:00:15,1.3267,1.3267
2020-11-14 11:00:45,,1.451986
2020-11-14 12:00:15,,1.4916485000000002
2020-11-14 12:00:45,,1.6361320000000004
2020-11-14 13:00:15,,1.6584012250000006
2020-11-14 13:00:45,1.7672,1.7672
2020-11-14 14:00:15,1.7653,1.7653
2020-11-14 14:00:45,1.616,1.616
2020-11-14 15:00:15,,1.3957143500000002
2020-11-14 15:00:45,1.1075,1.1075
2020-11-14 16:00:15,0.4538,0.4538
2020-11-14 16:00:45,0.14355,0.14355
2020-11-14 17:00:15,-0.18446,-0.18446
2020-11-14 17:00:45,-0.14135,-0.14135
2020-11-14 18:00:15,,-0.015238100000000001
2020-11-14 18:00:45,,-0.07405702500000001
2020-11-14 19:00:15,,-0.09980721250000002
2020-11-14 19:00:45,,-0.09977060500000001
2020-11-14 20:00:15,-0.14517,-0.14517
2020-11-14 20:00:45,-0.15071,-0.15071
2020-11-14 21:00:15,-0.025015,-0.025015
2020-11-14 21:00:45,,-0.08952031250000002
2020-11-14 22:00:15,,-0.102795075
2020-11-14 22:00:45,-0.11545,-0.11545
2020-11-14 23:00:15,,-0.07878345000000002
2020-11-14 23:00:45,,-0.09639231250000001
2020-11-15 00:00:15,,-0.09884901000000001
2020-11-15 00:00:45,-0.19912,-0.19912
2020-11-15 01:00:15,-0.019717,-0.019717
2020-11-15 01:00:45,-0.054017,-0.054017
2020-11-15 02:00:15,0.26098,0.26098
2020-11-15 02:00:45,0.060388,0.060388
2020-11-15 03:00:15,-0.056141,-0.056141
2020-11-15 03:00:45,0.24114,0.24114
2020-11-15 04:00:15,0.59723,0.59723
2020-11-15 04:00:45,0.23826,0.23826
2020-11-15 05:00:15,,0.3296356175
2020-11-15 05:00:45,0.35355,0.35355
2020-11-15 06:00:15,0.25167,0.25167
2020-11-15 06:00:45,0.37649,0.37649
2020-11-15 07:00:15,-0.3843,-0.3843
2020-11-15 07:00:45,-0.48744,-0.48744
2020-11-15 08:00:15,0.083756,0.083756
2020-11-15 08:00:45,-1.2057,-1.2057
2020-11-15 09:00:15,-0.71623,-0.71623
2020-11-15 09:00:45,0.1473,0.1473
2020-11-15 10:00:15,0.018265,0.018265
2020-11-15 10:00:45,0.042491,0.042491
2020-11-15 11:00:15,0.17476,0.17476
2020-11-15 11:00:45,-0.49167,-0.49167
2020-11-15 12:00:15,-0.32743,-0.32743
2020-11-15 12:00:45,-0.38353,-0.38353
2020-11-15 13:00:15,-0.36687,-0.36687
2020-11-15 13:00:45,-0.29113,-0.29113
2020-11-15 14:00:15,-0.14672,-0.14672
2020-11-15 14:00:45,-0.1576,-0.1576
2020-11-15 15:00:15,-0.24838,-0.24838
2020-11-15 15:00:45,-0.18867,-0.18867
2020-11-15 16:00:15,-0.34259,-0.34259
2020-11-15 16:00:45,-0.16349,-0.16349
2020-11-15 17:00:15,-0.002213,-0.002213
2020-11-15 17:00:45,,0.024247092500000005
2020-11-15 18:00:15,0.003033,0.003033
2020-11-15 18:00:45,-0.006893,-0.006893
2020-11-15 19:00:15,,-0.055861794999999985
2020-11-15 19:00:45,-0.030281,-0.030281
2020-11-15 20:00:15,,-0.03898363749999999
2020-11-15 20:00:45,-0.13971,-0.13971
2020-11-15 21:00:15,-0.17747,-0.17747
2020-11-15 21:00:45,0.065411,0.065411
2020-11-15 22:00:15,0.22744,0.22744
2020-11-15 22:00:45,0.042435,0.042435
2020-11-15 23:00:15,0.069834,0.069834
2020-11-15 23:00:45,0.35655,0.35655
2020-11-16 00:00:15,-0.020665,-0.020665
2020-11-16 00:00:45,0.031413,0.031413
2020-11-16 01:00:15,0.018263,0.018263
2020-11-16 01:00:45,-0.039162,-0.039162
2020-11-16 02:00:15,0.047617,0.047617
2020-11-16 02:00:45,,0.05334743249999999
2020-11-16 03:00:15,0.080882,0.080882
2020-11-16 03:00:45,0.22818,0.22818
2020-11-16 04:00:15,-0.05155,-0.05155
2020-11-16 04:00:45,0.077607,0.077607
2020-11-16 05:00:15,0.069586,0.069586
2020-11-16 05:00:45,-0.041182,-0.041182
2020-11-16 06:00:15,0.016497,0.016497
2020-11-16 06:00:45,-0.048603,-0.048603
2020-11-16 07:00:15,-0.25093,-0.25093
2020-11-16 07:00:45,-0.04878,-0.04878
2020-11-16 08:00:15,-0.087935,-0.087935
2020-11-16 08:00:45,-0.22194,-0.22194
2020-11-16 09:00:15,0.34043,0.34043
2020-11-16 09:00:45,0.069257,0.069257
2020-11-16 10:00:15,0.1133,0.1133
2020-11-16 10:00:45,-0.25688,-0.25688
2020-11-16 11:00:15,0.50293,0.50293
2020-11-16 11:00:45,0.31117,0.31117
2020-11-16 12:00:15,0.14576,0.14576
2020-11-16 12:00:45,-0.28162,-0.28162
2020-11-16 13:00:15,-0.17284,-0.17284
2020-11-16 13:00:45,-0.084017,-0.084017
2020-11-16 14:00:15,-0.1094,-0.1094
2020-11-16 14:00:45,0.18062,0.18062
2020-11-16 15:00:15,-0.34747,-0.34747
2020-11-16 15:00:45,-0.18519,-0.18519
2020-11-16 16:00:15,-0.2469,-0.2469
2020-11-16 16:00:45,-0.10592,-0.10592
2020-11-16 17:00:15,0.008831,0.008831
2020-11-16 17:00:45,-0.19747,-0.19747
2020-11-16 18:00:15,,-0.11207040000000001
2020-11-16 18:00:45,,-0.11347742750000002
2020-11-16 19:00:15,-0.1425,-0.1425
2020-11-16 19:00:45,,-0.11325570250000003
2020-11-16 20:00:15,,-0.038871347500000014
2020-11-16 20:00:45,-0.11788,-0.11788
2020-11-16 21:00:15,-0.098258,-0.098258
2020-11-16 21:00:45,0.019745,0.019745
2020-11-16 22:00:15,0.28704,0.28704
2020-11-16 22:00:45,-0.048141,-0.048141
2020-11-16 23:00:15,0.09576,0.09576
2020-11-16 23:00:45,-0.07826,-0.07826
2020-11-17 00:00:15,-0.11506,-0.11506
2020-11-17 00:00:45,-0.001887,-0.001887
2020-11-17 01:00:15,0.03469,0.03469
2020-11-17 01:00:45,0.23077,0.23077
2020-11-17 02:00:15,-0.009259,-0.009259
2020-11-17 02:00:45,-0.13362,-0.13362
2020-11-17 03:00:15,,-0.033797710000000016
2020-11-17 03:00:45,-0.028551,-0.028551
2020-11-17 04:00:15,0.037761,0.037761
2020-11-17 04:00:45,-0.12804,-0.12804
2020-11-17 05:00:15,0.19764,0.19764
2020-11-17 05:00:45,-0.1086,-0.1086
2020-11-17 06:00:15,0.049227,0.049227
2020-11-17 06:00:45,0.077085,0.077085
2020-11-17 07:00:15,0.037232,0.037232
2020-11-17 07:00:45,0.38635,0.38635
2020-11-17 08:00:15,0.011686,0.011686
2020-11-17 08:00:45,0.42488,0.42488
2020-11-17 09:00:15,-0.35854,-0.35854
2020-11-17 09:00:45,0.17881,0.17881
2020-11-17 10:00:15,0.63532,0.63532
2020-11-17 10:00:45,0.82444,0.82444
2020-11-17 11:00:15,0.41939,0.41939
2020-11-17 11:00:45,-0.33527,-0.33527
2020-11-17 12:00:15,-0.22539,-0.22539
2020-11-17 12:00:45,0.44898,0.44898
2020-11-17 13:00:15,-0.11978,-0.11978
2020-11-17 13:00:45,0.56944,0.56944
2020-11-17 14:00:15,0.3384,0.3384
2020-11-17 14:00:45,0.17405,0.17405
2020-11-17 15:00:15,0.15482,0.15482
2020-11-17 15:00:45,0.17048,0.17048
2020-11-17 16:00:15,0.11319,0.11319
2020-11-17 16:00:45,0.10386,0.10386
2020-11-17 17:00:15,0.12048,0.12048
2020-11-17 17:00:45,0.08623,0.08623
2020-11-17 18:00:15,-0.10764,-0.10764
2020-11-17 18:00:45,-0.068045,-0.068045
2020-11-17 19:00:15,-0.075186,-0.075186
2020-11-17 19:00:45,-0.033696,-0.033696
2020-11-17 20:00:15,-0.046084,-0.046084
2020-11-17 20:00:45,0.001626,0.001626
2020-11-17 21:00:15,-0.04865,-0.04865
2020-11-17 21:00:45,-0.072614,-0.072614
2020-11-17 22:00:15,-0.071402,-0.071402
2020-11-17 22:00:45,-0.077643,-0.077643
2020-11-17 23:00:15,-0.13485,-0.13485
2020-11-17 23:00:45,-0.055589,-0.055589
2020-11-18 00:00:15,-0.006367,-0.006367
2020-11-18 00:00:45,-0.00698,-0.00698
2020-11-18 01:00:15,-0.080593,-0.080593
2020-11-18 01:00:45,0.030199,0.030199
2020-11-18 02:00:15,-0.013651,-0.013651
2020-11-18 02:00:45,-0.081892,-0.081892
2020-11-18 03:00:15,0.071721,0.071721
2020-11-18 03:00:45,0.0344,0.0344
2020-11-18 04:00:15,0.063358,0.063358
2020-11-18 04:00:45,0.021283,0.021283
2020-11-18 05:00:15,0.004382,0.004382
2020-11-18 05:00:45,0.09711,0.09711
2020-11-18 06:00:15,,0.02636491000000001
2020-11-18 06:00:45,,0.004989377499999998
2020-11-18 07:00:15,0.37845,0.37845
2020-11-18 07:00:45,-0.53648,-0.53648
2020-11-18 08:00:15,-0.93537,-0.93537
2020-11-18 08:00:45,,-0.22892326500000004
2020-11-18 09:00:15,0.082665,0.082665
2020-11-18 09:00:45,,-0.22861814249999995
2020-11-18 10:00:15,-0.24987,-0.24987
2020-11-18 10:00:45,,0.37636373749999996
2020-11-18 11:00:15,0.89083,0.89083
2020-11-18 11:00:45,0.56028,0.56028
2020-11-18 12:00:15,0.35677,0.35677
2020-11-18 12:00:45,0.56527,0.56527
2020-11-18 13:00:15,0.56072,0.56072
2020-11-18 13:00:45,0.60665,0.60665
2020-11-18 14:00:15,0.42485,0.42485
2020-11-18 14:00:45,0.39336,0.39336
2020-11-18 15:00:15,0.37423,0.37423
2020-11-18 15:00:45,0.27933,0.27933
2020-11-18 16:00:15,0.27706,0.27706
2020-11-18 16:00:45,0.15504,0.15504
2020-11-18 17:00:15,0.16808,0.16808
2020-11-18 17:00:45,0.17764,0.17764
2020-11-18 18:00:15,0.15865,0.15865
2020-11-18 18:00:45,0.006142,0.006142
2020-11-18 19:00:15,-0.17208,-0.17208
2020-11-18 19:00:45,-0.050779,-0.050779
2020-11-18 20:00:15,-0.070161,-0.070161
2020-11-18 20:00:45,-0.022064,-0.022064
2020-11-18 21:00:15,-0.042071,-0.042071
2020-11-18 21:00:45,-0.029056,-0.029056
2020-11-18 22:00:15,-0.076083,-0.076083
2020-11-18 22:00:45,-0.078194,-0.078194
2020-11-18 23:00:15,-0.1091,-0.1091
2020-11-18 23:00:45,,-0.09125313500000001
2020-11-19 00:00:15,-0.071568,-0.071568
2020-11-19 00:00:45,-0.093535,-0.093535
2020-11-19 01:00:15,-0.069849,-0.069849
2020-11-19 01:00:45,-0.050563,-0.050563
2020-11-19 02:00:15,-0.023395,-0.023395
2020-11-19 02:00:45,-0.09087,-0.09087
2020-11-19 03:00:15,-0.056516,-0.056516
2020-11-19 03:00:45,-0.067944,-0.067944
2020-11-19 04:00:15,-0.046511,-0.046511
2020-11-19 04:00:45,-0.072879,-0.072879
2020-11-19 05:00:15,-0.17222,-0.17222
2020-11-19 05:00:45,-0.17125,-0.17125
2020-11-19 06:00:15,-0.11746,-0.11746
2020-11-19 06:00:45,-0.15576,-0.15576
2020-11-19 07:00:15,-0.16766,-0.16766
2020-11-19 07:00:45,-0.20461,-0.20461
2020-11-19 08:00:15,-0.19179,-0.19179
2020-11-19 08:00:45,-0.11914,-0.11914
2020-11-19 09:00:15,0.28241,0.28241
2020-11-19 09:00:45,0.26986,0.26986
2020-11-19 10:00:15,0.27535,0.27535
2020-11-19 10:00:45,0.44301,0.44301
2020-11-19 11:00:15,0.35375,0.35375
2020-11-19 11:00:45,0.19982,0.19982
2020-11-19 12:00:15,0.36277,0.36277
2020-11-19 12:00:45,0.24602,0.24602
2020-11-19 13:00:15,0.28646,0.28646
2020-11-19 13:00:45,0.32376,0.32376
2020-11-19 14:00:15,0.13273,0.13273
2020-11-19 14:00:45,0.10981,0.10981
2020-11-19 15:00:15,0.268,0.268
2020-11-19 15:00:45,0.14489,0.14489
2020-11-19 16:00:15,0.023788,0.023788
2020-11-19 16:00:45,0.021309,0.021309
2020-11-19 17:00:15,-0.009068,-0.009068
2020-11-19 17:00:45,-0.050646,-0.050646
2020-11-19 18:00:15,-0.10533,-0.10533
2020-11-19 18:00:45,-0.14554,-0.14554
2020-11-19 19:00:15,-0.06753,-0.06753
2020-11-19 19:00:45,-0.076528,-0.076528
2020-11-19 20:00:15,-0.04601,-0.04601
2020-11-19 20:00:45,-0.038931,-0.038931
2020-11-19 21:00:15,-0.18502,-0.18502
2020-11-19 21:00:45,-0.13047,-0.13047
2020-11-19 22:00:15,-0.11452,-0.11452
2020-11-19 22:00:45,-0.048338,-0.048338
2020-11-19 23:00:15,-0.048493,-0.048493
2020-11-19 23:00:45,-0.11011,-0.11011
2020-11-20 00:00:15,,0.0015433650000000031
2020-11-20 00:00:45,-0.16873,-0.16873
2020-11-20 01:00:15,-0.15581,-0.15581
2020-11-20 01:00:45,-0.16836,-0.16836
2020-11-20 02:00:15,-0.069353,-0.069353
2020-11-20 02:00:45,-0.085125,-0.085125
2020-11-20 03:00:15,0.38561,0.38561
2020-11-20 03:00:45,,0.0014044100000000003
2020-11-20 04:00:15,-0.16143,-0.16143
2020-11-20 04:00:45,-0.077411,-0.077411
2020-11-20 05:00:15,0.12997,0.12997
2020-11-20 05:00:45,,0.071809485
2020-11-20 06:00:15,-0.000294,-0.000294
2020-11-20 06:00:45,0.041844,0.041844
2020-11-20 07:00:15,0.40772,0.40772
2020-11-20 07:00:45,-0.37128,-0.37128
2020-11-20 08:00:15,-0.18219,-0.18219
2020-11-20 08:00:45,-0.21627,-0.21627
2020-11-20 09:00:15,0.26254,0.26254
2020-11-20 09:00:45,0.43237,0.43237
2020-11-20 10:00:15,0.28186,0.28186
2020-11-20 10:00:45,-0.1698,-0.1698
2020-11-20 11:00:15,,-0.22226433250000005
2020-11-20 11:00:45,0.82281,0.82281
2020-11-20 12:00:15,-0.090364,-0.090364
2020-11-20 12:00:45,0.26231,0.26231
2020-11-20 13:00:15,0.33437,0.33437
2020-11-20 13:00:45,0.024525,0.024525
2020-11-20 14:00:15,0.19532,0.19532
2020-11-20 14:00:45,-0.083124,-0.083124
2020-11-20 15:00:15,-0.16114,-0.16114
2020-11-20 15:00:45,-0.11523,-0.11523
2020-11-20 16:00:15,-0.061203,-0.061203
2020-11-20 16:00:45,-0.085806,-0.085806
2020-11-20 17:00:15,-0.045944,-0.045944
2020-11-20 17:00:45,-0.051801,-0.051801
2020-11-20 18:00:15,-0.19369,-0.19369
2020-11-20 18:00:45,,-0.09295709000000003
2020-11-20 19:00:15,-0.14052,-0.14052
2020-11-20 19:00:45,-0.07785,-0.07785
2020-11-20 20:00:15,-0.16301,-0.16301
2020-11-20 20:00:45,-0.10659,-0.10659
2020-11-20 21:00:15,-0.10586,-0.10586
2020-11-20 21:00:45,0.004755,0.004755
2020-11-20 22:00:15,-0.075611,-0.075611
2020-11-20 22:00:45,-0.083623,-0.083623
2020-11-20 23:00:15,-0.08337,-0.08337
2020-11-20 23:00:45,-0.10326,-0.10326
2020-11-21 00:00:15,-0.10936,-0.10936
2020-11-21 00:00:45,-0.092125,-0.092125
2020-11-21 01:00:15,-0.10371,-0.10371
2020-11-21 01:00:45,-0.10724,-0.10724
2020-11-21 02:00:15,,0.09489523500000001
2020-11-21 02:00:45,-0.19121,-0.19121
2020-11-21 03:00:15,-0.094852,-0.094852
2020-11-21 03:00:45,-0.062423,-0.062423
2020-11-21 04:00:15,-0.14171,-0.14171
2020-11-21 04:00:45,,-0.0383253375
2020-11-21 05:00:15,-0.13283,-0.13283
2020-11-21 05:00:45,,-0.009363272500000006
2020-11-21 06:00:15,-0.092325,-0.092325
2020-11-21 06:00:45,-0.10604,-0.10604
2020-11-21 07:00:15,-0.156,-0.156
2020-11-21 07:00:45,-0.30651,-0.30651
2020-11-21 08:00:15,-0.16681,-0.16681
2020-11-21 08:00:45,-0.15543,-0.15543
2020-11-21 09:00:15,-0.36289,-0.36289
2020-11-21 09:00:45,-0.037455,-0.037455
2020-11-21 10:00:15,0.49564,0.49564
2020-11-21 10:00:45,-0.71708,-0.71708
2020-11-21 11:00:15,-0.33176,-0.33176
2020-11-21 11:00:45,-0.039634,-0.039634
2020-11-21 12:00:15,0.5669,0.5669
2020-11-21 12:00:45,-0.011926,-0.011926
2020-11-21 13:00:15,0.74163,0.74163
2020-11-21 13:00:45,0.50176,0.50176
2020-11-21 14:00:15,0.31531,0.31531
2020-11-21 14:00:45,0.01975,0.01975
2020-11-21 15:00:15,0.17258,0.17258
2020-11-21 15:00:45,-0.27225,-0.27225
2020-11-21 16:00:15,-0.52636,-0.52636
2020-11-21 16:00:45,-0.026869,-0.026869
2020-11-21 17:00:15,-0.12251,-0.12251
2020-11-21 17:00:45,-0.18157,-0.18157
2020-11-21 18:00:15,-0.012447,-0.012447
2020-11-21 18:00:45,0.10691,0.10691
2020-11-21 19:00:15,-0.10629,-0.10629
2020-11-21 19:00:45,-0.12188,-0.12188
2020-11-21 20:00:15,-0.08441,-0.08441
2020-11-21 20:00:45,0.019039,0.019039
2020-11-21 21:00:15,0.17926,0.17926
2020-11-21 21:00:45,-0.041008,-0.041008
2020-11-21 22:00:15,0.25533,0.25533
2020-11-21 22:00:45,-0.13269,-0.13269
2020-11-21 23:00:15,-0.007769,-0.007769
2020-11-21 23:00:45,,-0.0026132574999999988
2020-11-22 00:00:15,-0.063041,-0.063041
2020-11-22 00:00:45,,0.1168360575
2020-11-22 01:00:15,-0.030217,-0.030217
2020-11-22 01:00:45,0.0623,0.0623
2020-11-22 02:00:15,-0.076053,-0.076053
2020-11-22 02:00:45,0.042014,0.042014
2020-11-22 03:00:15,-0.14315,-0.14315
2020-11-22 03:00:45,,0.003657405
2020-11-22 04:00:15,-0.008069,-0.008069
2020-11-22 04:00:45,-0.040116,-0.040116
2020-11-22 05:00:15,-0.18322,-0.18322
2020-11-22 05:00:45,,-0.09745554999999999
2020-11-22 06:00:15,0.028728,0.028728
2020-11-22 06:00:45,,0.004671312499999999
2020-11-22 07:00:15,0.024101,0.024101
2020-11-22 07:00:45,-0.28993,-0.28993
2020-11-22 08:00:15,-0.34876,-0.34876
2020-11-22 08:00:45,0.80124,0.80124
2020-11-22 09:00:15,0.095695,0.095695
2020-11-22 09:00:45,,-0.15319362749999996
2020-11-22 10:00:15,-0.41582,-0.41582
2020-11-22 10:00:45,0.39927,0.39927
2020-11-22 11:00:15,0.13305,0.13305
2020-11-22 11:00:45,-0.32554,-0.32554
2020-11-22 12:00:15,-0.19325,-0.19325
2020-11-22 12:00:45,-0.2384,-0.2384
2020-11-22 13:00:15,-0.51612,-0.51612
2020-11-22 13:00:45,-0.23988,-0.23988
2020-11-22 14:00:15,-0.23971,-0.23971
2020-11-22 14:00:45,-0.24255,-0.24255
2020-11-22 15:00:15,-0.35662,-0.35662
2020-11-22 15:00:45,-0.74428,-0.74428
2020-11-22 16:00:15,-0.2816,-0.2816
2020-11-22 16:00:45,-0.013634,-0.013634
2020-11-22 17:00:15,,-0.012201107500000002
2020-11-22 17:00:45,,-0.0908015925
2020-11-22 18:00:15,-0.082797,-0.082797
2020-11-22 18:00:45,-0.19203,-0.19203
2020-11-22 19:00:15,-0.13596,-0.13596
2020-11-22 19:00:45,0.093433,0.093433
2020-11-22 20:00:15,,-0.0008261049999999993
2020-11-22 20:00:45,-0.095119,-0.095119
2020-11-22 21:00:15,-0.14561,-0.14561
2020-11-22 21:00:45,,-0.12120884500000007
2020-11-22 22:00:15,-0.15508,-0.15508
2020-11-22 22:00:45,-0.10979,-0.10979
2020-11-22 23:00:15,-0.059793,-0.059793
2020-11-22 23:00:45,-0.14197,-0.14197
2020-11-23 00:00:15,-0.19024,-0.19024
2020-11-23 00:00:45,-0.19545,-0.19545
2020-11-23 01:00:15,-0.17991,-0.17991
2020-11-23 01:00:45,,-0.1316499375
2020-11-23 02:00:15,-0.19464,-0.19464
2020-11-23 02:00:45,-0.065824,-0.065824
2020-11-23 03:00:15,0.043862,0.043862
2020-11-23 03:00:45,-0.095756,-0.095756
2020-11-23 04:00:15,-0.034463,-0.034463
2020-11-23 04:00:45,0.01046,0.01046
2020-11-23 05:00:15,,0.09273744999999999
2020-11-23 05:00:45,0.007893,0.007893
2020-11-23 06:00:15,-0.11696,-0.11696
2020-11-23 06:00:45,0.018937,0.018937
2020-11-23 07:00:15,-0.069316,-0.069316
2020-11-23 07:00:45,0.15343,0.15343
2020-11-23 08:00:15,-0.25952,-0.25952
2020-11-23 08:00:45,0.17549,0.17549
2020-11-23 09:00:15,-0.024355,-0.024355
2020-11-23 09:00:45,0.33148,0.33148
2020-11-23 10:00:15,-0.005084,-0.005084
2020-11-23 10:00:45,-0.16662,-0.16662
2020-11-23 11:00:15,0.23356,0.23356
2020-11-23 11:00:45,0.45176,0.45176
2020-11-23 12:00:15,0.80511,0.80511
2020-11-23 12:00:45,0.22362,0.22362
2020-11-23 13:00:15,0.2334,0.2334
2020-11-23 13:00:45,0.55919,0.55919
2020-11-23 14:00:15,0.45728,0.45728
2020-11-23 14:00:45,0.31486,0.31486
2020-11-23 15:00:15,0.36425,0.36425
2020-11-23 15:00:45,0.003246,0.003246
2020-11-23 16:00:15,0.57246,0.57246
2020-11-23 16:00:45,0.50498,0.50498
2020-11-23 17:00:15,0.1792,0.1792
2020-11-23 17:00:45,0.18755,0.18755
2020-11-23 18:00:15,0.26124,0.26124
2020-11-23 18:00:45,0.081017,0.081017
2020-11-23 19:00:15,0.000623,0.000623
2020-11-23 19:00:45,-0.065663,-0.065663
2020-11-23 20:00:15,-0.12851,-0.12851
2020-11-23 20:00:45,-0.078698,-0.078698
2020-11-23 21:00:15,-0.09525,-0.09525
2020-11-23 21:00:45,-0.068347,-0.068347
2020-11-23 22:00:15,-0.029762,-0.029762
2020-11-23 22:00:45,-0.13622,-0.13622
2020-11-23 23:00:15,,-0.1085812425
2020-11-23 23:00:45,-0.16144,-0.16144
2020-11-24 00:00:15,-0.19471,-0.19471
2020-11-24 00:00:45,-0.013372,-0.013372
2020-11-24 01:00:15,0.090572,0.090572
2020-11-24 01:00:45,0.14663,0.14663
2020-11-24 02:00:15,0.2594,0.2594
2020-11-24 02:00:45,0.14323,0.14323
2020-11-24 03:00:15,0.20454,0.20454
2020-11-24 03:00:45,0.26522,0.26522
2020-11-24 04:00:15,0.21672,0.21672
2020-11-24 04:00:45,-0.048854,-0.048854
2020-11-24 05:00:15,-0.090019,-0.090019
2020-11-24 05:00:45,-0.058054,-0.058054
2020-11-24 06:00:15,-0.17706,-0.17706
2020-11-24 06:00:45,-0.019368,-0.019368
2020-11-24 07:00:15,-0.22856,-0.22856
2020-11-24 07:00:45,-0.21292,-0.21292
2020-11-24 08:00:15,-0.077816,-0.077816
2020-11-24 08:00:45,-0.10718,-0.10718
2020-11-24 09:00:15,-0.13186,-0.13186
2020-11-24 09:00:45,-0.063618,-0.063618
2020-11-24 10:00:15,0.36633,0.36633
2020-11-24 10:00:45,0.88117,0.88117
2020-11-24 11:00:15,,0.9373161375000002
2020-11-24 11:00:45,0.97215,0.97215
2020-11-24 12:00:15,0.72202,0.72202
2020-11-24 12:00:45,0.54233,0.54233
2020-11-24 13:00:15,0.79529,0.79529
2020-11-24 13:00:45,0.95205,0.95205
2020-11-24 14:00:15,0.94415,0.94415
2020-11-24 14:00:45,0.89923,0.89923
2020-11-24 15:00:15,0.59002,0.59002
2020-11-24 15:00:45,0.45778,0.45778
2020-11-24 16:00:15,-0.17989,-0.17989
2020-11-24 16:00:45,-0.33644,-0.33644
2020-11-24 17:00:15,,-0.0407881275
2020-11-24 17:00:45,,-0.11037430750000005
2020-11-24 18:00:15,-0.11425,-0.11425
2020-11-24 18:00:45,,-0.08810780000000003
2020-11-24 19:00:15,-0.069864,-0.069864
2020-11-24 19:00:45,-0.12978,-0.12978
2020-11-24 20:00:15,,-0.0854856175
2020-11-24 20:00:45,,-0.09858840500000002
2020-11-24 21:00:15,,-0.08779344750000001
2020-11-24 21:00:45,,-0.07641191250000001
2020-11-24 22:00:15,-0.000326,-0.000326
2020-11-24 22:00:45,0.003701,0.003701
2020-11-24 23:00:15,-0.10323,-0.10323
2020-11-24 23:00:45,,-0.07898878000000001
2020-11-25 00:00:15,,-0.055714704999999996
2020-11-25 00:00:45,0.063115,0.063115
2020-11-25 01:00:15,,0.2510636500000001
2020-11-25 01:00:45,-0.14889,-0.14889
2020-11-25 02:00:15,,-0.013319972499999999
2020-11-25 02:00:45,,0.012158327499999996
2020-11-25 03:00:15,0.027767,0.027767
2020-11-25 03:00:45,-0.023002,-0.023002
2020-11-25 04:00:15,0.076165,0.076165
2020-11-25 04:00:45,0.11337,0.11337
2020-11-25 05:00:15,0.044001,0.044001
2020-11-25 05:00:45,-0.12879,-0.12879
2020-11-25 06:00:15,0.37576,0.37576
2020-11-25 06:00:45,0.20134,0.20134
2020-11-25 07:00:15,0.53303,0.53303
2020-11-25 07:00:45,0.73819,0.73819
2020-11-25 08:00:15,-0.096452,-0.096452
2020-11-25 08:00:45,0.015292,0.015292
2020-11-25 09:00:15,-0.11384,-0.11384
2020-11-25 09:00:45,-0.61547,-0.61547
2020-11-25 10:00:15,0.12107,0.12107
2020-11-25 10:00:45,0.063922,0.063922
2020-11-25 11:00:15,-0.22429,-0.22429
2020-11-25 11:00:45,-0.41741,-0.41741
2020-11-25 12:00:15,-0.083377,-0.083377
2020-11-25 12:00:45,-0.4513,-0.4513
2020-11-25 13:00:15,-0.76002,-0.76002
2020-11-25 13:00:45,0.014044,0.014044
2020-11-25 14:00:15,-0.10129,-0.10129
2020-11-25 14:00:45,-0.72586,-0.72586
2020-11-25 15:00:15,-0.43731,-0.43731
2020-11-25 15:00:45,-0.28352,-0.28352
2020-11-25 16:00:15,-0.37799,-0.37799
2020-11-25 16:00:45,-0.16232,-0.16232
2020-11-25 17:00:15,-0.089913,-0.089913
2020-11-25 17:00:45,-0.038244,-0.038244
2020-11-25 18:00:15,-0.00943,-0.00943
2020-11-25 18:00:45,0.073299,0.073299
2020-11-25 19:00:15,,-0.10008987999999995
2020-11-25 19:00:45,-0.10122,-0.10122
2020-11-25 20:00:15,,-0.1136355225
2020-11-25 20:00:45,-0.13449,-0.13449
2020-11-25 21:00:15,-0.17782,-0.17782
2020-11-25 21:00:45,-0.089393,-0.089393
2020-11-25 22:00:15,-0.1215,-0.1215
2020-11-25 22:00:45,-0.084786,-0.084786
2020-11-25 23:00:15,-0.099958,-0.099958
2020-11-25 23:00:45,-0.025893,-0.025893
2020-11-26 00:00:15,-0.063385,-0.063385
2020-11-26 00:00:45,,-0.0104693525
2020-11-26 01:00:15,-0.085935,-0.085935
2020-11-26 01:00:45,-0.014567,-0.014567
2020-11-26 02:00:15,-0.19104,-0.19104
2020-11-26 02:00:45,-0.053458,-0.053458
2020-11-26 03:00:15,,-0.05003563500000001
2020-11-26 03:00:45,-0.05077,-0.05077
2020-11-26 04:00:15,-0.10792,-0.10792
2020-11-26 04:00:45,0.29102,0.29102
2020-11-26 05:00:15,-0.19435,-0.19435
2020-11-26 05:00:45,-0.055519,-0.055519
2020-11-26 06:00:15,0.32361,0.32361
2020-11-26 06:00:45,-0.096697,-0.096697
2020-11-26 07:00:15,-0.30975,-0.30975
2020-11-26 07:00:45,-0.11515,-0.11515
2020-11-26 08:00:15,-0.09732,-0.09732
2020-11-26 08:00:45,,-0.31970443000000004
2020-11-26 09:00:15,,-0.15209046000000004
2020-11-26 09:00:45,-0.17322,-0.17322
2020-11-26 10:00:15,0.015417,0.015417
2020-11-26 10:00:45,-0.33043,-0.33043
2020-11-26 11:00:15,-0.56629,-0.56629
2020-11-26 11:00:45,-0.15632,-0.15632
2020-11-26 12:00:15,-0.20148,-0.20148
2020-11-26 12:00:45,-0.000364,-0.000364
2020-11-26 13:00:15,0.20682,0.20682
2020-11-26 13:00:45,-0.33393,-0.33393
2020-11-26 14:00:15,-0.61938,-0.61938
2020-11-26 14:00:45,-0.14978,-0.14978
2020-11-26 15:00:15,-0.38963,-0.38963
2020-11-26 15:00:45,-0.33048,-0.33048
2020-11-26 16:00:15,-0.31443,-0.31443
2020-11-26 16:00:45,-0.13064,-0.13064
2020-11-26 17:00:15,0.0055,0.0055
2020-11-26 17:00:45,-0.035921,-0.035921
2020-11-26 18:00:15,,-0.09465471249999999
2020-11-26 18:00:45,,-0.1061017525
2020-11-26 19:00:15,,-0.10786820750000001
2020-11-26 19:00:45,-0.15747,-0.15747
2020-11-26 20:00:15,-0.1809,-0.1809
2020-11-26 20:00:45,0.033087,0.033087
2020-11-26 21:00:15,0.075584,0.075584
2020-11-26 21:00:45,-0.017434,-0.017434
2020-11-26 22:00:15,,-0.10216268750000003
2020-11-26 22:00:45,,-0.04835576749999998
2020-11-26 23:00:15,-0.055518,-0.055518
2020-11-26 23:00:45,-0.053368,-0.053368
2020-11-27 00:00:15,-0.037887,-0.037887
2020-11-27 00:00:45,,-0.08006022499999998
2020-11-27 01:00:15,0.064579,0.064579
2020-11-27 01:00:45,0.080451,0.080451
2020-11-27 02:00:15,0.02349,0.02349
2020-11-27 02:00:45,-0.000747,-0.000747
2020-11-27 03:00:15,,-0.0026862449999999977
2020-11-27 03:00:45,0.29035,0.29035
2020-11-27 04:00:15,0.10988,0.10988
2020-11-27 04:00:45,0.18539,0.18539
2020-11-27 05:00:15,0.16491,0.16491
2020-11-27 05:00:45,0.099375,0.099375
2020-11-27 06:00:15,0.34052,0.34052
2020-11-27 06:00:45,,0.036221600000000014
2020-11-27 07:00:15,-0.49664,-0.49664
2020-11-27 07:00:45,0.074727,0.074727
2020-11-27 08:00:15,-0.050152,-0.050152
2020-11-27 08:00:45,-0.14709,-0.14709
2020-11-27 09:00:15,-0.077811,-0.077811
2020-11-27 09:00:45,0.26864,0.26864
2020-11-27 10:00:15,0.24734,0.24734
2020-11-27 10:00:45,0.1932,0.1932
2020-11-27 11:00:15,0.024508,0.024508
2020-11-27 11:00:45,0.097342,0.097342
2020-11-27 12:00:15,0.37453,0.37453
2020-11-27 12:00:45,0.022636,0.022636
2020-11-27 13:00:15,0.052863,0.052863
2020-11-27 13:00:45,-0.0558,-0.0558
2020-11-27 14:00:15,-0.083197,-0.083197
2020-11-27 14:00:45,-0.072909,-0.072909
2020-11-27 15:00:15,-0.59126,-0.59126
2020-11-27 15:00:45,0.36885,0.36885
2020-11-27 16:00:15,-0.21791,-0.21791
2020-11-27 16:00:45,,0.09947910250000001
2020-11-27 17:00:15,-0.060445,-0.060445
2020-11-27 17:00:45,-0.063589,-0.063589
2020-11-27 18:00:15,0.85435,0.85435
2020-11-27 18:00:45,,0.2819240725
2020-11-27 19:00:15,0.010584,0.010584
2020-11-27 19:00:45,,0.0633043825
2020-11-27 20:00:15,0.078772,0.078772
2020-11-27 20:00:45,0.21015,0.21015
2020-11-27 21:00:15,0.19384,0.19384
2020-11-27 21:00:45,0.10311,0.10311
2020-11-27 22:00:15,0.005805,0.005805
2020-11-27 22:00:45,0.007655,0.007655
2020-11-27 23:00:15,-0.003545,-0.003545
2020-11-27 23:00:45,-0.00787,-0.00787
2020-11-28 00:00:15,0.031214,0.031214
2020-11-28 00:00:45,-0.083411,-0.083411
2020-11-28 01:00:15,,0.18118905999999996
2020-11-28 01:00:45,,0.32124805500000003
2020-11-28 02:00:15,0.88507,0.88507
2020-11-28 02:00:45,-0.03398,-0.03398
2020-11-28 03:00:15,0.26114,0.26114
2020-11-28 03:00:45,-0.054363,-0.054363
2020-11-28 04:00:15,0.53418,0.53418
2020-11-28 04:00:45,0.3362,0.3362
2020-11-28 05:00:15,-0.050474,-0.050474
2020-11-28 05:00:45,-0.17501,-0.17501
2020-11-28 06:00:15,,0.03630106500000001
2020-11-28 06:00:45,0.24181,0.24181
2020-11-28 07:00:15,0.099466,0.099466
2020-11-28 07:00:45,0.91608,0.91608
2020-11-28 08:00:15,0.058036,0.058036
2020-11-28 08:00:45,-0.23991,-0.23991
2020-11-28 09:00:15,-0.007857,-0.007857
2020-11-28 09:00:45,0.090838,0.090838
2020-11-28 10:00:15,0.52414,0.52414
2020-11-28 10:00:45,0.72494,0.72494
2020-11-28 11:00:15,0.61373,0.61373
2020-11-28 11:00:45,0.51774,0.51774
2020-11-28 12:00:15,0.68088,0.68088
2020-11-28 12:00:45,0.7169,0.7169
2020-11-28 13:00:15,0.51923,0.51923
2020-11-28 13:00:45,0.010197,0.010197
2020-11-28 14:00:15,0.071798,0.071798
2020-11-28 14:00:45,0.090083,0.090083
2020-11-28 15:00:15,-0.064129,-0.064129
2020-11-28 15:00:45,0.019329,0.019329
2020-11-28 16:00:15,-0.031422,-0.031422
2020-11-28 16:00:45,-0.043055,-0.043055
2020-11-28 17:00:15,-0.099166,-0.099166
2020-11-28 17:00:45,-0.076749,-0.076749
2020-11-28 18:00:15,-0.10787,-0.10787
2020-11-28 18:00:45,-0.1346,-0.1346
2020-11-28 19:00:15,-0.081848,-0.081848
2020-11-28 19:00:45,-0.055906,-0.055906
2020-11-28 20:00:15,,-0.02034500750000001
2020-11-28 20:00:45,0.010649,0.010649
2020-11-28 21:00:15,-0.013719,-0.013719
2020-11-28 21:00:45,0.001499,0.001499
2020-11-28 22:00:15,0.016764,0.016764
2020-11-28 22:00:45,-0.047735,-0.047735
2020-11-28 23:00:15,-0.001905,-0.001905
2020-11-28 23:00:45,-0.057081,-0.057081
2020-11-29 00:00:15,-0.19013,-0.19013
2020-11-29 00:00:45,0.27672,0.27672
2020-11-29 01:00:15,0.22682,0.22682
2020-11-29 01:00:45,0.29358,0.29358
2020-11-29 02:00:15,0.64894,0.64894
2020-11-29 02:00:45,,0.35731857499999997
2020-11-29 03:00:15,0.32978,0.32978
2020-11-29 03:00:45,0.25907,0.25907
2020-11-29 04:00:15,0.34921,0.34921
2020-11-29 04:00:45,0.35111,0.35111
2020-11-29 05:00:15,0.20089,0.20089
2020-11-29 05:00:45,0.62116,0.62116
2020-11-29 06:00:15,,0.40936343750000015
2020-11-29 06:00:45,0.55662,0.55662
2020-11-29 07:00:15,0.42716,0.42716
2020-11-29 07:00:45,0.86685,0.86685
2020-11-29 08:00:15,0.8956,0.8956
2020-11-29 08:00:45,0.35103,0.35103
2020-11-29 09:00:15,-0.5064,-0.5064
2020-11-29 09:00:45,0.39915,0.39915
2020-11-29 10:00:15,1.221,1.221
2020-11-29 10:00:45,1.1928,1.1928
2020-11-29 11:00:15,0.25491,0.25491
2020-11-29 11:00:45,0.14274,0.14274
2020-11-29 12:00:15,-0.44019,-0.44019
2020-11-29 12:00:45,0.30145,0.30145
2020-11-29 13:00:15,0.14811,0.14811
2020-11-29 13:00:45,0.024225,0.024225
2020-11-29 14:00:15,-0.037762,-0.037762
2020-11-29 14:00:45,-0.13749,-0.13749
2020-11-29 15:00:15,-0.3265,-0.3265
2020-11-29 15:00:45,-0.36262,-0.36262
2020-11-29 16:00:15,-0.43949,-0.43949
2020-11-29 16:00:45,-0.37808,-0.37808
2020-11-29 17:00:15,,-0.043437445
2020-11-29 17:00:45,-0.18623,-0.18623
2020-11-29 18:00:15,,-0.09440872
2020-11-29 18:00:45,,-0.08664341249999999
2020-11-29 19:00:15,,-0.062022924999999986
2020-11-29 19:00:45,,-0.051369607499999984
2020-11-29 20:00:15,,-0.006853124999999998
2020-11-29 20:00:45,,-0.016641950000000003
2020-11-29 21:00:15,,-0.05602815750000001
2020-11-29 21:00:45,,-0.0457634175
2020-11-29 22:00:15,,-0.04457903500000001
2020-11-29 22:00:45,,-0.08462649749999998
2020-11-29 23:00:15,,-0.032579472500000005
2020-11-29 23:00:45,,-0.014761699999999999
2020-11-30 00:00:15,0.15048,0.15048
2020-11-30 00:00:45,0.14931,0.14931
2020-11-30 01:00:15,-0.11894,-0.11894
2020-11-30 01:00:45,0.12179,0.12179
2020-11-30 02:00:15,0.20445,0.20445
2020-11-30 02:00:45,0.044351,0.044351
2020-11-30 03:00:15,0.097475,0.097475
2020-11-30 03:00:45,0.37099,0.37099
2020-11-30 04:00:15,0.36977,0.36977
2020-11-30 04:00:45,0.3946,0.3946
2020-11-30 05:00:15,0.39108,0.39108
2020-11-30 05:00:45,0.35799,0.35799
2020-11-30 06:00:15,0.41585,0.41585
2020-11-30 06:00:45,0.31817,0.31817
2020-11-30 07:00:15,,0.41148860750000005
2020-11-30 07:00:45,0.58503,0.58503
2020-11-30 08:00:15,0.56971,0.56971
2020-11-30 08:00:45,0.69988,0.69988
2020-11-30 09:00:15,1.287,1.287
2020-11-30 09:00:45,1.274,1.274
2020-11-30 10:00:15,0.53114,0.53114
2020-11-30 10:00:45,0.51314,0.51314
2020-11-30 11:00:15,0.26675,0.26675
2020-11-30 11:00:45,0.14256,0.14256
2020-11-30 12:00:15,0.55255,0.55255
2020-11-30 12:00:45,0.14585,0.14585
2020-11-30 13:00:15,0.2175,0.2175
2020-11-30 13:00:45,0.10945,0.10945
2020-11-30 14:00:15,-0.031807,-0.031807
2020-11-30 14:00:45,-0.24689,-0.24689
2020-11-30 15:00:15,0.036787,0.036787
2020-11-30 15:00:45,-0.22655,-0.22655
2020-11-30 16:00:15,-0.21985,-0.21985
2020-11-30 16:00:45,-0.12566,-0.12566
2020-11-30 17:00:15,-0.12082,-0.12082
2020-11-30 17:00:45,-0.056116,-0.056116
2020-11-30 18:00:15,-0.10144,-0.10144
2020-11-30 18:00:45,-0.11815,-0.11815
2020-11-30 19:00:15,,-0.08892318000000003
2020-11-30 19:00:45,,-0.09606621750000002
2020-11-30 20:00:15,,-0.097898865
2020-11-30 20:00:45,-0.10105,-0.10105
2020-11-30 21:00:15,-0.11655,-0.11655
2020-11-30 21:00:45,-0.044312,-0.044312
2020-11-30 22:00:15,-0.11288,-0.11288
2020-11-30 22:00:45,0.29024,0.29024
2020-11-30 23:00:15,-0.098702,-0.098702
2020-11-30 23:00:45,,-0.04132910000000001
2020-12-01 00:00:15,-0.033772,-0.033772
2020-12-01 00:00:45,0.3807,0.3807
2020-12-01 01:00:15,0.34584,0.34584
2020-12-01 01:00:45,0.37535,0.37535
2020-12-01 02:00:15,0.36867,0.36867
2020-12-01 02:00:45,0.30028,0.30028
2020-12-01 03:00:15,0.33546,0.33546
2020-12-01 03:00:45,0.53695,0.53695
2020-12-01 04:00:15,0.086411,0.086411
2020-12-01 04:00:45,0.41478,0.41478
2020-12-01 05:00:15,0.36358,0.36358
2020-12-01 05:00:45,,0.36885331499999996
2020-12-01 06:00:15,0.52573,0.52573
2020-12-01 06:00:45,0.43749,0.43749
2020-12-01 07:00:15,0.56084,0.56084
2020-12-01 07:00:45,0.43984,0.43984
2020-12-01 08:00:15,0.21014,0.21014
2020-12-01 08:00:45,0.74905,0.74905
2020-12-01 09:00:15,-0.39043,-0.39043
2020-12-01 09:00:45,0.5089,0.5089
2020-12-01 10:00:15,0.52909,0.52909
2020-12-01 10:00:45,0.92122,0.92122
2020-12-01 11:00:15,0.2373,0.2373
2020-12-01 11:00:45,0.064991,0.064991
2020-12-01 12:00:15,0.30665,0.30665
2020-12-01 12:00:45,0.33776,0.33776
2020-12-01 13:00:15,-0.059683,-0.059683
2020-12-01 13:00:45,-0.26647,-0.26647
2020-12-01 14:00:15,0.26649,0.26649
2020-12-01 14:00:45,0.016643,0.016643
2020-12-01 15:00:15,0.92773,0.92773
2020-12-01 15:00:45,0.77122,0.77122
2020-12-01 16:00:15,0.74795,0.74795
2020-12-01 16:00:45,0.47436,0.47436
2020-12-01 17:00:15,0.040189,0.040189
2020-12-01 17:00:45,,0.085714845
2020-12-01 18:00:15,-0.015485,-0.015485
2020-12-01 18:00:45,-0.13815,-0.13815
2020-12-01 19:00:15,-0.071668,-0.071668
2020-12-01 19:00:45,-0.03017,-0.03017
2020-12-01 20:00:15,-0.071236,-0.071236
2020-12-01 20:00:45,-0.13963,-0.13963
2020-12-01 21:00:15,-0.13364,-0.13364
2020-12-01 21:00:45,-0.14984,-0.14984
2020-12-01 22:00:15,-0.15615,-0.15615
2020-12-01 22:00:45,0.012243,0.012243
2020-12-01 23:00:15,0.37181,0.37181
2020-12-01 23:00:45,0.033938,0.033938
2020-12-02 00:00:15,0.052744,0.052744
2020-12-02 00:00:45,0.070766,0.070766
2020-12-02 01:00:15,0.15216,0.15216
2020-12-02 01:00:45,0.047579,0.047579
2020-12-02 02:00:15,0.075797,0.075797
2020-12-02 02:00:45,0.12383,0.12383
2020-12-02 03:00:15,-0.019024,-0.019024
2020-12-02 03:00:45,0.038266,0.038266
2020-12-02 04:00:15,-0.048837,-0.048837
2020-12-02 04:00:45,-0.10069,-0.10069
2020-12-02 05:00:15,-0.003067,-0.003067
2020-12-02 05:00:45,-0.017962,-0.017962
2020-12-02 06:00:15,0.22849,0.22849
2020-12-02 06:00:45,0.3391,0.3391
2020-12-02 07:00:15,0.4086,0.4086
2020-12-02 07:00:45,0.81873,0.81873
2020-12-02 08:00:15,1.0097,1.0097
2020-12-02 08:00:45,1.2892,1.2892
2020-12-02 09:00:15,1.329,1.329
2020-12-02 09:00:45,1.5206,1.5206
2020-12-02 10:00:15,0.43975,0.43975
2020-12-02 10:00:45,0.45858,0.45858
2020-12-02 11:00:15,0.25446,0.25446
2020-12-02 11:00:45,0.047784,0.047784
2020-12-02 12:00:15,-0.056525,-0.056525
2020-12-02 12:00:45,0.096374,0.096374
2020-12-02 13:00:15,0.2867,0.2867
2020-12-02 13:00:45,0.12007,0.12007
2020-12-02 14:00:15,0.016387,0.016387
2020-12-02 14:00:45,-0.28946,-0.28946
2020-12-02 15:00:15,-0.48165,-0.48165
2020-12-02 15:00:45,-0.55114,-0.55114
2020-12-02 16:00:15,-0.31344,-0.31344
2020-12-02 16:00:45,-0.37617,-0.37617
2020-12-02 17:00:15,0.21108,0.21108
2020-12-02 17:00:45,0.1686,0.1686
2020-12-02 18:00:15,0.18881,0.18881
2020-12-02 18:00:45,0.16223,0.16223
2020-12-02 19:00:15,0.15498,0.15498
2020-12-02 19:00:45,0.15771,0.15771
2020-12-02 20:00:15,0.18469,0.18469
2020-12-02 20:00:45,0.41708,0.41708
2020-12-02 21:00:15,0.36022,0.36022
2020-12-02 21:00:45,0.36577,0.36577
2020-12-02 22:00:15,0.095237,0.095237
2020-12-02 22:00:45,0.23583,0.23583
2020-12-02 23:00:15,0.24841,0.24841
2020-12-02 23:00:45,0.43137,0.43137
2020-12-03 00:00:15,0.56205,0.56205
2020-12-03 00:00:45,0.45099,0.45099
2020-12-03 01:00:15,0.53557,0.53557
2020-12-03 01:00:45,0.55756,0.55756
2020-12-03 02:00:15,0.46339,0.46339
2020-12-03 02:00:45,0.36828,0.36828
2020-12-03 03:00:15,0.24525,0.24525
2020-12-03 03:00:45,0.19218,0.19218
2020-12-03 04:00:15,0.1911,0.1911
2020-12-03 04:00:45,0.5493,0.5493
2020-12-03 05:00:15,0.41953,0.41953
2020-12-03 05:00:45,0.32973,0.32973
2020-12-03 06:00:15,0.51321,0.51321
2020-12-03 06:00:45,0.086171,0.086171
2020-12-03 07:00:15,0.85377,0.85377
2020-12-03 07:00:45,0.5054,0.5054
2020-12-03 08:00:15,,0.2146633325
2020-12-03 08:00:45,-0.38333,-0.38333
2020-12-03 09:00:15,0.97516,0.97516
2020-12-03 09:00:45,0.36264,0.36264
2020-12-03 10:00:15,1.121,1.121
2020-12-03 10:00:45,1.3235,1.3235
2020-12-03 11:00:15,1.8611,1.8611
2020-12-03 11:00:45,1.5472,1.5472
2020-12-03 12:00:15,1.4318,1.4318
2020-12-03 12:00:45,-0.11507,-0.11507
2020-12-03 13:00:15,0.43518,0.43518
2020-12-03 13:00:45,0.40367,0.40367
2020-12-03 14:00:15,0.20699,0.20699
2020-12-03 14:00:45,-0.10353,-0.10353
2020-12-03 15:00:15,-0.057516,-0.057516
2020-12-03 15:00:45,0.033307,0.033307
2020-12-03 16:00:15,-0.30394,-0.30394
2020-12-03 16:00:45,-0.16846,-0.16846
2020-12-03 17:00:15,-0.0207,-0.0207
2020-12-03 17:00:45,,0.19860198750000002
2020-12-03 18:00:15,0.24596,0.24596
2020-12-03 18:00:45,0.30845,0.30845
2020-12-03 19:00:15,0.1439,0.1439
2020-12-03 19:00:45,0.27971,0.27971
2020-12-03 20:00:15,0.12068,0.12068
2020-12-03 20:00:45,0.23147,0.23147
2020-12-03 21:00:15,0.1556,0.1556
2020-12-03 21:00:45,,0.36150096
2020-12-03 22:00:15,,0.3666678299999999
2020-12-03 22:00:45,0.40157,0.40157
2020-12-03 23:00:15,0.23046,0.23046
2020-12-03 23:00:45,0.41254,0.41254
2020-12-04 00:00:15,0.45991,0.45991
2020-12-04 00:00:45,0.40287,0.40287
2020-12-04 01:00:15,,0.317722335
2020-12-04 01:00:45,0.55092,0.55092
2020-12-04 02:00:15,0.32947,0.32947
2020-12-04 02:00:45,,0.3964156
2020-12-04 03:00:15,-0.048369,-0.048369
2020-12-04 03:00:45,0.58545,0.58545
2020-12-04 04:00:15,0.38013,0.38013
2020-12-04 04:00:45,0.20373,0.20373
2020-12-04 05:00:15,0.52778,0.52778
2020-12-04 05:00:45,0.49017,0.49017
2020-12-04 06:00:15,0.86789,0.86789
2020-12-04 06:00:45,0.5012,0.5012
2020-12-04 07:00:15,0.46081,0.46081
2020-12-04 07:00:45,1.2721,1.2721
2020-12-04 08:00:15,0.19189,0.19189
2020-12-04 08:00:45,,0.8834067075
2020-12-04 09:00:15,,0.5771643500000001
2020-12-04 09:00:45,1.1863,1.1863
2020-12-04 10:00:15,0.91034,0.91034
2020-12-04 10:00:45,1.2534,1.2534
2020-12-04 11:00:15,0.55613,0.55613
2020-12-04 11:00:45,-0.086188,-0.086188
2020-12-04 12:00:15,0.23747,0.23747
2020-12-04 12:00:45,0.39284,0.39284
2020-12-04 13:00:15,0.47216,0.47216
2020-12-04 13:00:45,0.10004,0.10004
2020-12-04 14:00:15,0.27674,0.27674
2020-12-04 14:00:45,0.13942,0.13942
2020-12-04 15:00:15,0.16487,0.16487
2020-12-04 15:00:45,-0.19258,-0.19258
2020-12-04 16:00:15,-0.26493,-0.26493
2020-12-04 16:00:45,-0.076564,-0.076564
2020-12-04 17:00:15,,-0.07024333499999999
2020-12-04 17:00:45,,-0.11919194500000002
2020-12-04 18:00:15,,-0.10735343250000001
2020-12-04 18:00:45,,-0.11160670750000003
2020-12-04 19:00:15,,-0.10687493249999999
2020-12-04 19:00:45,,-0.09939045
2020-12-04 20:00:15,,-0.0976595625
2020-12-04 20:00:45,,-0.05321947749999999
2020-12-04 21:00:15,0.052963,0.052963
2020-12-04 21:00:45,,-0.03182301500000001
2020-12-04 22:00:15,0.007443,0.007443
2020-12-04 22:00:45,0.29523,0.29523
2020-12-04 23:00:15,0.38329,0.38329
2020-12-04 23:00:45,0.16885,0.16885
2020-12-05 00:00:15,-0.18643,-0.18643
2020-12-05 00:00:45,-0.005709,-0.005709
2020-12-05 01:00:15,0.39618,0.39618
2020-12-05 01:00:45,0.088255,0.088255
2020-12-05 02:00:15,0.079396,0.079396
2020-12-05 02:00:45,0.38957,0.38957
2020-12-05 03:00:15,0.16289,0.16289
2020-12-05 03:00:45,0.33223,0.33223
2020-12-05 04:00:15,0.080384,0.080384
2020-12-05 04:00:45,0.39852,0.39852
2020-12-05 05:00:15,0.3127,0.3127
2020-12-05 05:00:45,-0.10076,-0.10076
2020-12-05 06:00:15,0.001242,0.001242
2020-12-05 06:00:45,0.38219,0.38219
2020-12-05 07:00:15,0.39072,0.39072
2020-12-05 07:00:45,0.23953,0.23953
2020-12-05 08:00:15,-0.24085,-0.24085
2020-12-05 08:00:45,0.66402,0.66402
2020-12-05 09:00:15,-0.34939,-0.34939
2020-12-05 09:00:45,0.4001,0.4001
2020-12-05 10:00:15,0.56285,0.56285
2020-12-05 10:00:45,0.64361,0.64361
2020-12-05 11:00:15,0.91557,0.91557
2020-12-05 11:00:45,0.36312,0.36312
2020-12-05 12:00:15,0.18238,0.18238
2020-12-05 12:00:45,0.36482,0.36482
2020-12-05 13:00:15,0.25342,0.25342
2020-12-05 13:00:45,0.59874,0.59874
2020-12-05 14:00:15,0.21826,0.21826
2020-12-05 14:00:45,0.33813,0.33813
2020-12-05 15:00:15,0.56067,0.56067
2020-12-05 15:00:45,-0.066411,-0.066411
2020-12-05 16:00:15,-0.31219,-0.31219
2020-12-05 16:00:45,-0.13823,-0.13823
2020-12-05 17:00:15,-0.1751,-0.1751
2020-12-05 17:00:45,-0.10692,-0.10692
2020-12-05 18:00:15,-0.15055,-0.15055
2020-12-05 18:00:45,-0.14573,-0.14573
2020-12-05 19:00:15,-0.098363,-0.098363
2020-12-05 19:00:45,,-0.11880053000000007
2020-12-05 20:00:15,-0.14177,-0.14177
2020-12-05 20:00:45,,-0.09712600499999999
2020-12-05 21:00:15,-0.055516,-0.055516
2020-12-05 21:00:45,-0.12307,-0.12307
2020-12-05 22:00:15,-0.002739,-0.002739
2020-12-05 22:00:45,-0.17249,-0.17249
2020-12-05 23:00:15,-0.11998,-0.11998
2020-12-05 23:00:45,-0.05998,-0.05998
2020-12-06 00:00:15,0.36591,0.36591
2020-12-06 00:00:45,-0.016415,-0.016415
2020-12-06 01:00:15,0.17535,0.17535
2020-12-06 01:00:45,0.2663,0.2663
2020-12-06 02:00:15,0.3748,0.3748
2020-12-06 02:00:45,0.40427,0.40427
2020-12-06 03:00:15,0.47095,0.47095
2020-12-06 03:00:45,0.62919,0.62919
2020-12-06 04:00:15,-0.10634,-0.10634
2020-12-06 04:00:45,,0.2545801625
2020-12-06 05:00:15,0.41123,0.41123
2020-12-06 05:00:45,0.36266,0.36266
2020-12-06 06:00:15,0.047268,0.047268
2020-12-06 06:00:45,1.3113,1.3113
2020-12-06 07:00:15,0.41254,0.41254
2020-12-06 07:00:45,0.52828,0.52828
2020-12-06 08:00:15,1.2913,1.2913
2020-12-06 08:00:45,1.0761,1.0761
2020-12-06 09:00:15,-0.12392,-0.12392
2020-12-06 09:00:45,-0.10887,-0.10887
2020-12-06 10:00:15,-0.13324,-0.13324
2020-12-06 10:00:45,0.9346,0.9346
2020-12-06 11:00:15,0.2533,0.2533
2020-12-06 11:00:45,-0.099155,-0.099155
2020-12-06 12:00:15,0.68858,0.68858
2020-12-06 12:00:45,0.11853,0.11853
2020-12-06 13:00:15,-0.098221,-0.098221
2020-12-06 13:00:45,-0.023262,-0.023262
2020-12-06 14:00:15,0.010483,0.010483
2020-12-06 14:00:45,-0.091397,-0.091397
2020-12-06 15:00:15,-0.092387,-0.092387
2020-12-06 15:00:45,-0.10461,-0.10461
2020-12-06 16:00:15,-0.04375,-0.04375
2020-12-06 16:00:45,-0.11496,-0.11496
2020-12-06 17:00:15,,-0.06490454749999999
2020-12-06 17:00:45,,-0.04334728
2020-12-06 18:00:15,,-0.11244571500000003
2020-12-06 18:00:45,,-0.0037322899999999997
2020-12-06 19:00:15,-0.007787,-0.007787
2020-12-06 19:00:45,-0.15043,-0.15043
2020-12-06 20:00:15,0.005013,0.005013
2020-12-06 20:00:45,0.078519,0.078519
2020-12-06 21:00:15,0.001437,0.001437
2020-12-06 21:00:45,-0.13963,-0.13963
2020-12-06 22:00:15,-0.033659,-0.033659
2020-12-06 22:00:45,0.077018,0.077018
2020-12-06 23:00:15,-0.024975,-0.024975
2020-12-06 23:00:45,0.038007,0.038007
2020-12-07 00:00:15,0.13397,0.13397
2020-12-07 00:00:45,,0.10214047500000001
2020-12-07 01:00:15,0.091479,0.091479
2020-12-07 01:00:45,0.13935,0.13935
2020-12-07 02:00:15,0.1373,0.1373
2020-12-07 02:00:45,0.30321,0.30321
2020-12-07 03:00:15,-0.15527,-0.15527
2020-12-07 03:00:45,0.11279,0.11279
2020-12-07 04:00:15,,0.3388178525
2020-12-07 04:00:45,0.1444,0.1444
2020-12-07 05:00:15,0.5873,0.5873
2020-12-07 05:00:45,0.43301,0.43301
2020-12-07 06:00:15,,0.333020935
2020-12-07 06:00:45,0.018123,0.018123
2020-12-07 07:00:15,0.86856,0.86856
2020-12-07 07:00:45,0.79743,0.79743
2020-12-07 08:00:15,0.22528,0.22528
2020-12-07 08:00:45,0.91982,0.91982
2020-12-07 09:00:15,0.56081,0.56081
2020-12-07 09:00:45,0.073232,0.073232
2020-12-07 10:00:15,-0.059331,-0.059331
2020-12-07 10:00:45,0.000832,0.000832
2020-12-07 11:00:15,0.35115,0.35115
2020-12-07 11:00:45,0.17116,0.17116
2020-12-07 12:00:15,-0.03763,-0.03763
2020-12-07 12:00:45,-0.024361,-0.024361
2020-12-07 13:00:15,0.078698,0.078698
2020-12-07 13:00:45,-0.001264,-0.001264
2020-12-07 14:00:15,-0.41168,-0.41168
2020-12-07 14:00:45,-0.55448,-0.55448
2020-12-07 15:00:15,-0.4799,-0.4799
2020-12-07 15:00:45,-0.29051,-0.29051
2020-12-07 16:00:15,-0.12742,-0.12742
2020-12-07 16:00:45,-0.028171,-0.028171
2020-12-07 17:00:15,-0.019311,-0.019311
2020-12-07 17:00:45,0.075258,0.075258
2020-12-07 18:00:15,,-0.11982604000000004
2020-12-07 18:00:45,-0.13276,-0.13276
2020-12-07 19:00:15,-0.025294,-0.025294
2020-12-07 19:00:45,-0.0363,-0.0363
2020-12-07 20:00:15,0.13726,0.13726
2020-12-07 20:00:45,-0.1248,-0.1248
2020-12-07 21:00:15,-0.14875,-0.14875
2020-12-07 21:00:45,-0.096397,-0.096397
2020-12-07 22:00:15,0.00917,0.00917
2020-12-07 22:00:45,0.056488,0.056488
2020-12-07 23:00:15,0.20783,0.20783
2020-12-07 23:00:45,-0.17294,-0.17294
2020-12-08 00:00:15,0.062432,0.062432
2020-12-08 00:00:45,0.014738,0.014738
2020-12-08 01:00:15,,0.0337387675
2020-12-08 01:00:45,0.13402,0.13402
2020-12-08 02:00:15,,0.24449975999999995
2020-12-08 02:00:45,0.2059,0.2059
2020-12-08 03:00:15,0.29478,0.29478
2020-12-08 03:00:45,0.08613,0.08613
2020-12-08 04:00:15,0.20127,0.20127
2020-12-08 04:00:45,0.40555,0.40555
2020-12-08 05:00:15,0.067292,0.067292
2020-12-08 05:00:45,0.019526,0.019526
2020-12-08 06:00:15,0.37688,0.37688
2020-12-08 06:00:45,0.33456,0.33456
2020-12-08 07:00:15,0.38632,0.38632
2020-12-08 07:00:45,0.64597,0.64597
2020-12-08 08:00:15,0.48895,0.48895
2020-12-08 08:00:45,-0.25874,-0.25874
2020-12-08 09:00:15,-0.39221,-0.39221
2020-12-08 09:00:45,-0.10757,-0.10757
2020-12-08 10:00:15,0.098438,0.098438
2020-12-08 10:00:45,-0.038425,-0.038425
2020-12-08 11:00:15,0.15649,0.15649
2020-12-08 11:00:45,0.048174,0.048174
2020-12-08 12:00:15,0.27876,0.27876
2020-12-08 12:00:45,-0.034544,-0.034544
2020-12-08 13:00:15,0.18604,0.18604
2020-12-08 13:00:45,-0.016049,-0.016049
2020-12-08 14:00:15,-0.10524,-0.10524
2020-12-08 14:00:45,0.13592,0.13592
2020-12-08 15:00:15,-0.19657,-0.19657
2020-12-08 15:00:45,-0.1783,-0.1783
2020-12-08 16:00:15,-0.043922,-0.043922
2020-12-08 16:00:45,-0.083947,-0.083947
2020-12-08 17:00:15,,0.004894055
2020-12-08 17:00:45,0.018814,0.018814
2020-12-08 18:00:15,0.01484,0.01484
2020-12-08 18:00:45,0.1785,0.1785
2020-12-08 19:00:15,-0.1905,-0.1905
2020-12-08 19:00:45,,-0.11743116250000009
2020-12-08 20:00:15,,-0.12462749500000005
2020-12-08 20:00:45,-0.12308,-0.12308
2020-12-08 21:00:15,,-0.11419516500000007
2020-12-08 21:00:45,,-0.11081237000000002
2020-12-08 22:00:15,-0.11554,-0.11554
2020-12-08 22:00:45,-0.13479,-0.13479
2020-12-08 23:00:15,0.022155,0.022155
2020-12-08 23:00:45,-0.044384,-0.044384
2020-12-09 00:00:15,-0.025575,-0.025575
2020-12-09 00:00:45,-0.026482,-0.026482
2020-12-09 01:00:15,-0.016847,-0.016847
2020-12-09 01:00:45,0.055674,0.055674
2020-12-09 02:00:15,0.16785,0.16785
2020-12-09 02:00:45,-0.045414,-0.045414
2020-12-09 03:00:15,-0.053724,-0.053724
2020-12-09 03:00:45,0.32734,0.32734
2020-12-09 04:00:15,0.31237,0.31237
2020-12-09 04:00:45,0.31597,0.31597
2020-12-09 05:00:15,0.24421,0.24421
2020-12-09 05:00:45,0.016257,0.016257
2020-12-09 06:00:15,0.37127,0.37127
2020-12-09 06:00:45,,0.41851013499999984
2020-12-09 07:00:15,0.18288,0.18288
2020-12-09 07:00:45,0.52419,0.52419
2020-12-09 08:00:15,-0.040375,-0.040375
2020-12-09 08:00:45,1.103,1.103
2020-12-09 09:00:15,-0.45248,-0.45248
2020-12-09 09:00:45,-0.65927,-0.65927
2020-12-09 10:00:15,0.76675,0.76675
2020-12-09 10:00:45,-0.15864,-0.15864
2020-12-09 11:00:15,-0.19671,-0.19671
2020-12-09 11:00:45,0.44866,0.44866
2020-12-09 12:00:15,0.69035,0.69035
2020-12-09 12:00:45,0.94784,0.94784
2020-12-09 13:00:15,0.042303,0.042303
2020-12-09 13:00:45,0.19504,0.19504
2020-12-09 14:00:15,-0.25035,-0.25035
2020-12-09 14:00:45,-0.29267,-0.29267
2020-12-09 15:00:15,0.46002,0.46002
2020-12-09 15:00:45,-0.13047,-0.13047
2020-12-09 16:00:15,-0.076429,-0.076429
2020-12-09 16:00:45,-0.053281,-0.053281
2020-12-09 17:00:15,-0.012845,-0.012845
2020-12-09 17:00:45,-0.030581,-0.030581
2020-12-09 18:00:15,-0.11252,-0.11252
2020-12-09 18:00:45,-0.076325,-0.076325
2020-12-09 19:00:15,-0.054739,-0.054739
2020-12-09 19:00:45,,-0.10280622750000003
2020-12-09 20:00:15,,-0.09307873749999998
2020-12-09 20:00:45,-0.03062,-0.03062
2020-12-09 21:00:15,0.011332,0.011332
2020-12-09 21:00:45,-0.006238,-0.006238
2020-12-09 22:00:15,-0.017289,-0.017289
2020-12-09 22:00:45,,-0.03179576
2020-12-09 23:00:15,,0.018827077499999997
2020-12-09 23:00:45,-0.040704,-0.040704
2020-12-10 00:00:15,-0.11957,-0.11957
2020-12-10 00:00:45,-0.1287,-0.1287
2020-12-10 01:00:15,-0.052605,-0.052605
2020-12-10 01:00:45,0.025543,0.025543
2020-12-10 02:00:15,,-0.026731652499999994
2020-12-10 02:00:45,0.36072,0.36072
2020-12-10 03:00:15,,0.25317841
2020-12-10 03:00:45,-0.083891,-0.083891
2020-12-10 04:00:15,,0.088198515
2020-12-10 04:00:45,,0.09214827
2020-12-10 05:00:15,0.2385,0.2385
2020-12-10 05:00:45,0.60844,0.60844
2020-12-10 06:00:15,-0.19421,-0.19421
2020-12-10 06:00:45,,0.21418625999999996
2020-12-10 07:00:15,,0.28141962499999995
2020-12-10 07:00:45,,0.06296041749999998
2020-12-10 08:00:15,,-0.07188409250000001
2020-12-10 08:00:45,,-0.0176512625
2020-12-10 09:00:15,,-0.04664924750000001
2020-12-10 09:00:45,,-0.05707872749999999
2020-12-10 10:00:15,,-0.054585545
2020-12-10 10:00:45,,-0.08288216749999999
2020-12-10 11:00:15,,-0.17645514499999998
2020-12-10 11:00:45,,0.09477639250000003
2020-12-10 12:00:15,0.31958,0.31958
2020-12-10 12:00:45,-1.3144,-1.3144
2020-12-10 13:00:15,0.20674,0.20674
2020-12-10 13:00:45,0.89726,0.89726
2020-12-10 14:00:15,0.34748,0.34748
2020-12-10 14:00:45,-0.014295,-0.014295
2020-12-10 15:00:15,-0.041445,-0.041445
2020-12-10 15:00:45,0.94109,0.94109
2020-12-10 16:00:15,0.1319,0.1319
2020-12-10 16:00:45,,0.31988416750000004
2020-12-10 17:00:15,,0.38022787
2020-12-10 17:00:45,,0.41774169250000004
2020-12-10 18:00:15,,0.3869700675000001
2020-12-10 18:00:45,,0.3855637424999999
2020-12-10 19:00:15,,0.4672246299999999
2020-12-10 19:00:45,,0.47289230249999986
2020-12-10 20:00:15,,0.4032577050000001
2020-12-10 20:00:45,,0.3088799175000001
2020-12-10 21:00:15,0.25388,0.25388
2020-12-10 21:00:45,0.33679,0.33679
2020-12-10 22:00:15,0.30864,0.30864
2020-12-10 22:00:45,0.2457,0.2457
2020-12-10 23:00:15,0.18035,0.18035
2020-12-10 23:00:45,0.12204,0.12204
2020-12-11 00:00:15,,0.21204765250000002
2020-12-11 00:00:45,0.19244,0.19244
2020-12-11 01:00:15,0.20971,0.20971
2020-12-11 01:00:45,0.28003,0.28003
2020-12-11 02:00:15,0.18231,0.18231
2020-12-11 02:00:45,,0.06889820000000002
2020-12-11 03:00:15,0.12702,0.12702
2020-12-11 03:00:45,0.070903,0.070903
2020-12-11 04:00:15,0.020949,0.020949
2020-12-11 04:00:45,,0.0083717075
2020-12-11 05:00:15,,0.010593245000000003
2020-12-11 05:00:45,,-0.0005140299999999987
2020-12-11 06:00:15,,-0.015251195
2020-12-11 06:00:45,0.094601,0.094601
2020-12-11 07:00:15,0.32489,0.32489
2020-12-11 07:00:45,-0.11299,-0.11299
2020-12-11 08:00:15,0.29287,0.29287
2020-12-11 08:00:45,0.31658,0.31658
2020-12-11 09:00:15,0.32511,0.32511
2020-12-11 09:00:45,0.3943,0.3943
2020-12-11 10:00:15,0.63795,0.63795
2020-12-11 10:00:45,1.3351,1.3351
2020-12-11 11:00:15,0.6655,0.6655
2020-12-11 11:00:45,0.85457,0.85457
2020-12-11 12:00:15,1.251,1.251
2020-12-11 12:00:45,1.6904,1.6904
2020-12-11 13:00:15,1.5094,1.5094
2020-12-11 13:00:45,1.4883,1.4883
2020-12-11 14:00:15,1.3331,1.3331
2020-12-11 14:00:45,1.4866,1.4866
2020-12-11 15:00:15,1.1556,1.1556
2020-12-11 15:00:45,0.41007,0.41007
2020-12-11 16:00:15,0.55158,0.55158
2020-12-11 16:00:45,0.22126,0.22126
2020-12-11 17:00:15,-0.061708,-0.061708
2020-12-11 17:00:45,-0.073421,-0.073421
2020-12-11 18:00:15,0.090104,0.090104
2020-12-11 18:00:45,-0.16205,-0.16205
2020-12-11 19:00:15,,-0.08324383
2020-12-11 19:00:45,-0.043581,-0.043581
2020-12-11 20:00:15,,-0.051971612500000014
2020-12-11 20:00:45,0.38251,0.38251
2020-12-11 21:00:15,0.070809,0.070809
2020-12-11 21:00:45,0.062629,0.062629
2020-12-11 22:00:15,-0.039489,-0.039489
2020-12-11 22:00:45,0.010001,0.010001
2020-12-11 23:00:15,0.42683,0.42683
2020-12-11 23:00:45,0.16651,0.16651
2020-12-12 00:00:15,-0.13903,-0.13903
2020-12-12 00:00:45,0.037066,0.037066
2020-12-12 01:00:15,-0.004709,-0.004709
2020-12-12 01:00:45,0.057558,0.057558
2020-12-12 02:00:15,0.55536,0.55536
2020-12-12 02:00:45,0.17566,0.17566
2020-12-12 03:00:15,0.36038,0.36038
2020-12-12 03:00:45,0.68455,0.68455
2020-12-12 04:00:15,0.46027,0.46027
2020-12-12 04:00:45,0.43901,0.43901
2020-12-12 05:00:15,0.32675,0.32675
2020-12-12 05:00:45,0.30032,0.30032
2020-12-12 06:00:15,0.3881,0.3881
2020-12-12 06:00:45,0.27801,0.27801
2020-12-12 07:00:15,0.33636,0.33636
2020-12-12 07:00:45,0.19541,0.19541
2020-12-12 08:00:15,-0.22711,-0.22711
2020-12-12 08:00:45,-0.023289,-0.023289
2020-12-12 09:00:15,0.042134,0.042134
2020-12-12 09:00:45,0.03831,0.03831
2020-12-12 10:00:15,0.046418,0.046418
2020-12-12 10:00:45,0.13142,0.13142
2020-12-12 11:00:15,0.1241,0.1241
2020-12-12 11:00:45,0.11609,0.11609
2020-12-12 12:00:15,0.15717,0.15717
2020-12-12 12:00:45,0.46305,0.46305
2020-12-12 13:00:15,0.4805,0.4805
2020-12-12 13:00:45,0.72182,0.72182
2020-12-12 14:00:15,0.45843,0.45843
2020-12-12 14:00:45,0.50761,0.50761
2020-12-12 15:00:15,0.44146,0.44146
2020-12-12 15:00:45,0.64164,0.64164
2020-12-12 16:00:15,0.52855,0.52855
2020-12-12 16:00:45,0.4164,0.4164
2020-12-12 17:00:15,0.34753,0.34753
2020-12-12 17:00:45,0.15925,0.15925
2020-12-12 18:00:15,0.062126,0.062126
2020-12-12 18:00:45,0.24994,0.24994
2020-12-12 19:00:15,0.52835,0.52835
2020-12-12 19:00:45,0.61937,0.61937
2020-12-12 20:00:15,1.2388,1.2388
2020-12-12 20:00:45,1.6006,1.6006
2020-12-12 21:00:15,0.63449,0.63449
2020-12-12 21:00:45,0.77278,0.77278
2020-12-12 22:00:15,0.99258,0.99258
2020-12-12 22:00:45,0.73638,0.73638
2020-12-12 23:00:15,1.1045,1.1045
2020-12-12 23:00:45,0.53784,0.53784
2020-12-13 00:00:15,0.46875,0.46875
2020-12-13 00:00:45,0.51362,0.51362
2020-12-13 01:00:15,0.90841,0.90841
2020-12-13 01:00:45,0.9776,0.9776
2020-12-13 02:00:15,0.65891,0.65891
2020-12-13 02:00:45,0.71421,0.71421
2020-12-13 03:00:15,0.46334,0.46334
2020-12-13 03:00:45,0.14612,0.14612
2020-12-13 04:00:15,0.44125,0.44125
2020-12-13 04:00:45,0.21658,0.21658
2020-12-13 05:00:15,0.25402,0.25402
2020-12-13 05:00:45,0.46214,0.46214
2020-12-13 06:00:15,0.51337,0.51337
2020-12-13 06:00:45,0.22953,0.22953
2020-12-13 07:00:15,0.49534,0.49534
2020-12-13 07:00:45,0.41041,0.41041
2020-12-13 08:00:15,1.0094,1.0094
2020-12-13 08:00:45,0.62251,0.62251
2020-12-13 09:00:15,0.75326,0.75326
2020-12-13 09:00:45,1.1591,1.1591
2020-12-13 10:00:15,1.0815,1.0815
2020-12-13 10:00:45,1.3519,1.3519
2020-12-13 11:00:15,2.0449,2.0449
2020-12-13 11:00:45,1.7987,1.7987
2020-12-13 12:00:15,1.3028,1.3028
2020-12-13 12:00:45,0.076994,0.076994
2020-12-13 13:00:15,-0.22926,-0.22926
2020-12-13 13:00:45,-0.40439,-0.40439
2020-12-13 14:00:15,0.12937,0.12937
2020-12-13 14:00:45,0.38799,0.38799
2020-12-13 15:00:15,-0.078693,-0.078693
2020-12-13 15:00:45,-0.28219,-0.28219
2020-12-13 16:00:15,-0.14408,-0.14408
2020-12-13 16:00:45,-0.1604,-0.1604
2020-12-13 17:00:15,0.17339,0.17339
2020-12-13 17:00:45,0.18851,0.18851
2020-12-13 18:00:15,0.20405,0.20405
2020-12-13 18:00:45,0.34934,0.34934
2020-12-13 19:00:15,0.38579,0.38579
2020-12-13 19:00:45,0.34656,0.34656
2020-12-13 20:00:15,0.36916,0.36916
2020-12-13 20:00:45,0.3604,0.3604
2020-12-13 21:00:15,0.41549,0.41549
2020-12-13 21:00:45,0.35624,0.35624
2020-12-13 22:00:15,0.36378,0.36378
2020-12-13 22:00:45,0.28535,0.28535
2020-12-13 23:00:15,0.22838,0.22838
2020-12-13 23:00:45,0.38345,0.38345
2020-12-14 00:00:15,,0.39837224499999985
2020-12-14 00:00:45,0.25918,0.25918
2020-12-14 01:00:15,0.46433,0.46433
2020-12-14 01:00:45,0.29107,0.29107
2020-12-14 02:00:15,0.4401,0.4401
2020-12-14 02:00:45,0.35716,0.35716
2020-12-14 03:00:15,0.3628,0.3628
2020-12-14 03:00:45,0.33578,0.33578
2020-12-14 04:00:15,0.40998,0.40998
2020-12-14 04:00:45,0.36064,0.36064
2020-12-14 05:00:15,0.34487,0.34487
2020-12-14 05:00:45,0.49073,0.49073
2020-12-14 06:00:15,0.38878,0.38878
2020-12-14 06:00:45,0.47624,0.47624
2020-12-14 07:00:15,0.43624,0.43624
2020-12-14 07:00:45,0.43646,0.43646
2020-12-14 08:00:15,,0.7544562324999999
2020-12-14 08:00:45,,0.8539787
2020-12-14 09:00:15,-0.5786,-0.5786
2020-12-14 09:00:45,0.62451,0.62451
2020-12-14 10:00:15,,0.4524881425
2020-12-14 10:00:45,,0.0613087175
2020-12-14 11:00:15,0.27031,0.27031
2020-12-14 11:00:45,0.30391,0.30391
2020-12-14 12:00:15,0.11296,0.11296
2020-12-14 12:00:45,0.005016,0.005016
2020-12-14 13:00:15,0.12329,0.12329
2020-12-14 13:00:45,0.01023,0.01023
2020-12-14 14:00:15,-0.018592,-0.018592
2020-12-14 14:00:45,-0.061314,-0.061314
2020-12-14 15:00:15,-0.040436,-0.040436
2020-12-14 15:00:45,0.1713,0.1713
2020-12-14 16:00:15,0.041875,0.041875
2020-12-14 16:00:45,-0.001931,-0.001931
2020-12-14 17:00:15,-0.1256,-0.1256
2020-12-14 17:00:45,0.19719,0.19719
2020-12-14 18:00:15,-0.028386,-0.028386
2020-12-14 18:00:45,-0.069766,-0.069766
2020-12-14 19:00:15,0.001057,0.001057
2020-12-14 19:00:45,,-0.012415687500000001
2020-12-14 20:00:15,0.34635,0.34635
2020-12-14 20:00:45,0.40483,0.40483
2020-12-14 21:00:15,-0.082774,-0.082774
2020-12-14 21:00:45,-0.17491,-0.17491
2020-12-14 22:00:15,1.0258,1.0258
2020-12-14 22:00:45,0.017859,0.017859
2020-12-14 23:00:15,0.044675,0.044675
2020-12-14 23:00:45,0.026662,0.026662
2020-12-15 00:00:15,-0.050932,-0.050932
2020-12-15 00:00:45,-0.17447,-0.17447
2020-12-15 01:00:15,-0.014793,-0.014793
2020-12-15 01:00:45,0.10142,0.10142
2020-12-15 02:00:15,0.063124,0.063124
2020-12-15 02:00:45,0.44395,0.44395
2020-12-15 03:00:15,0.26933,0.26933
2020-12-15 03:00:45,0.24404,0.24404
2020-12-15 04:00:15,0.28272,0.28272
2020-12-15 04:00:45,0.41448,0.41448
2020-12-15 05:00:15,0.15095,0.15095
2020-12-15 05:00:45,0.37776,0.37776
2020-12-15 06:00:15,0.37631,0.37631
2020-12-15 06:00:45,0.4649,0.4649
2020-12-15 07:00:15,0.4207,0.4207
2020-12-15 07:00:45,0.30008,0.30008
2020-12-15 08:00:15,0.77302,0.77302
2020-12-15 08:00:45,0.85492,0.85492
2020-12-15 09:00:15,1.2454,1.2454
2020-12-15 09:00:45,1.2772,1.2772
2020-12-15 10:00:15,1.0243,1.0243
2020-12-15 10:00:45,-0.17294,-0.17294
2020-12-15 11:00:15,0.003497,0.003497
2020-12-15 11:00:45,-0.086162,-0.086162
2020-12-15 12:00:15,-0.010959,-0.010959
2020-12-15 12:00:45,0.083931,0.083931
2020-12-15 13:00:15,0.40762,0.40762
2020-12-15 13:00:45,0.50971,0.50971
2020-12-15 14:00:15,0.88292,0.88292
2020-12-15 14:00:45,0.75367,0.75367
2020-12-15 15:00:15,0.63995,0.63995
2020-12-15 15:00:45,0.3641,0.3641
2020-12-15 16:00:15,0.017385,0.017385
2020-12-15 16:00:45,-0.18871,-0.18871
2020-12-15 17:00:15,-0.063115,-0.063115
2020-12-15 17:00:45,0.35442,0.35442
2020-12-15 18:00:15,0.34172,0.34172
2020-12-15 18:00:45,0.29233,0.29233
2020-12-15 19:00:15,0.31234,0.31234
2020-12-15 19:00:45,0.36454,0.36454
2020-12-15 20:00:15,0.38318,0.38318
2020-12-15 20:00:45,0.40495,0.40495
2020-12-15 21:00:15,0.39141,0.39141
2020-12-15 21:00:45,0.42782,0.42782
2020-12-15 22:00:15,0.50691,0.50691
2020-12-15 22:00:45,0.34922,0.34922
2020-12-15 23:00:15,0.38249,0.38249
2020-12-15 23:00:45,0.38361,0.38361
2020-12-16 00:00:15,0.39584,0.39584
2020-12-16 00:00:45,0.38888,0.38888
2020-12-16 01:00:15,0.36817,0.36817
2020-12-16 01:00:45,0.43369,0.43369
2020-12-16 02:00:15,0.4481,0.4481
2020-12-16 02:00:45,0.43543,0.43543
2020-12-16 03:00:15,0.47601,0.47601
2020-12-16 03:00:45,0.40317,0.40317
2020-12-16 04:00:15,0.59491,0.59491
2020-12-16 04:00:45,0.37679,0.37679
2020-12-16 05:00:15,0.67744,0.67744
2020-12-16 05:00:45,0.42998,0.42998
2020-12-16 06:00:15,0.4827,0.4827
2020-12-16 06:00:45,0.47651,0.47651
2020-12-16 07:00:15,0.68946,0.68946
2020-12-16 07:00:45,0.32415,0.32415
2020-12-16 08:00:15,0.7624,0.7624
2020-12-16 08:00:45,1.1817,1.1817
2020-12-16 09:00:15,0.74391,0.74391
2020-12-16 09:00:45,0.80314,0.80314
2020-12-16 10:00:15,0.88734,0.88734
2020-12-16 10:00:45,,0.16954882749999994
2020-12-16 11:00:15,-0.11246,-0.11246
2020-12-16 11:00:45,-0.11819,-0.11819
2020-12-16 12:00:15,-0.10266,-0.10266
2020-12-16 12:00:45,-0.13139,-0.13139
2020-12-16 13:00:15,-0.035466,-0.035466
2020-12-16 13:00:45,-0.22809,-0.22809
2020-12-16 14:00:15,-0.049088,-0.049088
2020-12-16 14:00:45,-0.06145,-0.06145
2020-12-16 15:00:15,-0.11745,-0.11745
2020-12-16 15:00:45,-0.24569,-0.24569
2020-12-16 16:00:15,-0.017486,-0.017486
2020-12-16 16:00:45,-0.067214,-0.067214
2020-12-16 17:00:15,-0.017751,-0.017751
2020-12-16 17:00:45,-0.16857,-0.16857
2020-12-16 18:00:15,,-0.034755110000000006
2020-12-16 18:00:45,-0.09628,-0.09628
2020-12-16 19:00:15,0.025401,0.025401
2020-12-16 19:00:45,-0.049573,-0.049573
2020-12-16 20:00:15,-0.056557,-0.056557
2020-12-16 20:00:45,0.23549,0.23549
2020-12-16 21:00:15,0.039141,0.039141
2020-12-16 21:00:45,-0.19782,-0.19782
2020-12-16 22:00:15,0.21414,0.21414
2020-12-16 22:00:45,0.011491,0.011491
2020-12-16 23:00:15,0.08919,0.08919
2020-12-16 23:00:45,0.24407,0.24407
2020-12-17 00:00:15,0.35276,0.35276
2020-12-17 00:00:45,0.35051,0.35051
2020-12-17 01:00:15,0.29044,0.29044
2020-12-17 01:00:45,0.38704,0.38704
2020-12-17 02:00:15,0.39777,0.39777
2020-12-17 02:00:45,0.3903,0.3903
2020-12-17 03:00:15,0.14781,0.14781
2020-12-17 03:00:45,0.3575,0.3575
2020-12-17 04:00:15,,0.37951973749999995
2020-12-17 04:00:45,0.42994,0.42994
2020-12-17 05:00:15,0.17816,0.17816
2020-12-17 05:00:45,0.28285,0.28285
2020-12-17 06:00:15,-0.051619,-0.051619
2020-12-17 06:00:45,0.34536,0.34536
2020-12-17 07:00:15,0.53772,0.53772
2020-12-17 07:00:45,0.4068,0.4068
2020-12-17 08:00:15,0.60543,0.60543
2020-12-17 08:00:45,0.65074,0.65074
2020-12-17 09:00:15,0.80891,0.80891
2020-12-17 09:00:45,0.74298,0.74298
2020-12-17 10:00:15,0.39785,0.39785
2020-12-17 10:00:45,-0.18279,-0.18279
2020-12-17 11:00:15,0.023118,0.023118
2020-12-17 11:00:45,-0.017173,-0.017173
2020-12-17 12:00:15,0.24406,0.24406
2020-12-17 12:00:45,-0.3504,-0.3504
2020-12-17 13:00:15,0.059183,0.059183
2020-12-17 13:00:45,0.24372,0.24372
2020-12-17 14:00:15,0.24723,0.24723
2020-12-17 14:00:45,0.19228,0.19228
2020-12-17 15:00:15,0.13891,0.13891
2020-12-17 15:00:45,0.15402,0.15402
2020-12-17 16:00:15,0.030521,0.030521
2020-12-17 16:00:45,-0.092288,-0.092288
2020-12-17 17:00:15,-0.11101,-0.11101
2020-12-17 17:00:45,-0.087486,-0.087486
2020-12-17 18:00:15,0.020277,0.020277
2020-12-17 18:00:45,0.016471,0.016471
2020-12-17 19:00:15,0.12778,0.12778
2020-12-17 19:00:45,0.015302,0.015302
2020-12-17 20:00:15,0.014121,0.014121
2020-12-17 20:00:45,0.070993,0.070993
2020-12-17 21:00:15,0.003286,0.003286
2020-12-17 21:00:45,-0.12829,-0.12829
2020-12-17 22:00:15,0.068144,0.068144
2020-12-17 22:00:45,0.13663,0.13663
2020-12-17 23:00:15,0.10699,0.10699
2020-12-17 23:00:45,0.1227,0.1227
2020-12-18 00:00:15,0.02503,0.02503
2020-12-18 00:00:45,-0.099501,-0.099501
2020-12-18 01:00:15,-0.000319,-0.000319
2020-12-18 01:00:45,-0.018194,-0.018194
2020-12-18 02:00:15,-0.039846,-0.039846
2020-12-18 02:00:45,-0.1204,-0.1204
2020-12-18 03:00:15,-0.1188,-0.1188
2020-12-18 03:00:45,,-0.12252785750000005
2020-12-18 04:00:15,0.43439,0.43439
2020-12-18 04:00:45,,0.33911121750000006
2020-12-18 05:00:15,0.38504,0.38504
2020-12-18 05:00:45,0.106,0.106
2020-12-18 06:00:15,0.30659,0.30659
2020-12-18 06:00:45,0.28176,0.28176
2020-12-18 07:00:15,,0.32079163749999995
2020-12-18 07:00:45,0.53232,0.53232
2020-12-18 08:00:15,1.1294,1.1294
2020-12-18 08:00:45,-0.062733,-0.062733
2020-12-18 09:00:15,0.44492,0.44492
2020-12-18 09:00:45,0.12525,0.12525
2020-12-18 10:00:15,0.27075,0.27075
2020-12-18 10:00:45,0.67135,0.67135
2020-12-18 11:00:15,0.54151,0.54151
2020-12-18 11:00:45,0.51521,0.51521
2020-12-18 12:00:15,0.20671,0.20671
2020-12-18 12:00:45,-0.31744,-0.31744
2020-12-18 13:00:15,-0.038228,-0.038228
2020-12-18 13:00:45,0.17551,0.17551
2020-12-18 14:00:15,0.13147,0.13147
2020-12-18 14:00:45,0.53787,0.53787
2020-12-18 15:00:15,0.68205,0.68205
2020-12-18 15:00:45,0.50091,0.50091
2020-12-18 16:00:15,0.22172,0.22172
2020-12-18 16:00:45,-0.11072,-0.11072
2020-12-18 17:00:15,,-0.04677877250000001
2020-12-18 17:00:45,-0.099495,-0.099495
2020-12-18 18:00:15,-0.12509,-0.12509
2020-12-18 18:00:45,-0.12368,-0.12368
2020-12-18 19:00:15,,-0.10748872000000001
2020-12-18 19:00:45,-0.14007,-0.14007
2020-12-18 20:00:15,0.18406,0.18406
2020-12-18 20:00:45,0.23148,0.23148
2020-12-18 21:00:15,-0.12685,-0.12685
2020-12-18 21:00:45,0.19767,0.19767
2020-12-18 22:00:15,0.3311,0.3311
2020-12-18 22:00:45,0.51979,0.51979
2020-12-18 23:00:15,0.36391,0.36391
2020-12-18 23:00:45,-0.11967,-0.11967
2020-12-19 00:00:15,0.46517,0.46517
2020-12-19 00:00:45,0.33066,0.33066
2020-12-19 01:00:15,0.34645,0.34645
2020-12-19 01:00:45,0.32605,0.32605
2020-12-19 02:00:15,0.35086,0.35086
2020-12-19 02:00:45,0.36203,0.36203
2020-12-19 03:00:15,0.46376,0.46376
2020-12-19 03:00:45,0.42669,0.42669
2020-12-19 04:00:15,0.35704,0.35704
2020-12-19 04:00:45,0.3737,0.3737
2020-12-19 05:00:15,0.31662,0.31662
2020-12-19 05:00:45,0.33148,0.33148
2020-12-19 06:00:15,0.41193,0.41193
2020-12-19 06:00:45,0.29643,0.29643
2020-12-19 07:00:15,,0.3936355375000001
2020-12-19 07:00:45,0.24317,0.24317
2020-12-19 08:00:15,0.27968,0.27968
2020-12-19 08:00:45,1.1147,1.1147
2020-12-19 09:00:15,-0.31578,-0.31578
2020-12-19 09:00:45,-0.34122,-0.34122
2020-12-19 10:00:15,-0.038443,-0.038443
2020-12-19 10:00:45,0.016596,0.016596
2020-12-19 11:00:15,-0.04168,-0.04168
2020-12-19 11:00:45,-0.18446,-0.18446
2020-12-19 12:00:15,-0.010611,-0.010611
2020-12-19 12:00:45,0.081089,0.081089
2020-12-19 13:00:15,-0.04961,-0.04961
2020-12-19 13:00:45,0.11686,0.11686
2020-12-19 14:00:15,-0.18328,-0.18328
2020-12-19 14:00:45,-0.12503,-0.12503
2020-12-19 15:00:15,0.013051,0.013051
2020-12-19 15:00:45,-0.068696,-0.068696
2020-12-19 16:00:15,0.045563,0.045563
2020-12-19 16:00:45,0.0246,0.0246
2020-12-19 17:00:15,-0.040864,-0.040864
2020-12-19 17:00:45,-0.024497,-0.024497
2020-12-19 18:00:15,0.008708,0.008708
2020-12-19 18:00:45,0.036299,0.036299
2020-12-19 19:00:15,-0.12767,-0.12767
2020-12-19 19:00:45,-0.12146,-0.12146
2020-12-19 20:00:15,,-0.059246352500000016
2020-12-19 20:00:45,-0.10442,-0.10442
2020-12-19 21:00:15,0.084079,0.084079
2020-12-19 21:00:45,0.29266,0.29266
2020-12-19 22:00:15,0.42374,0.42374
2020-12-19 22:00:45,0.19086,0.19086
2020-12-19 23:00:15,0.25691,0.25691
2020-12-19 23:00:45,1.087,1.087
2020-12-20 00:00:15,0.44612,0.44612
2020-12-20 00:00:45,0.284,0.284
2020-12-20 01:00:15,0.32633,0.32633
2020-12-20 01:00:45,0.64549,0.64549
2020-12-20 02:00:15,-0.060569,-0.060569
2020-12-20 02:00:45,0.26179,0.26179
2020-12-20 03:00:15,0.27252,0.27252
2020-12-20 03:00:45,,0.3799338450000001
2020-12-20 04:00:15,0.27964,0.27964
2020-12-20 04:00:45,0.4377,0.4377
2020-12-20 05:00:15,0.51499,0.51499
2020-12-20 05:00:45,0.4342,0.4342
2020-12-20 06:00:15,0.35335,0.35335
2020-12-20 06:00:45,0.44067,0.44067
2020-12-20 07:00:15,0.46567,0.46567
2020-12-20 07:00:45,0.31002,0.31002
2020-12-20 08:00:15,0.4647,0.4647
2020-12-20 08:00:45,1.3018,1.3018
2020-12-20 09:00:15,0.26944,0.26944
2020-12-20 09:00:45,0.40211,0.40211
2020-12-20 10:00:15,-0.1765,-0.1765
2020-12-20 10:00:45,-0.091777,-0.091777
2020-12-20 11:00:15,-0.3787,-0.3787
2020-12-20 11:00:45,,-0.45630966250000005
2020-12-20 12:00:15,-0.81828,-0.81828
2020-12-20 12:00:45,-0.37794,-0.37794
2020-12-20 13:00:15,-0.26273,-0.26273
2020-12-20 13:00:45,-0.14721,-0.14721
2020-12-20 14:00:15,0.27052,0.27052
2020-12-20 14:00:45,0.14532,0.14532
2020-12-20 15:00:15,0.13346,0.13346
2020-12-20 15:00:45,-0.036097,-0.036097
2020-12-20 16:00:15,0.064883,0.064883
2020-12-20 16:00:45,-0.042001,-0.042001
2020-12-20 17:00:15,0.001609,0.001609
2020-12-20 17:00:45,-0.11404,-0.11404
2020-12-20 18:00:15,-0.070293,-0.070293
2020-12-20 18:00:45,-0.10642,-0.10642
2020-12-20 19:00:15,-0.047919,-0.047919
2020-12-20 19:00:45,,-0.08166619250000004
2020-12-20 20:00:15,,-0.10715569250000004
2020-12-20 20:00:45,,-0.10964480250000004
2020-12-20 21:00:15,,-0.10153342000000001
2020-12-20 21:00:45,,-0.06860819000000003
2020-12-20 22:00:15,,-0.08085762500000003
2020-12-20 22:00:45,,-0.06520175250000003
2020-12-20 23:00:15,,-0.08271987250000001
2020-12-20 23:00:45,0.070628,0.070628
2020-12-21 00:00:15,0.13384,0.13384
2020-12-21 00:00:45,0.25526,0.25526
2020-12-21 01:00:15,-0.075845,-0.075845
2020-12-21 01:00:45,-0.04371,-0.04371
2020-12-21 02:00:15,0.091474,0.091474
2020-12-21 02:00:45,0.43903,0.43903
2020-12-21 03:00:15,0.38079,0.38079
2020-12-21 03:00:45,0.31193,0.31193
2020-12-21 04:00:15,0.3193,0.3193
2020-12-21 04:00:45,0.42587,0.42587
2020-12-21 05:00:15,0.33788,0.33788
2020-12-21 05:00:45,0.20169,0.20169
2020-12-21 06:00:15,0.40027,0.40027
2020-12-21 06:00:45,0.44007,0.44007
2020-12-21 07:00:15,0.39705,0.39705
2020-12-21 07:00:45,0.29138,0.29138
2020-12-21 08:00:15,0.82845,0.82845
2020-12-21 08:00:45,0.53411,0.53411
2020-12-21 09:00:15,-0.15816,-0.15816
2020-12-21 09:00:45,-0.1622,-0.1622
2020-12-21 10:00:15,-0.18701,-0.18701
2020-12-21 10:00:45,-0.37755,-0.37755
2020-12-21 11:00:15,0.42337,0.42337
2020-12-21 11:00:45,0.34975,0.34975
2020-12-21 12:00:15,-0.2272,-0.2272
2020-12-21 12:00:45,-0.084692,-0.084692
2020-12-21 13:00:15,-0.020142,-0.020142
2020-12-21 13:00:45,-0.086597,-0.086597
2020-12-21 14:00:15,0.049422,0.049422
2020-12-21 14:00:45,-0.037852,-0.037852
2020-12-21 15:00:15,-0.081788,-0.081788
2020-12-21 15:00:45,-0.16109,-0.16109
2020-12-21 16:00:15,-0.1607,-0.1607
2020-12-21 16:00:45,-0.030347,-0.030347
2020-12-21 17:00:15,-0.016186,-0.016186
2020-12-21 17:00:45,0.23853,0.23853
2020-12-21 18:00:15,0.088724,0.088724
2020-12-21 18:00:45,0.004767,0.004767
2020-12-21 19:00:15,-0.17796,-0.17796
2020-12-21 19:00:45,-0.094814,-0.094814
2020-12-21 20:00:15,-0.11673,-0.11673
2020-12-21 20:00:45,-0.13315,-0.13315
2020-12-21 21:00:15,-0.0861,-0.0861
2020-12-21 21:00:45,0.077645,0.077645
2020-12-21 22:00:15,-0.15983,-0.15983
2020-12-21 22:00:45,-0.052834,-0.052834
2020-12-21 23:00:15,-0.025173,-0.025173
2020-12-21 23:00:45,-0.055253,-0.055253
2020-12-22 00:00:15,-0.068907,-0.068907
2020-12-22 00:00:45,-0.087062,-0.087062
2020-12-22 01:00:15,-0.062693,-0.062693
2020-12-22 01:00:45,0.10163,0.10163
2020-12-22 02:00:15,0.31025,0.31025
2020-12-22 02:00:45,-0.002039,-0.002039
2020-12-22 03:00:15,-0.026495,-0.026495
2020-12-22 03:00:45,0.015255,0.015255
2020-12-22 04:00:15,0.19509,0.19509
2020-12-22 04:00:45,0.29122,0.29122
2020-12-22 05:00:15,,0.330585075
2020-12-22 05:00:45,0.17177,0.17177
2020-12-22 06:00:15,0.34371,0.34371
2020-12-22 06:00:45,0.36382,0.36382
2020-12-22 07:00:15,,0.3786867824999999
2020-12-22 07:00:45,0.044977,0.044977
2020-12-22 08:00:15,-0.2139,-0.2139
2020-12-22 08:00:45,-0.22811,-0.22811
2020-12-22 09:00:15,,-0.27114166
2020-12-22 09:00:45,-0.11931,-0.11931
2020-12-22 10:00:15,0.076515,0.076515
2020-12-22 10:00:45,0.13646,0.13646
2020-12-22 11:00:15,-0.001282,-0.001282
2020-12-22 11:00:45,0.20883,0.20883
2020-12-22 12:00:15,0.33616,0.33616
2020-12-22 12:00:45,0.15101,0.15101
2020-12-22 13:00:15,0.34892,0.34892
2020-12-22 13:00:45,0.32739,0.32739
2020-12-22 14:00:15,0.19406,0.19406
2020-12-22 14:00:45,0.22902,0.22902
2020-12-22 15:00:15,0.15366,0.15366
2020-12-22 15:00:45,0.1334,0.1334
2020-12-22 16:00:15,0.18793,0.18793
2020-12-22 16:00:45,0.21501,0.21501
2020-12-22 17:00:15,0.11619,0.11619
2020-12-22 17:00:45,0.050658,0.050658
2020-12-22 18:00:15,-0.028745,-0.028745
2020-12-22 18:00:45,-0.047573,-0.047573
2020-12-22 19:00:15,-0.11119,-0.11119
2020-12-22 19:00:45,-0.14312,-0.14312
2020-12-22 20:00:15,,-0.04241723499999999
2020-12-22 20:00:45,-0.022389,-0.022389
2020-12-22 21:00:15,-0.065412,-0.065412
2020-12-22 21:00:45,-0.15062,-0.15062
2020-12-22 22:00:15,-0.16208,-0.16208
2020-12-22 22:00:45,-0.19553,-0.19553
2020-12-22 23:00:15,,-0.04571072
2020-12-22 23:00:45,,-0.127841315
2020-12-23 00:00:15,-0.15678,-0.15678
2020-12-23 00:00:45,-0.18641,-0.18641
2020-12-23 01:00:15,-0.13374,-0.13374
2020-12-23 01:00:45,,-0.03989674
2020-12-23 02:00:15,-0.10698,-0.10698
2020-12-23 02:00:45,-0.13452,-0.13452
2020-12-23 03:00:15,-0.11971,-0.11971
2020-12-23 03:00:45,-0.15201,-0.15201
2020-12-23 04:00:15,,-0.06441693
2020-12-23 04:00:45,-0.16517,-0.16517
2020-12-23 05:00:15,,-0.11835068750000008
2020-12-23 05:00:45,0.26645,0.26645
2020-12-23 06:00:15,0.30993,0.30993
2020-12-23 06:00:45,0.33663,0.33663
2020-12-23 07:00:15,0.3581,0.3581
2020-12-23 07:00:45,0.25141,0.25141
2020-12-23 08:00:15,0.69978,0.69978
2020-12-23 08:00:45,0.66888,0.66888
2020-12-23 09:00:15,1.1516,1.1516
2020-12-23 09:00:45,-0.30865,-0.30865
2020-12-23 10:00:15,-0.056518,-0.056518
2020-12-23 10:00:45,0.53835,0.53835
2020-12-23 11:00:15,0.81614,0.81614
2020-12-23 11:00:45,1.3605,1.3605
2020-12-23 12:00:15,1.872,1.872
2020-12-23 12:00:45,,1.6670509375000009
2020-12-23 13:00:15,,1.728877550000001
2020-12-23 13:00:45,,1.6340304550000004
2020-12-23 14:00:15,,1.7598292750000009
2020-12-23 14:00:45,2.0712,2.0712
2020-12-23 15:00:15,1.5654,1.5654
2020-12-23 15:00:45,1.0887,1.0887
2020-12-23 16:00:15,0.89948,0.89948
2020-12-23 16:00:45,0.20678,0.20678
2020-12-23 17:00:15,0.039549,0.039549
2020-12-23 17:00:45,0.19588,0.19588
2020-12-23 18:00:15,0.20349,0.20349
2020-12-23 18:00:45,0.13944,0.13944
2020-12-23 19:00:15,0.095442,0.095442
2020-12-23 19:00:45,0.061151,0.061151
2020-12-23 20:00:15,-0.005821,-0.005821
2020-12-23 20:00:45,0.048576,0.048576
2020-12-23 21:00:15,0.15548,0.15548
2020-12-23 21:00:45,0.11481,0.11481
2020-12-23 22:00:15,0.11948,0.11948
2020-12-23 22:00:45,0.42184,0.42184
2020-12-23 23:00:15,0.31168,0.31168
2020-12-23 23:00:45,0.47195,0.47195
2020-12-24 00:00:15,0.40687,0.40687
2020-12-24 00:00:45,0.47456,0.47456
2020-12-24 01:00:15,0.4937,0.4937
2020-12-24 01:00:45,0.3827,0.3827
2020-12-24 02:00:15,0.27329,0.27329
2020-12-24 02:00:45,0.49478,0.49478
2020-12-24 03:00:15,0.39694,0.39694
2020-12-24 03:00:45,0.54112,0.54112
2020-12-24 04:00:15,0.48963,0.48963
2020-12-24 04:00:45,0.48692,0.48692
2020-12-24 05:00:15,0.46995,0.46995
2020-12-24 05:00:45,0.446,0.446
2020-12-24 06:00:15,0.62998,0.62998
2020-12-24 06:00:45,0.38483,0.38483
2020-12-24 07:00:15,0.47218,0.47218
2020-12-24 07:00:45,0.32109,0.32109
2020-12-24 08:00:15,0.55852,0.55852
2020-12-24 08:00:45,1.4003,1.4003
2020-12-24 09:00:15,1.9388,1.9388
2020-12-24 09:00:45,1.0167,1.0167
2020-12-24 10:00:15,1.353,1.353
2020-12-24 10:00:45,1.0056,1.0056
2020-12-24 11:00:15,0.96812,0.96812
2020-12-24 11:00:45,1.0529,1.0529
2020-12-24 12:00:15,-0.016441,-0.016441
2020-12-24 12:00:45,-0.19195,-0.19195
2020-12-24 13:00:15,-0.46394,-0.46394
2020-12-24 13:00:45,-0.22607,-0.22607
2020-12-24 14:00:15,-0.31541,-0.31541
2020-12-24 14:00:45,-0.19446,-0.19446
2020-12-24 15:00:15,-0.22708,-0.22708
2020-12-24 15:00:45,-0.30806,-0.30806
2020-12-24 16:00:15,-0.14716,-0.14716
2020-12-24 16:00:45,-0.2168,-0.2168
2020-12-24 17:00:15,0.25273,0.25273
2020-12-24 17:00:45,0.32168,0.32168
2020-12-24 18:00:15,0.38089,0.38089
2020-12-24 18:00:45,0.22761,0.22761
2020-12-24 19:00:15,0.1586,0.1586
2020-12-24 19:00:45,0.45077,0.45077
2020-12-24 20:00:15,0.35872,0.35872
2020-12-24 20:00:45,0.43983,0.43983
2020-12-24 21:00:15,0.51844,0.51844
2020-12-24 21:00:45,0.29162,0.29162
2020-12-24 22:00:15,0.24433,0.24433
2020-12-24 22:00:45,0.36504,0.36504
2020-12-24 23:00:15,0.34555,0.34555
2020-12-24 23:00:45,0.35421,0.35421
2020-12-25 00:00:15,0.43863,0.43863
2020-12-25 00:00:45,0.46053,0.46053
2020-12-25 01:00:15,0.4529,0.4529
2020-12-25 01:00:45,,0.3710291574999999
2020-12-25 02:00:15,,0.35688603749999975
2020-12-25 02:00:45,0.37053,0.37053
2020-12-25 03:00:15,0.19082,0.19082
2020-12-25 03:00:45,0.54878,0.54878
2020-12-25 04:00:15,0.43646,0.43646
2020-12-25 04:00:45,0.53876,0.53876
2020-12-25 05:00:15,,0.45375986499999993
2020-12-25 05:00:45,0.40494,0.40494
2020-12-25 06:00:15,0.2714,0.2714
2020-12-25 06:00:45,0.24066,0.24066
2020-12-25 07:00:15,0.21769,0.21769
2020-12-25 07:00:45,0.33486,0.33486
2020-12-25 08:00:15,0.89571,0.89571
2020-12-25 08:00:45,,0.6019440974999999
2020-12-25 09:00:15,0.019915,0.019915
2020-12-25 09:00:45,0.71863,0.71863
2020-12-25 10:00:15,2.0609,2.0609
2020-12-25 10:00:45,1.6351,1.6351
2020-12-25 11:00:15,1.2178,1.2178
2020-12-25 11:00:45,0.19299,0.19299
2020-12-25 12:00:15,-0.32896,-0.32896
2020-12-25 12:00:45,-0.46109,-0.46109
2020-12-25 13:00:15,-0.15244,-0.15244
2020-12-25 13:00:45,0.091572,0.091572
2020-12-25 14:00:15,-0.34244,-0.34244
2020-12-25 14:00:45,-0.38502,-0.38502
2020-12-25 15:00:15,-0.18358,-0.18358
2020-12-25 15:00:45,0.31933,0.31933
2020-12-25 16:00:15,0.23472,0.23472
2020-12-25 16:00:45,0.034024,0.034024
2020-12-25 17:00:15,,0.024712375000000005
2020-12-25 17:00:45,0.008,0.008
2020-12-25 18:00:15,0.2019,0.2019
2020-12-25 18:00:45,0.000767,0.000767
2020-12-25 19:00:15,0.034244,0.034244
2020-12-25 19:00:45,,0.004761022500000003
2020-12-25 20:00:15,-0.024797,-0.024797
2020-12-25 20:00:45,,0.012403270000000004
2020-12-25 21:00:15,,0.2507190825
2020-12-25 21:00:45,0.22949,0.22949
2020-12-25 22:00:15,0.31779,0.31779
2020-12-25 22:00:45,,0.35339115249999997
2020-12-25 23:00:15,0.35529,0.35529
2020-12-25 23:00:45,0.36552,0.36552
2020-12-26 00:00:15,0.45124,0.45124
2020-12-26 00:00:45,0.58439,0.58439
2020-12-26 01:00:15,0.40064,0.40064
2020-12-26 01:00:45,0.36742,0.36742
2020-12-26 02:00:15,0.39429,0.39429
2020-12-26 02:00:45,0.3765,0.3765
2020-12-26 03:00:15,0.26778,0.26778
2020-12-26 03:00:45,0.10495,0.10495
2020-12-26 04:00:15,,0.30400686750000006
2020-12-26 04:00:45,0.40271,0.40271
2020-12-26 05:00:15,0.13715,0.13715
2020-12-26 05:00:45,0.22888,0.22888
2020-12-26 06:00:15,0.54253,0.54253
2020-12-26 06:00:45,0.54627,0.54627
2020-12-26 07:00:15,0.58481,0.58481
2020-12-26 07:00:45,0.14052,0.14052
2020-12-26 08:00:15,-0.64667,-0.64667
2020-12-26 08:00:45,-1.5149,-1.5149
2020-12-26 09:00:15,-0.24547,-0.24547
2020-12-26 09:00:45,0.34762,0.34762
2020-12-26 10:00:15,0.48246,0.48246
2020-12-26 10:00:45,-0.52788,-0.52788
2020-12-26 11:00:15,-0.031574,-0.031574
2020-12-26 11:00:45,-0.29206,-0.29206
2020-12-26 12:00:15,0.44856,0.44856
2020-12-26 12:00:45,0.33114,0.33114
2020-12-26 13:00:15,0.19794,0.19794
2020-12-26 13:00:45,-0.28659,-0.28659
2020-12-26 14:00:15,-0.023873,-0.023873
2020-12-26 14:00:45,0.15758,0.15758
2020-12-26 15:00:15,-0.21448,-0.21448
2020-12-26 15:00:45,-0.23668,-0.23668
2020-12-26 16:00:15,-1.0446,-1.0446
2020-12-26 16:00:45,-0.058447,-0.058447
2020-12-26 17:00:15,-0.046417,-0.046417
2020-12-26 17:00:45,0.18339,0.18339
2020-12-26 18:00:15,-0.099121,-0.099121
2020-12-26 18:00:45,-0.12115,-0.12115
2020-12-26 19:00:15,-0.15205,-0.15205
2020-12-26 19:00:45,,-0.12666950999999993
2020-12-26 20:00:15,-0.18484,-0.18484
2020-12-26 20:00:45,-0.097014,-0.097014
2020-12-26 21:00:15,-0.14962,-0.14962
2020-12-26 21:00:45,-0.1716,-0.1716
2020-12-26 22:00:15,-0.059174,-0.059174
2020-12-26 22:00:45,-0.11312,-0.11312
2020-12-26 23:00:15,,-0.12041006750000004
2020-12-26 23:00:45,,-0.12142585499999997
2020-12-27 00:00:15,,-0.13055816499999995
2020-12-27 00:00:45,,-0.13226376999999992
2020-12-27 01:00:15,-0.13339,-0.13339
2020-12-27 01:00:45,,-0.0847987
2020-12-27 02:00:15,-0.1046,-0.1046
2020-12-27 02:00:45,0.31382,0.31382
2020-12-27 03:00:15,0.19614,0.19614
2020-12-27 03:00:45,,-0.05857443750000001
2020-12-27 04:00:15,,-0.06845725500000002
2020-12-27 04:00:45,,-0.01685556249999999
2020-12-27 05:00:15,0.23978,0.23978
2020-12-27 05:00:45,-0.090976,-0.090976
2020-12-27 06:00:15,-0.11047,-0.11047
2020-12-27 06:00:45,-0.036646,-0.036646
2020-12-27 07:00:15,-0.14799,-0.14799
2020-12-27 07:00:45,-0.040841,-0.040841
2020-12-27 08:00:15,,-0.08438254749999999
2020-12-27 08:00:45,0.054558,0.054558
2020-12-27 09:00:15,-0.018685,-0.018685
2020-12-27 09:00:45,0.26737,0.26737
2020-12-27 10:00:15,-0.016987,-0.016987
2020-12-27 10:00:45,-0.13526,-0.13526
2020-12-27 11:00:15,-0.0426,-0.0426
2020-12-27 11:00:45,0.22482,0.22482
2020-12-27 12:00:15,-0.18368,-0.18368
2020-12-27 12:00:45,0.14886,0.14886
2020-12-27 13:00:15,-0.006969,-0.006969
2020-12-27 13:00:45,-0.1002,-0.1002
2020-12-27 14:00:15,-0.050882,-0.050882
2020-12-27 14:00:45,0.23545,0.23545
2020-12-27 15:00:15,-0.067554,-0.067554
2020-12-27 15:00:45,-0.017685,-0.017685
2020-12-27 16:00:15,-0.034972,-0.034972
2020-12-27 16:00:45,-0.001531,-0.001531
2020-12-27 17:00:15,-0.03721,-0.03721
2020-12-27 17:00:45,-0.094353,-0.094353
2020-12-27 18:00:15,-0.1165,-0.1165
2020-12-27 18:00:45,-0.1904,-0.1904
2020-12-27 19:00:15,-0.047354,-0.047354
2020-12-27 19:00:45,0.093585,0.093585
2020-12-27 20:00:15,-0.12612,-0.12612
2020-12-27 20:00:45,,-0.07400547750000003
2020-12-27 21:00:15,-0.030268,-0.030268
2020-12-27 21:00:45,-0.069979,-0.069979
2020-12-27 22:00:15,,-0.017440207499999996
2020-12-27 22:00:45,0.016279,0.016279
2020-12-27 23:00:15,-0.14566,-0.14566
2020-12-27 23:00:45,0.009546,0.009546
2020-12-28 00:00:15,-0.13574,-0.13574
2020-12-28 00:00:45,-0.047227,-0.047227
2020-12-28 01:00:15,0.005618,0.005618
2020-12-28 01:00:45,-0.003582,-0.003582
2020-12-28 02:00:15,-0.031653,-0.031653
2020-12-28 02:00:45,-0.050329,-0.050329
2020-12-28 03:00:15,-0.094492,-0.094492
2020-12-28 03:00:45,-0.047261,-0.047261
2020-12-28 04:00:15,-0.025506,-0.025506
2020-12-28 04:00:45,-0.094687,-0.094687
2020-12-28 05:00:15,-0.10945,-0.10945
2020-12-28 05:00:45,,-0.027947042499999998
2020-12-28 06:00:15,-0.071312,-0.071312
2020-12-28 06:00:45,0.34353,0.34353
2020-12-28 07:00:15,-0.053229,-0.053229
2020-12-28 07:00:45,0.24237,0.24237
2020-12-28 08:00:15,-0.21611,-0.21611
2020-12-28 08:00:45,0.013402,0.013402
2020-12-28 09:00:15,0.35469,0.35469
2020-12-28 09:00:45,0.37618,0.37618
2020-12-28 10:00:15,1.1451,1.1451
2020-12-28 10:00:45,0.006746,0.006746
2020-12-28 11:00:15,0.34691,0.34691
2020-12-28 11:00:45,0.78879,0.78879
2020-12-28 12:00:15,1.0001,1.0001
2020-12-28 12:00:45,0.79081,0.79081
2020-12-28 13:00:15,1.0639,1.0639
2020-12-28 13:00:45,0.73974,0.73974
2020-12-28 14:00:15,1.014,1.014
2020-12-28 14:00:45,0.61921,0.61921
2020-12-28 15:00:15,0.32745,0.32745
2020-12-28 15:00:45,0.85077,0.85077
2020-12-28 16:00:15,0.6716,0.6716
2020-12-28 16:00:45,0.53235,0.53235
2020-12-28 17:00:15,0.56751,0.56751
2020-12-28 17:00:45,0.27509,0.27509
2020-12-28 18:00:15,0.31881,0.31881
2020-12-28 18:00:45,0.032504,0.032504
2020-12-28 19:00:15,,0.0656020825
2020-12-28 19:00:45,-0.11858,-0.11858
2020-12-28 20:00:15,-0.034502,-0.034502
2020-12-28 20:00:45,-0.13505,-0.13505
2020-12-28 21:00:15,-0.024446,-0.024446
2020-12-28 21:00:45,0.087964,0.087964
2020-12-28 22:00:15,0.19247,0.19247
2020-12-28 22:00:45,0.1683,0.1683
2020-12-28 23:00:15,0.29512,0.29512
2020-12-28 23:00:45,0.24629,0.24629
2020-12-29 00:00:15,0.11736,0.11736
2020-12-29 00:00:45,0.065176,0.065176
2020-12-29 01:00:15,0.25084,0.25084
2020-12-29 01:00:45,0.10969,0.10969
2020-12-29 02:00:15,-0.040056,-0.040056
2020-12-29 02:00:45,-0.035492,-0.035492
2020-12-29 03:00:15,,-0.04857852750000001
2020-12-29 03:00:45,-0.040206,-0.040206
2020-12-29 04:00:15,-0.13246,-0.13246
2020-12-29 04:00:45,,-0.1051068325
2020-12-29 05:00:15,-0.19047,-0.19047
2020-12-29 05:00:45,-0.002232,-0.002232
2020-12-29 06:00:15,,0.3298798525000001
2020-12-29 06:00:45,0.32076,0.32076
2020-12-29 07:00:15,0.065155,0.065155
2020-12-29 07:00:45,-0.2139,-0.2139
2020-12-29 08:00:15,-0.12452,-0.12452
2020-12-29 08:00:45,-0.16426,-0.16426
2020-12-29 09:00:15,-0.26411,-0.26411
2020-12-29 09:00:45,-0.048265,-0.048265
2020-12-29 10:00:15,0.50639,0.50639
2020-12-29 10:00:45,-0.072616,-0.072616
2020-12-29 11:00:15,0.39666,0.39666
2020-12-29 11:00:45,0.58298,0.58298
2020-12-29 12:00:15,0.93717,0.93717
2020-12-29 12:00:45,0.83809,0.83809
2020-12-29 13:00:15,0.87653,0.87653
2020-12-29 13:00:45,0.45022,0.45022
2020-12-29 14:00:15,0.22213,0.22213
2020-12-29 14:00:45,-0.51341,-0.51341
2020-12-29 15:00:15,-0.1592,-0.1592
2020-12-29 15:00:45,-0.10553,-0.10553
2020-12-29 16:00:15,-0.063987,-0.063987
2020-12-29 16:00:45,-0.14007,-0.14007
2020-12-29 17:00:15,-0.046086,-0.046086
2020-12-29 17:00:45,-0.1471,-0.1471
2020-12-29 18:00:15,,-0.06503094749999999
2020-12-29 18:00:45,,-0.10835136000000006
2020-12-29 19:00:15,-0.18841,-0.18841
2020-12-29 19:00:45,0.32693,0.32693
2020-12-29 20:00:15,0.30791,0.30791
2020-12-29 20:00:45,0.29523,0.29523
2020-12-29 21:00:15,0.33762,0.33762
2020-12-29 21:00:45,0.26095,0.26095
2020-12-29 22:00:15,0.27884,0.27884
2020-12-29 22:00:45,0.2808,0.2808
2020-12-29 23:00:15,0.27548,0.27548
2020-12-29 23:00:45,0.38332,0.38332
2020-12-30 00:00:15,0.61398,0.61398
2020-12-30 00:00:45,0.43224,0.43224
2020-12-30 01:00:15,0.35713,0.35713
2020-12-30 01:00:45,0.16387,0.16387
2020-12-30 02:00:15,0.19994,0.19994
2020-12-30 02:00:45,0.18579,0.18579
2020-12-30 03:00:15,0.33116,0.33116
2020-12-30 03:00:45,0.34793,0.34793
2020-12-30 04:00:15,0.34492,0.34492
2020-12-30 04:00:45,0.35958,0.35958
2020-12-30 05:00:15,0.39309,0.39309
2020-12-30 05:00:45,0.41253,0.41253
2020-12-30 06:00:15,0.39269,0.39269
2020-12-30 06:00:45,0.50419,0.50419
2020-12-30 07:00:15,0.4903,0.4903
2020-12-30 07:00:45,0.42993,0.42993
2020-12-30 08:00:15,,0.5058733725
2020-12-30 08:00:45,0.71111,0.71111
2020-12-30 09:00:15,0.67835,0.67835
2020-12-30 09:00:45,1.3918,1.3918
2020-12-30 10:00:15,,1.1471454500000002
2020-12-30 10:00:45,0.14398,0.14398
2020-12-30 11:00:15,-0.099309,-0.099309
2020-12-30 11:00:45,0.27311,0.27311
2020-12-30 12:00:15,0.16077,0.16077
2020-12-30 12:00:45,0.12826,0.12826
2020-12-30 13:00:15,0.15822,0.15822
2020-12-30 13:00:45,0.56955,0.56955
2020-12-30 14:00:15,-0.29206,-0.29206
2020-12-30 14:00:45,-0.026608,-0.026608
2020-12-30 15:00:15,-0.24473,-0.24473
2020-12-30 15:00:45,0.023276,0.023276
2020-12-30 16:00:15,-0.18219,-0.18219
2020-12-30 16:00:45,-0.32949,-0.32949
2020-12-30 17:00:15,0.006045,0.006045
2020-12-30 17:00:45,,0.004717720000000001
2020-12-30 18:00:15,-0.004833,-0.004833
2020-12-30 18:00:45,-0.013025,-0.013025
2020-12-30 19:00:15,0.28033,0.28033
2020-12-30 19:00:45,0.34884,0.34884
2020-12-30 20:00:15,0.14917,0.14917
2020-12-30 20:00:45,0.40117,0.40117
2020-12-30 21:00:15,0.27324,0.27324
2020-12-30 21:00:45,0.29334,0.29334
2020-12-30 22:00:15,0.47766,0.47766
2020-12-30 22:00:45,0.25069,0.25069
2020-12-30 23:00:15,0.54884,0.54884
2020-12-30 23:00:45,0.44327,0.44327
2020-12-31 00:00:15,0.69612,0.69612
2020-12-31 00:00:45,0.67055,0.67055
2020-12-31 01:00:15,0.44982,0.44982
2020-12-31 01:00:45,0.21968,0.21968
2020-12-31 02:00:15,0.43773,0.43773
2020-12-31 02:00:45,0.41047,0.41047
2020-12-31 03:00:15,0.3637,0.3637
2020-12-31 03:00:45,0.41951,0.41951
2020-12-31 04:00:15,0.38359,0.38359
2020-12-31 04:00:45,0.50227,0.50227
2020-12-31 05:00:15,0.39829,0.39829
2020-12-31 05:00:45,,0.41488993500000004
2020-12-31 06:00:15,0.46461,0.46461
2020-12-31 06:00:45,-0.013493,-0.013493
2020-12-31 07:00:15,0.34229,0.34229
2020-12-31 07:00:45,0.75024,0.75024
2020-12-31 08:00:15,0.19531,0.19531
2020-12-31 08:00:45,-0.20399,-0.20399
2020-12-31 09:00:15,-0.20615,-0.20615
2020-12-31 09:00:45,0.79151,0.79151
2020-12-31 10:00:15,0.064685,0.064685
2020-12-31 10:00:45,-0.32437,-0.32437
2020-12-31 11:00:15,1.2626,1.2626
2020-12-31 11:00:45,,1.2054869675000002
2020-12-31 12:00:15,0.43991,0.43991
2020-12-31 12:00:45,-0.049575,-0.049575
2020-12-31 13:00:15,0.44323,0.44323
2020-12-31 13:00:45,0.23413,0.23413
2020-12-31 14:00:15,-0.01483,-0.01483
2020-12-31 14:00:45,0.077865,0.077865
2020-12-31 15:00:15,-0.059029,-0.059029
2020-12-31 15:00:45,-0.090896,-0.090896
2020-12-31 16:00:15,-0.11758,-0.11758
2020-12-31 16:00:45,-0.083274,-0.083274
2020-12-31 17:00:15,-0.029112,-0.029112
2020-12-31 17:00:45,0.024065,0.024065
2020-12-31 18:00:15,-0.018478,-0.018478
2020-12-31 18:00:45,,0.052330647499999994
2020-12-31 19:00:15,0.24417,0.24417
2020-12-31 19:00:45,0.42168,0.42168
2020-12-31 20:00:15,0.29539,0.29539
2020-12-31 20:00:45,0.35652,0.35652
2020-12-31 21:00:15,0.40795,0.40795
2020-12-31 21:00:45,0.35715,0.35715
2020-12-31 22:00:15,0.25915,0.25915
2020-12-31 22:00:45,0.25568,0.25568
2020-12-31 23:00:15,0.2628,0.2628
2020-12-31 23:00:45,,0.34343018999999997
